# weather for site maca example at -105.58 / 39.59 year =  1980
# DOY, Tmax_C, Tmin_C, PPT_cm, uas_mPERs, vas_mPERs, hursmax_pct, hursmin_pct, rsds_WPERm2
1	-0.01	-11.99	0.00	3.31	-0.85	83.82	33.27	107.19
2	1.27	-10.98	0.00	4.20	0.16	87.07	33.74	103.02
3	1.92	-8.39	0.00	4.43	-0.39	92.60	44.30	98.53
4	-0.30	-12.19	0.00	3.55	-1.13	99.95	47.18	104.83
5	2.59	-9.32	0.05	5.20	0.67	88.96	38.51	94.22
6	2.36	-5.47	0.17	4.33	1.44	91.39	53.32	84.92
7	1.31	-12.42	0.04	2.48	-2.06	95.81	50.51	101.75
8	-1.29	-15.72	0.00	4.68	-1.43	73.09	46.72	100.37
9	-2.03	-12.36	0.00	5.14	-1.80	71.72	34.23	100.46
10	-7.37	-17.86	0.00	3.19	-3.01	56.63	37.96	101.56
11	-2.26	-13.70	0.00	4.01	-2.66	87.06	32.75	98.21
12	1.45	-8.76	0.04	3.86	-2.18	94.92	42.37	97.27
13	-0.45	-11.69	0.00	2.20	1.27	71.93	51.41	88.14
14	-1.86	-12.80	0.08	1.74	-2.15	78.19	48.84	99.31
15	-4.31	-17.34	0.00	2.82	-0.40	80.55	32.28	110.65
16	-3.82	-14.63	0.00	3.86	0.28	68.77	30.43	113.33
17	-4.41	-13.59	0.00	3.84	0.27	71.64	24.64	114.64
18	-4.50	-15.44	0.29	1.91	-1.95	99.88	36.41	112.11
19	-5.80	-16.78	0.00	3.72	-1.73	94.95	33.64	114.54
20	-2.88	-14.31	0.04	3.80	-2.31	71.88	37.54	118.84
21	-3.49	-14.30	0.00	2.86	-3.47	55.24	13.55	128.65
22	3.97	-13.27	0.00	4.47	-1.21	51.60	11.65	130.84
23	5.25	-8.02	0.00	4.77	-0.21	50.84	10.07	123.71
24	5.25	-7.08	0.00	4.30	-0.61	62.34	28.04	112.36
25	2.88	-5.61	0.00	4.81	-0.06	70.15	43.75	96.92
26	6.18	-3.81	0.29	4.29	1.89	99.07	49.79	99.92
27	4.90	-7.22	0.25	3.99	0.66	94.92	43.74	111.12
28	-1.29	-12.68	0.00	3.91	-0.54	99.94	38.58	134.32
29	-2.04	-10.49	0.03	5.41	0.25	60.06	26.82	106.29
30	-3.91	-14.06	0.00	4.54	0.59	43.69	22.55	110.88
31	-2.46	-10.47	0.33	4.68	3.05	58.61	36.49	118.97
32	-2.62	-23.24	0.68	2.88	-2.45	100.00	40.54	143.27
33	-11.72	-29.23	0.00	4.43	-0.86	99.97	36.37	151.17
34	-11.07	-17.25	0.37	2.03	0.38	99.65	46.57	115.73
35	-11.53	-22.21	0.10	2.64	-2.40	93.27	52.70	131.28
36	-13.15	-23.32	0.00	2.47	-4.48	96.67	46.23	130.91
37	-9.55	-19.67	0.00	3.05	-2.56	75.23	44.16	135.24
38	-3.85	-20.32	0.00	2.81	-0.25	88.25	29.08	157.53
39	-6.22	-17.65	0.03	1.51	-0.45	75.62	48.17	116.59
40	-8.05	-16.28	0.00	1.81	0.33	89.77	41.52	135.56
41	-6.60	-17.63	0.00	2.52	-1.15	99.96	47.30	140.08
42	-3.13	-16.05	0.00	3.27	-1.47	84.17	43.49	146.14
43	0.76	-16.86	0.00	3.81	-1.37	75.50	33.91	158.94
44	2.59	-9.04	0.00	5.89	-2.59	82.05	35.03	153.32
45	2.25	-9.35	0.00	5.63	-3.66	65.35	33.35	147.54
46	2.78	-8.99	0.17	7.78	-1.58	59.51	29.14	154.36
47	1.04	-9.79	0.00	8.10	-2.28	48.27	23.34	147.47
48	8.07	-6.99	0.10	10.05	-0.14	48.75	22.84	169.41
49	5.85	-6.87	0.00	9.81	0.50	50.55	23.94	164.50
50	5.74	-4.76	0.00	9.48	1.56	50.58	25.19	154.78
51	4.82	-3.81	0.63	10.06	0.36	57.11	24.43	178.37
52	7.51	-4.73	0.00	7.64	2.38	49.94	24.60	168.90
53	8.68	-1.79	0.00	7.19	5.75	46.51	22.26	167.14
54	8.41	-9.35	0.15	7.49	-1.00	26.91	14.34	161.69
55	-0.12	-12.41	0.25	9.27	-0.28	43.16	18.88	165.76
56	-2.23	-15.39	0.00	4.50	-4.24	44.79	20.82	173.74
57	-3.58	-20.16	0.00	3.83	-1.24	44.38	21.69	182.45
58	4.74	-9.91	0.10	4.71	-0.81	53.52	22.37	170.36
59	9.52	-5.62	0.00	6.42	-1.04	60.10	20.80	178.84
60	8.48	-6.21	0.00	5.58	-0.49	63.97	17.88	177.17
61	7.43	-6.81	0.00	4.75	0.07	67.84	14.96	175.51
62	7.62	-7.71	0.00	2.28	-0.41	65.15	24.34	192.41
63	9.59	-8.10	0.00	2.98	1.50	56.65	24.18	203.34
64	9.92	-5.46	0.00	4.07	1.32	61.91	20.73	198.57
65	10.06	-3.88	0.03	4.62	1.03	67.65	22.95	170.20
66	9.57	-2.67	0.00	3.20	0.54	99.08	27.12	192.33
67	10.14	-5.28	0.00	2.84	4.40	99.97	21.35	199.85
68	9.48	-6.87	0.00	5.18	1.40	51.56	21.11	199.73
69	4.57	-10.47	0.00	3.41	1.40	50.78	19.70	212.08
70	5.22	-9.16	0.06	3.58	-0.11	62.54	24.76	198.11
71	7.39	-8.48	0.03	2.99	4.11	56.46	27.86	167.23
72	6.48	-3.21	0.16	4.07	2.39	55.45	29.73	165.11
73	3.12	-9.67	0.06	-0.63	-0.55	58.45	28.90	175.34
74	3.92	-6.35	0.11	2.49	2.04	85.63	35.62	162.68
75	6.94	-7.89	0.13	3.61	0.33	59.56	26.78	203.53
76	7.35	-5.13	0.06	4.40	1.21	57.92	23.27	167.30
77	5.98	-8.28	0.04	2.38	-0.82	61.29	30.03	193.87
78	1.13	-9.60	1.06	-2.00	-3.47	67.48	33.88	174.78
79	-0.92	-11.74	0.30	2.16	-4.93	71.89	34.30	194.58
80	2.36	-10.42	0.00	4.93	-4.23	57.62	28.11	209.74
81	2.44	-9.07	0.00	4.61	-5.36	44.03	23.28	187.04
82	0.96	-10.67	0.05	3.76	-6.25	46.55	25.42	173.95
83	0.87	-6.18	0.00	2.80	-6.42	67.41	33.55	180.27
84	7.67	-5.31	0.00	2.45	-6.05	65.81	26.63	206.31
85	10.43	-7.58	0.00	3.58	-2.47	56.89	17.48	229.14
86	10.99	-6.15	0.00	3.00	-2.60	51.15	14.40	201.77
87	7.31	-9.39	0.00	1.35	-0.07	47.07	23.82	211.64
88	10.00	-7.26	0.00	2.97	-2.37	50.80	17.49	229.08
89	11.87	-8.34	0.00	3.80	-1.68	34.97	11.90	232.16
90	15.72	-4.49	0.00	4.62	-1.18	36.07	9.78	230.35
91	14.84	0.13	0.00	4.75	-0.58	47.73	14.57	217.67
92	11.92	0.12	0.06	3.88	1.93	70.53	22.95	229.55
93	9.46	-8.27	0.00	3.96	-0.35	51.91	18.66	230.83
94	7.31	-2.76	0.00	-0.75	1.57	57.73	17.58	171.16
95	2.61	-4.19	0.09	-0.68	-3.81	96.20	47.36	172.95
96	5.89	-8.29	0.06	3.28	0.50	83.58	35.84	216.06
97	6.59	-3.89	0.00	3.96	2.03	67.42	34.88	178.43
98	5.25	-6.96	0.00	3.60	0.24	60.27	30.46	217.21
99	3.75	-9.55	0.00	2.08	-2.39	63.89	28.45	212.61
100	2.20	-9.97	0.11	2.41	-0.07	57.22	29.54	207.41
101	4.93	-12.22	0.03	2.73	-2.73	54.11	17.53	241.60
102	12.76	-7.10	0.00	3.94	1.99	31.45	14.46	233.00
103	12.77	2.66	0.00	5.72	4.04	38.16	12.33	191.67
104	6.37	-2.56	0.53	4.41	-1.21	64.63	33.17	199.06
105	5.24	-3.39	0.86	-4.18	2.20	99.97	44.78	113.21
106	-0.03	-8.04	1.19	-3.90	0.86	79.25	61.79	143.25
107	1.18	-12.90	0.24	-0.53	-3.43	93.69	41.35	247.94
108	1.44	-7.06	0.04	2.05	-3.11	84.52	42.26	217.92
109	2.82	-5.99	0.00	2.44	-3.06	98.89	42.97	216.47
110	11.87	-5.29	0.00	4.67	-1.38	96.70	25.80	258.27
111	12.48	-0.71	0.20	6.19	0.00	52.74	21.77	248.47
112	11.66	-1.69	0.00	5.32	0.87	54.59	20.18	225.29
113	10.68	0.69	0.00	6.53	3.01	40.86	20.16	248.25
114	9.99	-4.63	0.00	4.86	1.71	53.65	20.29	222.17
115	3.53	-7.79	0.35	3.84	-3.10	71.14	26.96	244.71
116	5.89	-11.60	0.00	2.28	1.43	58.43	23.47	240.95
117	7.28	0.30	0.00	3.62	1.10	59.27	29.57	230.00
118	8.62	-7.46	0.00	3.12	-2.49	67.76	25.90	277.74
119	12.04	-1.58	0.04	2.41	4.74	40.06	24.67	207.54
120	11.78	0.86	0.00	4.67	1.65	70.42	26.82	225.43
121	10.02	-4.20	0.00	4.07	-0.17	63.08	26.63	239.21
122	10.41	-5.36	0.00	3.63	1.90	53.58	23.60	270.55
123	11.01	-4.05	0.00	3.45	-1.37	44.76	21.55	294.79
124	14.12	-1.29	0.06	-0.93	2.93	39.87	18.94	256.98
125	13.92	1.50	0.00	2.53	-0.29	48.16	20.77	206.56
126	6.96	-2.40	0.90	-1.36	1.75	71.83	36.54	202.81
127	6.18	-1.60	1.09	2.62	-1.59	63.64	39.81	231.55
128	2.42	-7.54	0.13	3.12	-3.19	99.97	29.86	248.95
129	8.31	-4.07	0.00	4.71	-0.39	48.14	27.78	238.26
130	11.59	-1.47	0.00	5.07	0.55	57.59	24.81	266.50
131	11.22	-1.16	0.06	1.26	-0.59	50.53	25.91	240.28
132	8.98	1.81	0.50	-2.48	3.09	60.43	28.09	200.77
133	10.72	-1.81	0.32	3.12	1.66	54.90	26.28	292.55
134	10.98	-1.62	0.11	-2.01	-4.19	62.71	26.74	255.87
135	5.19	-4.44	0.83	-4.71	-0.41	76.75	33.35	221.26
136	-0.24	-7.45	1.10	-5.54	1.90	61.54	46.22	183.91
137	3.49	-4.55	0.42	-0.42	5.80	87.00	45.90	200.66
138	12.26	-1.49	0.00	2.70	3.45	82.01	36.98	274.30
139	12.82	1.88	0.00	3.40	1.84	77.13	35.10	236.68
140	12.93	0.60	0.15	1.93	-1.68	69.41	34.83	275.95
141	11.31	1.21	0.58	-1.47	0.22	83.30	39.40	247.80
142	12.33	0.98	1.32	-1.46	3.27	77.58	43.03	241.73
143	13.80	2.72	0.30	1.72	2.86	85.75	30.98	281.69
144	15.13	1.30	0.48	1.66	2.80	60.95	26.98	289.54
145	14.93	1.86	0.56	1.24	3.54	71.21	32.12	289.86
146	14.90	1.45	0.44	1.67	2.34	87.28	28.96	297.24
147	14.71	2.69	0.26	2.34	0.68	91.37	35.66	296.27
148	15.06	4.52	0.11	1.63	-2.27	80.32	32.79	274.73
149	14.16	3.79	1.27	0.80	-1.12	84.45	37.36	274.76
150	10.48	1.03	0.86	2.85	-1.22	87.65	36.69	275.50
151	17.50	2.38	0.00	3.14	3.13	71.77	23.68	292.94
152	16.20	0.13	0.00	3.84	1.36	50.13	20.91	300.32
153	16.60	1.67	0.00	3.82	2.63	47.36	16.35	297.57
154	16.36	3.64	0.00	5.51	2.00	43.35	16.76	301.60
155	15.14	-0.98	0.00	2.18	-1.84	52.70	20.27	302.33
156	14.60	0.91	0.03	-2.25	-0.15	68.32	23.01	280.84
157	14.77	4.14	0.17	-2.61	3.26	89.31	34.39	262.81
158	20.08	4.20	0.00	2.32	4.23	50.53	19.17	297.52
159	20.17	3.22	0.00	2.29	3.12	41.35	19.26	290.48
160	21.53	5.79	0.00	4.09	4.60	33.51	14.49	302.90
161	21.39	3.60	0.00	3.62	-0.72	37.76	13.34	305.32
162	17.18	2.93	0.21	-2.25	1.78	48.73	17.70	288.03
163	14.15	0.83	2.83	-3.75	-2.53	74.59	32.75	240.87
164	13.75	-0.32	0.00	-0.72	-1.41	94.01	27.45	300.72
165	16.82	-0.26	0.05	2.25	2.74	62.33	20.74	305.96
166	21.31	3.94	0.00	3.21	2.37	40.07	17.50	302.26
167	20.95	4.50	0.00	1.92	1.32	52.19	18.61	288.10
168	20.96	4.27	0.00	2.51	0.97	47.27	16.48	298.06
169	20.70	4.15	0.00	1.84	-2.85	44.04	17.24	298.61
170	20.85	6.52	0.00	0.71	2.23	49.40	19.01	279.59
171	20.04	5.98	0.19	-1.06	1.41	56.45	26.70	278.99
172	20.42	7.57	0.00	0.72	3.27	68.80	25.17	289.00
173	23.63	8.49	0.04	3.33	2.59	46.36	15.45	286.01
174	23.20	7.17	0.00	4.08	2.05	43.16	13.81	286.75
175	23.18	5.62	0.00	4.07	0.74	31.77	13.01	299.18
176	22.75	5.27	0.00	4.01	-0.49	36.78	14.20	303.47
177	21.91	4.24	0.00	2.97	-0.20	50.02	16.97	305.43
178	21.85	7.13	0.00	4.25	4.13	27.25	13.36	303.61
179	21.22	4.95	0.03	3.05	1.84	36.03	14.24	298.84
180	20.55	6.31	0.17	1.28	2.71	50.10	19.91	273.64
181	19.57	5.95	0.11	2.70	2.35	70.70	22.54	279.16
182	20.55	7.11	0.08	3.26	-0.14	59.18	22.05	282.12
183	21.25	6.87	0.00	2.91	-1.31	43.82	16.79	288.43
184	22.50	4.83	0.00	1.61	1.12	43.45	16.70	294.69
185	23.78	4.62	0.04	1.58	0.72	41.29	14.37	291.33
186	25.39	7.57	0.00	2.09	1.74	43.98	15.42	292.71
187	26.02	8.85	0.00	2.66	2.00	35.27	14.83	286.91
188	25.60	8.96	0.12	2.78	0.91	39.13	16.60	277.59
189	25.53	9.42	0.00	2.55	1.71	44.46	16.76	299.76
190	25.30	9.14	0.08	1.96	2.78	38.10	18.23	295.12
191	23.38	8.19	0.10	1.16	3.63	36.72	18.70	286.02
192	22.54	10.08	0.31	3.44	4.82	48.48	20.68	281.61
193	20.00	8.46	1.33	3.56	3.54	74.09	25.76	270.26
194	18.57	8.33	0.72	2.63	0.61	75.44	31.67	271.64
195	19.93	7.37	0.94	2.50	3.12	74.82	28.64	281.95
196	18.03	7.29	1.14	2.38	3.39	84.72	31.82	250.04
197	20.81	7.00	0.81	3.59	0.84	99.91	26.07	280.92
198	21.91	5.81	0.00	5.34	0.79	42.11	14.58	291.94
199	21.29	3.70	0.05	3.44	-1.45	37.95	14.87	291.79
200	20.38	4.42	0.25	0.94	-0.89	48.25	18.92	279.13
201	20.55	6.38	0.72	2.12	-1.01	47.84	21.37	266.10
202	19.97	7.06	0.86	3.46	-0.19	46.50	23.25	252.43
203	18.98	6.53	0.61	3.52	-0.74	55.31	25.50	263.29
204	18.09	6.36	1.18	2.28	-1.22	75.10	39.47	263.61
205	17.18	6.65	1.05	2.24	0.92	79.06	34.53	255.76
206	16.73	5.70	0.66	2.38	3.54	92.04	32.52	255.20
207	15.57	3.17	0.86	1.57	4.15	92.63	35.27	172.37
208	13.60	3.82	1.07	2.21	3.46	99.98	49.06	212.20
209	15.98	4.51	0.72	3.08	1.97	99.96	40.37	244.73
210	17.08	3.17	0.00	3.45	0.51	91.65	34.52	251.73
211	17.58	3.86	0.11	3.46	-0.13	76.21	32.65	249.90
212	17.33	5.14	0.17	3.16	-1.42	83.64	35.76	238.46
213	17.56	5.22	0.55	2.74	-1.66	99.95	37.30	262.74
214	17.68	6.17	1.12	2.08	-0.09	95.89	38.87	229.10
215	16.75	7.55	0.50	2.25	2.34	94.19	43.92	228.92
216	17.67	7.19	0.46	2.66	2.75	99.95	36.81	225.18
217	18.39	5.29	0.07	2.95	1.77	83.75	34.85	234.15
218	19.07	4.74	0.18	3.19	0.75	77.60	32.33	255.75
219	19.52	3.56	0.53	2.10	-1.19	70.06	28.54	265.60
220	19.17	4.26	0.00	-1.47	-0.68	81.61	31.23	251.55
221	18.62	5.77	0.31	0.13	2.83	99.94	35.45	266.45
222	21.72	5.85	0.00	2.24	1.22	64.48	21.81	277.95
223	23.11	4.63	0.00	2.91	-0.51	42.25	14.90	279.35
224	22.79	5.22	0.00	2.56	-0.71	29.59	13.26	260.86
225	21.51	8.10	0.00	-1.48	-0.52	50.93	19.65	235.06
226	21.61	7.35	0.00	0.54	3.81	77.47	27.83	252.65
227	22.36	7.29	0.09	2.93	1.33	59.84	22.50	265.12
228	21.83	5.30	0.00	2.00	-0.12	63.47	23.75	256.03
229	21.71	5.50	0.28	1.51	2.60	80.32	24.64	252.98
230	21.95	7.36	0.07	2.83	2.53	64.62	25.93	255.10
231	20.24	7.53	0.35	2.81	2.20	74.08	30.19	245.86
232	19.96	7.37	0.83	3.54	1.89	73.67	30.39	260.17
233	19.69	7.88	0.59	2.81	-0.32	72.34	32.92	238.86
234	17.96	7.73	0.63	0.94	-2.85	93.64	37.41	235.31
235	14.70	6.62	1.31	-1.99	-0.62	89.60	43.15	215.83
236	18.89	6.36	0.77	1.93	-0.28	84.40	27.56	235.41
237	19.56	3.48	0.04	3.71	0.27	57.03	23.88	247.45
238	18.73	2.62	0.00	3.03	-1.47	61.25	23.28	241.69
239	19.62	2.81	0.00	2.65	0.30	50.86	21.52	263.11
240	20.03	3.22	0.00	3.34	-0.46	48.23	21.21	262.55
241	19.16	7.30	0.00	3.78	4.16	39.22	20.85	236.62
242	19.54	6.98	0.00	3.15	5.15	60.16	21.24	229.18
243	18.10	3.86	0.00	3.78	4.44	52.90	22.89	242.80
244	14.91	-0.23	0.09	2.45	-1.13	57.06	24.91	248.03
245	14.49	0.20	0.21	-1.73	-1.18	61.37	30.32	241.79
246	15.19	0.37	0.85	0.08	0.25	67.63	33.24	224.70
247	15.23	4.20	2.02	0.36	-1.34	69.84	31.75	218.28
248	15.68	2.91	0.00	7.02	-1.11	63.49	28.14	236.00
249	14.37	-0.36	0.00	2.42	-1.64	68.15	30.65	189.86
250	15.99	0.22	0.00	2.11	0.05	93.76	28.23	247.63
251	19.10	3.57	0.00	3.02	3.25	58.91	24.86	244.03
252	18.99	1.84	0.00	3.35	-1.14	50.05	24.31	246.89
253	19.25	2.35	0.00	1.37	2.45	53.63	22.52	245.86
254	19.59	5.91	0.00	2.30	3.38	56.80	24.20	227.63
255	20.05	4.82	0.00	2.84	1.68	61.43	25.05	242.81
256	19.91	5.21	0.06	3.09	2.17	57.56	24.19	240.92
257	19.20	5.99	0.09	4.18	2.88	56.53	22.96	226.35
258	15.44	0.90	0.35	2.32	0.71	66.47	28.35	203.15
259	8.77	-4.05	0.27	1.52	-4.87	63.81	29.14	211.29
260	12.44	-5.14	0.00	2.39	1.88	79.19	25.45	240.99
261	12.74	0.52	0.00	3.24	2.87	67.88	28.35	193.59
262	15.04	1.65	0.00	3.95	-1.60	76.94	26.72	231.36
263	17.08	1.55	0.04	2.96	0.94	60.12	26.84	223.20
264	17.24	3.69	0.00	3.97	0.20	62.36	26.62	205.51
265	17.60	4.83	0.00	3.74	0.88	73.63	25.93	190.80
266	13.82	3.49	0.24	3.82	0.00	84.67	33.21	198.75
267	10.51	-3.05	0.00	0.84	-1.21	70.69	32.72	208.02
268	11.87	-0.08	0.22	0.96	1.68	71.86	32.19	204.14
269	14.00	0.50	0.06	1.69	2.20	98.21	31.31	211.54
270	14.51	3.69	0.33	2.42	2.46	83.81	30.97	194.78
271	16.67	3.76	0.10	3.12	3.10	69.11	27.08	208.06
272	16.57	3.75	0.00	4.32	1.49	56.14	24.53	195.78
273	13.47	-1.93	0.31	2.90	-0.87	78.28	27.43	158.74
274	1.11	-10.34	1.34	-3.02	-4.31	77.82	38.39	203.05
275	1.88	-10.70	0.00	2.17	2.36	76.76	34.25	200.86
276	3.78	-3.82	0.57	2.57	5.59	78.20	34.05	131.38
277	6.19	-1.97	0.26	3.98	5.50	99.95	50.16	165.34
278	5.65	-6.05	0.10	5.47	-0.05	84.45	33.33	205.43
279	5.92	-1.87	1.32	3.31	2.81	77.75	34.72	170.81
280	6.79	-4.77	0.00	5.49	0.05	78.51	35.12	209.40
281	10.24	-2.44	0.00	4.31	2.65	99.90	35.66	203.87
282	10.51	-0.31	0.00	3.58	3.09	77.66	31.06	191.61
283	10.50	0.22	0.00	5.56	1.15	68.42	28.16	199.32
284	8.93	-0.02	0.52	3.10	5.04	99.88	30.35	125.12
285	7.56	-4.97	0.17	9.97	2.09	82.29	30.10	187.20
286	5.08	-6.74	0.04	7.44	0.18	64.87	32.80	169.79
287	5.73	-2.59	1.02	5.01	0.28	99.93	38.47	150.71
288	1.17	-12.14	0.34	2.51	-4.76	73.25	40.21	160.58
289	-4.53	-14.71	0.06	3.24	-3.62	56.15	31.91	178.39
290	0.64	-10.37	0.00	4.35	-0.95	66.80	34.62	132.68
291	0.85	-6.05	0.00	4.39	-2.35	99.95	40.25	152.46
292	2.45	-4.41	0.00	4.68	-1.49	99.95	44.11	135.46
293	3.95	-4.45	0.00	4.31	-1.46	82.59	47.86	144.83
294	5.13	-3.68	0.00	3.26	-0.92	79.62	47.52	145.86
295	8.73	-4.12	0.00	3.99	-0.37	88.70	38.90	167.97
296	7.66	-0.98	0.03	4.52	-2.29	89.73	31.08	170.80
297	9.01	-3.16	0.00	5.70	-2.07	73.59	30.34	166.00
298	9.11	-2.95	0.35	5.25	-0.92	74.36	33.64	144.77
299	7.70	-1.85	0.53	8.05	0.55	60.61	31.34	154.72
300	4.13	-8.76	0.04	1.58	-0.21	62.88	31.88	145.58
301	-0.49	-11.01	0.53	2.15	0.44	74.56	31.20	171.71
302	-2.82	-11.27	0.18	-1.44	4.15	50.51	32.61	114.87
303	-2.54	-15.24	1.26	-4.61	-2.15	92.82	40.60	113.98
304	-8.61	-20.93	0.28	2.51	-2.92	92.73	43.36	146.68
305	-5.15	-17.46	0.00	2.59	-2.11	93.63	43.35	154.19
306	-3.39	-13.66	0.05	2.51	-1.21	95.97	48.13	136.35
307	2.16	-11.03	0.00	4.02	-2.36	92.15	48.80	151.39
308	2.90	-8.20	0.00	3.65	-3.57	94.87	40.11	154.84
309	6.76	-6.73	0.00	3.96	-0.98	99.93	35.19	155.93
310	6.54	-2.24	0.03	4.92	1.10	99.94	45.35	125.77
311	6.17	-3.40	0.15	5.70	-1.70	71.79	39.48	133.79
312	1.96	-5.40	0.00	3.54	-1.30	71.78	38.24	130.67
313	1.67	-5.04	0.05	4.51	-1.95	69.47	41.11	129.80
314	1.59	-6.45	0.00	4.65	-2.34	69.20	36.66	122.47
315	3.51	-3.75	0.00	7.33	-0.87	82.02	43.12	126.14
316	2.20	-11.53	0.00	2.54	-3.05	81.56	27.32	130.49
317	1.13	-13.66	0.00	3.78	0.26	50.53	20.45	143.31
318	4.62	-8.35	0.00	3.92	0.55	49.05	18.20	127.42
319	1.48	-10.90	0.05	2.40	-0.06	97.06	24.77	118.19
320	1.37	-12.88	0.00	4.69	-0.82	53.15	19.92	140.39
321	0.73	-9.23	0.00	7.28	-0.68	52.10	20.16	119.02
322	-1.53	-12.73	0.04	3.47	3.68	67.75	20.09	95.61
323	-2.95	-16.72	0.15	4.56	1.68	70.14	28.74	118.75
324	-9.60	-19.83	0.10	2.89	2.88	52.61	26.38	124.83
325	-6.69	-16.65	2.19	-4.02	-1.18	85.33	31.24	83.99
326	-5.23	-22.59	0.00	3.34	0.11	95.97	32.41	136.64
327	2.12	-14.27	0.00	7.58	-1.34	68.10	40.37	123.78
328	4.32	-5.05	0.00	8.41	0.04	80.10	50.45	116.83
329	4.04	-3.98	0.06	8.92	0.28	95.44	50.87	112.90
330	2.04	-15.27	0.19	4.14	-4.04	64.80	37.93	111.99
331	-6.79	-17.15	0.05	2.34	-2.04	58.06	31.37	128.19
332	5.53	-12.00	0.52	4.97	-0.16	76.69	27.60	107.99
333	4.68	-9.62	0.00	4.77	-6.75	69.96	44.49	101.29
334	2.68	-7.32	0.00	4.59	-4.04	99.96	49.90	102.05
335	6.33	-7.37	0.09	5.37	-2.84	91.36	33.50	122.83
336	5.47	-4.72	0.00	5.53	-1.77	100.00	41.15	113.01
337	4.78	-8.22	0.12	3.75	-2.08	68.59	46.11	101.73
338	0.22	-13.33	0.00	3.02	-0.15	70.82	44.38	121.16
339	-1.37	-10.98	0.00	4.22	-0.69	79.76	46.30	100.77
340	-4.10	-11.58	0.00	2.45	-1.01	76.00	38.84	102.91
341	-0.87	-8.93	0.40	4.79	-1.13	99.94	36.64	107.22
342	-7.80	-18.97	0.00	2.87	-3.26	57.40	29.87	119.57
343	-5.97	-15.37	0.00	3.92	-1.19	67.04	34.75	116.91
344	-4.40	-13.50	0.00	3.87	-0.26	62.28	29.82	109.39
345	-5.17	-12.14	0.05	2.66	1.44	78.87	36.12	98.29
346	-6.15	-14.34	0.05	0.87	-0.77	99.98	49.12	84.88
347	-7.68	-16.15	0.11	-0.02	0.41	99.95	43.92	81.65
348	-6.25	-11.53	0.09	0.97	0.95	99.97	55.85	67.86
349	-1.69	-15.38	0.03	3.39	0.48	90.24	52.18	98.56
350	-0.27	-10.50	0.15	5.64	2.54	88.10	34.30	102.62
351	1.75	-5.46	0.00	4.79	5.35	99.95	39.92	103.33
352	-0.58	-9.89	0.11	3.19	2.87	94.12	53.09	95.10
353	-6.38	-18.08	0.15	3.71	0.36	79.46	36.87	104.17
354	-9.20	-21.47	0.00	4.14	0.44	96.44	34.29	103.84
355	-3.06	-16.68	0.00	6.15	0.23	66.53	30.14	104.52
356	2.13	-11.09	0.18	7.12	2.67	62.62	46.70	98.43
357	3.06	-6.76	0.67	5.84	2.13	68.85	54.56	85.75
358	-3.86	-14.60	0.00	3.38	0.14	86.90	53.28	98.67
359	-11.69	-19.89	0.00	4.90	-0.87	63.48	39.97	103.73
360	-6.92	-18.86	0.07	4.37	1.39	96.78	43.39	75.57
361	2.65	-10.15	0.29	4.14	2.82	83.35	45.77	103.53
362	2.34	-7.83	1.74	3.97	1.60	86.71	39.07	103.28
363	-3.74	-17.65	0.05	3.52	-0.07	87.66	41.68	101.19
364	2.77	-9.81	0.25	4.51	3.99	99.94	57.96	93.45
365	-2.36	-8.74	0.58	4.01	2.44	99.99	59.92	69.89
366	4.79	-2.78	0.30	4.88	1.74	99.99	47.89	95.32
