  1   4.09095 -11.75333  66.69987  47.00704  47.00704  57.94161
  2   5.07524 -10.93190  53.02502  31.26189  31.26189  46.42581
  3   6.75619  -8.61286  46.20161  29.47819  29.47819  44.12457
  4   6.44286  -8.09809  48.85500  25.54369  25.54369  38.53952
  5   6.41714  -9.43857  59.18382  39.67454  39.67454  51.46308
  6   6.41762 -10.04238  57.51994  36.14591  36.14591  47.21566
  7   7.72095  -7.63571  58.77897  38.63592  38.63592  42.72459
  8   9.41714  -6.12429  37.75597  16.92817  16.92817  28.07678
  9   9.77524  -5.85810  59.67593  28.78425  28.78425  30.28952
 10  10.22190  -5.53952  55.71664  29.09484  29.09484  37.85302
 11  11.39381  -3.99810  44.27666  19.72915  19.72915  24.77043
 12  11.34238  -4.35143  51.89852  25.60104  25.60104  33.38328
 13  12.74143  -2.82381  55.43218  22.80525  22.80525  27.26919
 14  13.95952  -2.12619  51.85478  22.19492  22.19492  23.69275
 15  15.97048  -0.29286  39.52137  15.10007  15.10007  18.50411
 16  16.94000   1.00524  46.99831  19.29108  19.29108  23.31380
 17  18.15191   2.13000  37.37354  15.19548  15.19548  17.69244
 18  19.20619   2.83381  39.15087  13.50122  13.50122  18.43440
 19  19.45667   4.05286  37.28177  13.64406  13.64406  15.31714
 20  22.19381   5.66143  30.50153   9.61995   9.61995  15.10037
 21  22.37381   7.23810  29.12339   7.12800   7.12800  11.80476
 22  22.27857   7.35571  32.83803   7.43075   7.43075  13.27004
 23  24.73476   9.29191  31.09917   9.06215   9.06215  12.95844
 24  25.95190  10.09524  29.36057  10.07034  10.07034  11.27116
 25  27.89571  11.02667  25.82768   7.32102   7.32102   8.81851
 26  30.02143  12.30857  22.53332   7.14346   7.14346   9.54489
 27  31.35333  12.88238  19.39651   6.23719   6.23719   9.22202
 28  30.71048  13.58762  21.76540   7.74126   7.74126   8.57852
 29  30.63952  14.16571  18.77923   3.09218   3.09218   8.10685
 30  29.89286  13.81810  22.95893   6.47323   6.47323   8.43106
 31  30.08143  13.51810  25.93157   4.80564   4.80564  10.06589
 32  29.66238  13.20619  31.11869   5.45778   5.45778   8.01780
 33  29.41238  12.60667  14.03027   2.58246   2.58246   8.59470
 34  29.44191  12.24476  17.47980   5.95840   5.95840  13.36840
 35  29.11190  11.09143  23.30141   8.72382   8.72382  10.70309
 36  28.11190   9.79905  25.86219   8.07237   8.07237  11.81933
 37  24.50095   7.99571  41.42058  13.17011  13.17011  15.01103
 38  23.46857   6.27333  41.75686  16.50865  16.50865  19.83661
 39  22.94524   5.43762  36.96260  15.94613  15.94613  18.64848
 40  21.93000   3.75095  30.89134  11.20822  11.20822  15.28586
 41  19.53762   2.32714  54.85110  22.29983  22.29983  20.72419
 42  18.04429   1.00857  39.97729  14.03168  14.03168  22.08739
 43  17.40619   0.15952  33.42622  11.83403  11.83403  17.31008
 44  13.11381  -2.46286  64.65277  30.42106  30.42106  30.85775
 45  12.81048  -2.95095  43.62401  21.81805  21.81805  24.92921
 46  10.62476  -3.81048  52.86667  23.42624  23.42624  24.64496
 47   9.39524  -6.13095  43.79060  22.86378  22.86378  28.09152
 48   6.50857  -7.71333  36.09792  20.78557  20.78557  30.67847
 49   7.62524  -7.49429  61.16229  36.96698  36.96698  43.00993
 50   6.54333  -8.46190  52.74619  34.71279  34.71279  42.76793
 51   5.24381  -9.34667  78.88123  50.65813  50.65813  54.39869
 52   5.02381 -10.59810  50.45092  30.97369  30.97369  43.13578
 53   4.34000 -11.94333  50.22041  29.30007  29.30007  55.37910
