# weather for site: year =  1957
# DOY Tmax(C) Tmin(C) PPT(cm)
1	6.54	-19.58	0
2	7.29	-15.4	0
3	5.32	-12.81	0
4	0.9	-18.23	0.02
5	-0.64	-18.55	0
6	0.7	-16.52	0
7	3.61	-18.83	0.08
8	2.78	-11.67	0.27
9	-1.46	-23.62	0
10	-0.89	-21.44	0
11	5.19	-20.25	1.03
12	5.84	-10	1.74
13	3.45	-4.37	1.59
14	3.08	-10.71	0
15	4.6	-11.89	0
16	2.97	-10.32	0
17	-0.6	-11.35	0
18	0.78	-18.18	0.42
19	4.88	-15.25	1.01
20	3.57	-7.58	0.67
21	0.44	-10.72	0
22	-2.2	-19.27	0
23	-4.24	-16.02	0.06
24	0.44	-16.5	0.17
25	0.78	-13.5	0.19
26	-2.67	-14.73	0.82
27	-9.43	-22.05	0.19
28	-7.88	-26.39	0
29	-7.67	-25.65	0
30	-7.44	-27.88	0
31	-1.78	-22.69	0
32	6.12	-16.58	0.07
33	3.54	-10.17	0
34	2.18	-16.59	0
35	3.61	-17.26	0
36	4.8	-15.57	0
37	5.08	-11.85	0
38	1.95	-9.37	0
39	5.88	-7.78	0
40	5.68	-9.94	0
41	3.9	-8.2	0
42	6.03	-6.86	0
43	9.38	-5.56	0.03
44	8.69	-5.84	0
45	9.37	-6.67	0
46	8.87	-5.76	0
47	9.78	-5.31	0.22
48	7.85	-2.97	0.29
49	10.11	-7.48	0
50	12.72	-6.57	0.02
51	10.55	-5.41	0.01
52	6.29	-3.86	0.05
53	10.46	-5.03	0.14
54	11.43	0.01	0.24
55	8.87	-1.83	2.83
56	9.71	-1.81	0.51
57	11.52	-2.38	0
58	11.09	-5.43	0.24
59	8.83	-3.82	0.2
60	8.02	-2.86	0.36
61	9.5	-3.11	0.03
62	8.13	-7.98	0.03
63	10	-2.71	0.19
64	10.06	1.38	0
65	13.29	-2.04	0
66	16.02	-6.3	0.2
67	18.22	-6.66	0.25
68	13.92	-4.51	0
69	10.56	-11.35	0.04
70	11.12	-7.99	0.53
71	11.39	-4.59	0.06
72	5.8	-7.32	0
73	7.35	-13.83	0
74	10.1	-6.44	0
75	7.79	-6.62	0
76	5.78	-10.56	0
77	8.2	-5.45	0
78	11.05	-9.82	0
79	12.25	-8.39	0
80	9.52	-4.86	0
81	2.96	-14.14	0
82	8.06	-14.6	0
83	11.36	-8.95	0
84	14.27	-1.55	0
85	11.77	-4.61	0
86	15.28	-10.33	0
87	16.43	0.04	0.11
88	14.14	-1.07	0.12
89	13.16	-9.2	0.04
90	12.2	-2.75	0.07
91	6.89	-5.55	0
92	8	-9.02	0
93	14.11	-6.64	0
94	16.24	-6.67	0
95	17.66	-4.27	0
96	14.09	-2.79	0
97	13.21	-13.9	0
98	14.35	-8.35	0
99	17.05	-7.71	0
100	16.72	-3.47	0
101	15.9	-7.83	0
102	16.32	-4.29	0
103	15.59	-7.79	0.11
104	16.56	-0.1	0
105	13.03	-10.24	0
106	13.99	-5.83	0.38
107	11.3	-5.25	0.33
108	9.3	-6.16	0.38
109	9.31	-7.37	0.07
110	7.44	-4.49	0.79
111	9.39	-6.29	0
112	11.73	-0.34	0.11
113	12.98	-4.71	0
114	14.51	-4.43	0
115	13.38	-6.05	0
116	14.15	-6.66	0
117	16.78	-6.61	0
118	18.94	-4.73	0
119	20.11	-4.02	0
120	20.47	-0.66	0
121	20.11	-0.02	0
122	17.93	3.47	0
123	13.72	-7.38	0
124	16.8	-4.87	0
125	22.14	-2.48	0
126	22.35	-2.1	0.31
127	20.66	3.26	0.93
128	15.97	-1.83	0
129	12.7	0.58	0.26
130	12.8	-0.36	0.29
131	13.18	-0.79	0.01
132	13.77	1.26	0.11
133	13.28	1.38	0.08
134	11.22	-2.88	0.01
135	12.08	-5.27	0
136	16.63	-0.83	0
137	19.8	0.03	0
138	18.25	3.1	0.45
139	11.35	-2.66	1.04
140	9.63	-2.57	0.08
141	10.61	-2.58	0.18
142	12.53	-0.21	0.42
143	11.11	-1.67	0.61
144	15.17	-1.27	0
145	19.2	-0.71	0
146	23.09	0.5	0
147	23.73	2.8	0.2
148	23.06	0.99	0.27
149	22.12	0.56	0.12
150	21.82	1.17	0
151	23.55	3.91	0
152	27.17	3.84	0
153	27.89	4.58	0.11
154	28.69	3.64	0
155	29.37	5.43	0
156	28.71	5.04	0
157	26.45	0.73	0
158	27.28	1.65	0
159	25.39	7.88	0
160	23.04	5.43	0.14
161	16.33	2.67	0.23
162	20.84	0.15	0
163	23.74	3.94	0
164	20.59	4.36	0
165	19.39	-4	0
166	17.24	-2.28	0
167	16.9	-4.57	0
168	20.93	-3.63	0
169	25.89	-1.12	0
170	26.75	3.17	0
171	24.2	6.68	0
172	23.13	0.79	0
173	25.23	2.65	0
174	28.28	1.96	0
175	30.78	5.25	0
176	30.38	5.27	0
177	29.68	5.69	0
178	31.1	6.29	0
179	32.19	8.46	0.02
180	30.84	8.92	0
181	29.11	8.02	0
182	27.03	6.33	0
183	26.95	5.29	0
184	27.03	4.32	0
185	29.45	4.33	0
186	30.7	6.85	0.03
187	26.04	5.35	0.49
188	24.84	4.46	0
189	27.47	6.83	0
190	29.1	5.36	0
191	28.77	8.94	0
192	26.53	4.82	0
193	26.46	7.68	0
194	25.33	12.36	0
195	25.84	7.06	0
196	26.71	3.89	0
197	29.5	3.34	0
198	27.93	4.06	0
199	28	4.27	0
200	27.27	3.58	0
201	27.66	3.84	0
202	26.52	5.95	0
203	25.66	2.16	0
204	26.34	2.96	0
205	29.13	4.13	0.04
206	30.02	4.08	0.13
207	28.42	5.83	0.06
208	28.14	3.45	0
209	29.06	5.1	0
210	28.09	3.58	0
211	27.98	7.27	0
212	27.98	4.08	0
213	28.07	1.16	0
214	30.17	3.32	0
215	30.47	2.85	0
216	28.92	6.6	0
217	25.52	5.28	0
218	21.53	0.48	0
219	24.51	1.24	0
220	25.94	1.2	0
221	28.47	1.9	0
222	28.3	1.52	0
223	27.09	0.06	0
224	26.83	-1.78	0
225	28.89	0.75	0
226	28.99	4.23	0
227	28.64	1.16	0
228	29.05	1.18	0
229	30.3	2.47	0
230	30.73	1.43	0
231	29.75	1.76	0
232	28.76	0.41	0
233	27.7	1.68	0
234	27.93	2.13	0
235	30.22	4.3	0
236	29.7	7.02	0
237	28.26	4.07	0
238	25.44	4.33	0
239	23.61	2.25	0
240	22.41	1.04	0
241	20.23	-1.41	0
242	19.67	-1.78	0
243	20.5	-1.89	0
244	25.32	-1.43	0
245	27.18	0.98	0
246	26.64	0.76	0
247	27.28	1.43	0
248	27.44	2.41	0
249	29.37	0.54	0
250	31.09	2.64	0
251	29.63	2.56	0
252	30.06	1.46	0
253	25.75	-1.93	0
254	25.66	-1.23	0
255	26.2	2.26	0
256	25.53	2.52	0
257	26.15	-0.17	0
258	26.03	0.23	0
259	24.04	0.14	0.09
260	18.7	2.79	2.24
261	14.94	1.79	0
262	16.66	1.01	0
263	17.09	-6.31	0
264	20.25	-4.83	0
265	23	-3.89	0
266	25.18	-3.33	0
267	26.52	-0.98	0
268	25.51	1.31	0
269	23	0.54	0
270	22.68	3.95	0
271	22.4	-0.39	0
272	24.17	3.92	0.13
273	21.81	-0.2	0
274	18.05	-0.02	0
275	17.43	-5.85	0.02
276	14.09	0.2	0
277	10.72	-7.89	0
278	13.55	-4.66	0
279	13.01	-8.03	0
280	12.39	-9.99	0
281	15.1	-6.11	0
282	19.01	-3.59	0
283	18.45	-4.69	0
284	15.96	0.5	0.1
285	13.63	-3.19	0.06
286	13.51	-0.3	0.55
287	13.35	-4.7	0
288	14.48	-0.88	0
289	15.04	-8.58	0
290	16.92	-7.84	0
291	17.95	-4.08	0
292	15.28	-7.95	0.72
293	9.96	-5.03	2.24
294	8.21	-5.17	0.33
295	12.93	-3.85	0
296	11.2	-4.64	0.11
297	11.69	-3.31	0
298	14.16	-2.16	0
299	13.59	1.23	0
300	13.1	-3.03	0
301	13.39	-3.33	0
302	13.14	-8.07	0
303	15.06	-6.01	0
304	15.85	-7.58	0
305	13.14	-4.19	0.45
306	8.06	-6.66	0.25
307	2.47	-6.66	0.06
308	1.13	-5.44	1.06
309	0.02	-5.6	0.09
310	2.83	-10.18	0
311	9.25	-11.06	0
312	9.53	-6.23	0
313	10.11	-10.69	0
314	13.63	-6.95	0
315	11.45	-6.9	0
316	8.87	-2.67	0
317	11.91	-0.49	1.23
318	9.34	-1.03	0.03
319	4.44	-8	0.16
320	1.91	-8.59	0.15
321	1.09	-11.26	0.05
322	4.66	-4.52	0.26
323	7.52	-3.66	0
324	10.88	-7.23	0
325	6.72	-7.51	0
326	2.74	-15.12	0
327	5.17	-13.28	0
328	7.89	-12.9	0
329	10.35	-12.29	0
330	12.57	-10.94	0
331	7.7	-14.1	0
332	6.88	-13.08	0
333	7.51	-15.7	0
334	7.41	-14.46	0
335	9.04	-14.78	0
336	9.85	-14.64	0
337	7.9	-15.76	0.02
338	4.18	-15.4	0.01
339	2.64	-8.89	0.08
340	4.21	-12.05	0
341	9.05	-11.42	0
342	10.62	-14.22	0
343	9.07	-14.09	0
344	8.7	-14.64	0
345	8.9	-14.09	0
346	8.68	-14.77	0
347	8.4	-12	0.45
348	8	-8.77	0.58
349	8.95	-4.85	0.61
350	10.02	-2.74	1.42
351	7.26	-2.98	0.73
352	4.09	-3.77	0.17
353	3.57	-6.6	0
354	9.24	-4.7	0
355	8.93	-8.78	0.11
356	4.21	-11.78	0
357	0.43	-17.18	0
358	6.18	-14.12	0
359	8.69	-11.12	0
360	9.13	-7.82	0
361	4.34	-12.28	0
362	8.21	-8.85	0
363	11.1	-4.3	0
364	9.62	-11.88	0
365	3.28	-13.53	0
