# weather for site: year =  1970
# DOY Tmax(C) Tmin(C) PPT(cm)
1	2.95	-12.25	0
2	-0.64	-12.45	0
3	2.05	-16.33	0
4	1.1	-14.14	0
5	-3.51	-16.07	0
6	-3.47	-17.02	0
7	-2.46	-11.05	0.05
8	2.28	-7.92	0.14
9	8.21	-5.6	0.04
10	7.93	-0.91	0.19
11	5.72	-4.43	0.02
12	5.69	-6.95	0.95
13	8.92	-3.67	1.75
14	6.65	-2.73	2.75
15	3.07	-6.62	1.67
16	8.28	-3.67	0.93
17	8.43	-0.37	0.59
18	8.38	-2.56	0.11
19	9.75	-4.92	0.49
20	9.23	-3.41	0.23
21	11.98	0.32	0
22	11.92	4.83	1.31
23	12.07	-0.36	1.65
24	10.46	-3.73	0.92
25	6.64	-6.77	1.11
26	10.36	-5.77	0.61
27	8.39	-1.7	0.91
28	2.69	-10.81	0
29	0.12	-12.97	0
30	1.89	-8.54	0
31	4.47	-9.43	0
32	6.62	-8.63	0
33	6	-10.6	0
34	10.43	-7.88	0
35	11.05	-5.77	0
36	9.81	-6.09	0
37	12.38	-5.59	0
38	11.89	-6.63	0
39	11.09	-7.45	0
40	11.09	-5.66	0
41	9.2	-2.59	0
42	11.52	-2.5	0.14
43	10.71	-4.52	0.02
44	5.86	-5.53	0.08
45	6.22	-8.44	0.35
46	10.95	-7.39	0.93
47	13.99	-5.2	0.86
48	8.83	-5.46	0.92
49	3.22	-9.67	0
50	2.93	-10.62	0
51	4.03	-11.57	0
52	7.36	-9.31	0
53	10.2	-5.8	0
54	11.03	-7.77	0
55	10.02	-5.37	0
56	10.81	-7.85	0
57	11.71	-5.51	0
58	12.78	-4.86	0
59	11.29	-2.19	0
60	8.56	-1.23	0
61	6.54	-10.05	0
62	6.48	-13.12	0
63	4.87	-10.71	0.73
64	4.89	-5.35	0.55
65	11.06	-8.79	0
66	14.38	-5.76	0
67	12.43	-1.78	0
68	8.26	-8.82	0
69	5.59	-6.68	0.05
70	8.03	-8.32	0
71	11.64	-4.21	0
72	15.45	-2.57	0
73	15.53	-0.51	0
74	12.15	-7.18	0
75	13.52	-7.33	0
76	11.86	-3.35	0
77	3.39	-10.32	0
78	5.84	-12.68	0
79	11.21	-11.3	0
80	14.6	-7.57	0
81	15.02	-6.67	0
82	15.97	-5.57	0
83	17.27	-2.96	0
84	15.52	-4.11	0
85	10.59	-6.69	0
86	11.33	-7.01	0
87	12.96	-4.78	0
88	12.14	-9.09	0
89	8.87	-5.72	0
90	3.74	-8.15	0
91	12.43	-11.11	0
92	13.32	-6.36	0
93	12.16	-9.39	0
94	14.25	-9.62	0
95	18.14	-4.95	0
96	17.93	-2.72	0
97	15.22	-2.09	0
98	12.95	-2.83	0
99	16.83	-3.45	0
100	17.63	2.12	0
101	12.77	-5.65	0.63
102	11.36	-9.09	0
103	9.05	-2.93	0.02
104	4	-3.76	0.03
105	6.19	-10.23	0.03
106	6.32	-4.71	0.95
107	7.36	-2.88	0.12
108	11.39	-6.69	0
109	9.96	-1.64	0
110	7.18	-6.58	0.1
111	5.18	-3.86	1.01
112	6.43	-7.65	0.11
113	10.26	-8.7	0
114	14.13	-6.62	0
115	15.13	-0.61	0
116	12.34	-0.95	0.03
117	6.25	-9.91	0.86
118	3.23	-6.57	0.06
119	8.99	-7.61	0.01
120	11.6	-3.23	0
121	16.08	-4.28	0
122	19.23	-3.4	0
123	21.93	-1.14	0
124	22.57	3.41	0
125	21.02	2.86	0
126	17.98	3	0.04
127	14.19	-1.17	0
128	13.68	-2.32	0
129	15.46	-0.81	0
130	13.76	1.21	0
131	10.47	-3.85	0
132	14.36	-3.2	0
133	15.56	1.05	0
134	16.18	0.36	0
135	20.99	-1.93	0
136	25.68	2.19	0
137	26.71	5.31	0
138	24.75	4.3	0
139	20.89	7.59	0
140	17.42	-0.92	0
141	18.83	1.75	0
142	22	3.89	0
143	22.48	2.48	0
144	20.83	0.66	0
145	23.23	2.99	0
146	24.31	3.16	0
147	23.64	5.3	0
148	20.25	-0.9	0
149	22.08	1.33	0
150	21.88	1.84	0
151	21.03	1.49	0
152	26.11	2.5	0
153	28.94	5.34	0
154	29.11	5.65	0
155	27.62	6.72	0
156	27.09	7.23	0
157	26.62	5.48	0.23
158	25.96	3.93	0.03
159	22.11	10.85	0
160	14.99	4.31	0
161	15.01	3.24	0
162	16.61	-1.57	0.23
163	15.06	1.72	0.57
164	12.95	0.97	0.72
165	14.36	1	0
166	18.02	1.56	0
167	20.32	5.85	0
168	22.47	3.68	0
169	25.5	5.53	0
170	27.41	7.14	0
171	29.69	8.67	0.02
172	30.22	8.43	0.03
173	30.64	10.69	0
174	30.4	9.25	0.14
175	30.67	10.45	0
176	30.05	10.35	0
177	25.25	10.81	0.2
178	23.34	7.67	1.26
179	19.77	4.38	0
180	19.49	3.56	0.01
181	20.68	1.18	0
182	25.65	3.8	0
183	29.06	6.2	0
184	30.66	9.99	0
185	31.15	13.12	0.04
186	30.48	12.09	0
187	30.21	8.35	0
188	30.46	8.71	0.01
189	29.78	10.42	0
190	27.1	9.64	0
191	23.21	10.72	0.78
192	26.39	6.94	0.01
193	28.76	8.03	0
194	28.91	9.41	0
195	30.12	9.34	0
196	32.11	12	0
197	31.76	11.84	0
198	30.74	7.32	0
199	32.56	10.6	0
200	32.42	11.68	0
201	31.4	12.95	0
202	29.01	12.95	0
203	28.54	7.29	0
204	30.26	7.05	0
205	29.97	8.83	0
206	29.64	8.7	0
207	29.48	8.57	0
208	28.49	8.99	0
209	27.19	7.73	0
210	27.75	8.86	0
211	26.72	7.58	0
212	27.95	4.83	0
213	28.35	4.59	0
214	29.4	4.96	0
215	31.41	8.7	0
216	31.44	9.46	0
217	29.64	8.67	0
218	30	9.59	0
219	31.09	6.37	0
220	30.79	5.14	0
221	32.49	5.45	0
222	33.25	6.79	0
223	32.73	9.93	0
224	32.6	9.5	0
225	32.51	10.28	0
226	32.11	8.4	0
227	32.21	9.56	0
228	32.03	9.51	0
229	30.01	11.58	0
230	27.9	12.22	0
231	28.93	10.73	0
232	28.19	9.36	0
233	29.27	8.25	0
234	29.9	7.69	0
235	29.53	7.08	0
236	29.79	3.23	0
237	29.46	6.66	0
238	29.7	6.52	0
239	28.84	7.36	0.14
240	27.4	7.73	0.26
241	26.87	6.6	0.07
242	28.85	7.81	0
243	27.54	5.67	0
244	26.65	3.01	0
245	25.93	3.23	0
246	26.77	3.04	0.02
247	24.38	8.64	0.12
248	17.63	0.81	0.1
249	20.45	1.64	0
250	25.87	2.99	0
251	27.31	4.65	0
252	26.58	3.17	0
253	27.82	5.37	0
254	28.38	3.98	0
255	26.17	4.09	0
256	20.32	-0.47	0
257	17.05	-4.4	0
258	17.99	-2.5	0
259	21.41	-3.08	0
260	25.25	-0.02	0
261	25.56	1.87	0
262	23.14	4.97	0
263	18.36	-7.09	0
264	17.05	-2.5	0
265	18.08	-4.02	0
266	21.84	-2.05	0
267	21.67	-1.02	0
268	16.75	-5.93	0
269	19.35	-6.7	0
270	22.98	-3.47	0
271	25.28	-1.9	0
272	25.68	-1.04	0
273	25.31	2	0
274	23.7	1.19	0
275	23.85	0.28	0
276	25.28	-0.04	0
277	25.59	2.92	0
278	23.27	4.53	0
279	20.3	3.88	0
280	12.7	-5.42	0
281	15.45	-6.26	0
282	18.66	-2.5	0
283	18.83	-1.69	0
284	20.21	-2.28	0
285	21.35	-1.37	0
286	18.46	-2.7	0
287	15.07	-6.16	0
288	15.44	-5.92	0
289	17.21	-6.08	0
290	17.54	-5.91	0
291	15.82	-1.34	0
292	15.15	-6.38	0
293	14.67	-0.94	0
294	12.1	-0.14	0
295	11.92	1.6	0.17
296	11.24	0.03	0.02
297	9.92	-2.81	0.17
298	10.12	-5.64	0
299	8.94	-5.47	0.03
300	5.83	-13.82	0
301	8.16	-13.19	0.01
302	11.56	-12.25	0
303	12.16	-7.92	0
304	15.22	-4.91	0
305	14.36	-5.5	0
306	13.41	-5.34	0
307	11.94	-7.72	0.32
308	10.34	-4.03	0.45
309	9.42	-1.5	0.55
310	9.39	0.55	0.52
311	8.67	-4.06	0.14
312	11.84	-5.34	0.04
313	13.24	-5.06	0.03
314	11.57	-6.08	0.54
315	14.12	-4.17	0.03
316	10.1	-1.29	0.47
317	5.94	-11.02	0
318	6.69	-9.36	0
319	12.62	-7.48	0
320	13.08	-6.31	0
321	13.1	-8.59	0
322	11	-6.87	0
323	7.42	-10.28	0
324	11.63	-10.4	0
325	11.34	-4.12	0
326	11.48	-0.21	0
327	15.22	-0.6	0.97
328	18	-2.17	1.26
329	12.49	3.51	1.88
330	6.37	-2.58	1.44
331	5.58	-6.74	1.24
332	3.63	-2.93	2.66
333	0.98	-2.93	2.06
334	4.17	-6.33	1.64
335	4.96	-5.16	0.61
336	0.96	-4.95	2.45
337	3.58	-11.65	0.7
338	6.31	-3.96	0.09
339	8.25	-5.92	0
340	10.06	-6.69	0
341	11.81	-4.24	0.28
342	8.62	-2.43	0.06
343	5.87	-4.94	0.16
344	3.16	-10.52	0
345	5.59	-8.6	0
346	5.13	-7.15	0
347	1	-11.48	0
348	2.95	-10.87	0.96
349	7.36	-5.37	0.89
350	5.52	-3.78	1.2
351	0.42	-8.43	0.86
352	-1.48	-14.46	0.12
353	-2.77	-11.4	0
354	-1.13	-15.5	0.26
355	-0.66	-10.9	0.51
356	-1.58	-16.22	0.15
357	-3.07	-18.36	0
358	-5.12	-15.49	0
359	-5.4	-17.75	0
360	-7.36	-16.11	0
361	-3.85	-14.96	0.03
362	3.01	-12.68	0.09
363	4.58	-4.74	0.24
364	4.85	-8.85	0
365	6.68	-7.74	0.83
