# weather for site: year =  1961
# DOY Tmax(C) Tmin(C) PPT(cm)
1	9.22	-14.56	0
2	5.24	-16.63	0
3	3.96	-15.77	0
4	4.92	-13.99	0
5	7.15	-15.73	0
6	7.7	-14.1	0
7	10	-11.9	0
8	11.6	-9.99	0
9	11.45	-8.03	0
10	10.64	-9.08	0
11	11.29	-11.86	0
12	11.76	-10.17	0
13	13.1	-9.74	0
14	12.07	-8.15	0
15	12.17	-12.95	0
16	11.96	-13.22	0
17	11.5	-13.98	0
18	12.81	-16.01	0
19	8.68	-16.58	0
20	7.47	-17.15	0
21	7.55	-16.71	0
22	9.12	-15.76	0
23	10.19	-13.74	0
24	10.44	-13.24	0.14
25	10.48	-10.54	0.32
26	6.71	-5.23	0.61
27	1.83	-4.32	0.55
28	1.46	-11.25	0
29	4.1	-11.03	0
30	7.58	-10.44	0.08
31	11.08	-3.98	0.21
32	10.3	-7.55	0
33	7.77	-6.79	0.64
34	7.33	-5.23	0
35	8.84	-9.31	0
36	9.05	-9.84	0
37	9.59	-7.59	0
38	11.01	-3.42	0.02
39	10.73	-3.75	0
40	11.73	-0.74	0.13
41	15.78	1.28	0.21
42	14.22	-1.97	0.18
43	10.28	-8.33	0
44	8.43	-8.54	0
45	9.09	-9.97	0
46	12.25	-7.08	0
47	8.87	-9.25	0
48	8.26	-12.73	0
49	5.53	-10.61	0
50	7.21	-13.22	0
51	14.05	-10.71	0
52	16.88	-9.27	0
53	15.15	-2.63	0
54	6.86	-14.47	0
55	12.92	-8.78	0
56	13.55	-2.78	0
57	5.09	-7.32	0
58	6.2	-11.5	0
59	9.33	-11.74	0
60	14.75	-8.06	0.01
61	15.42	0.38	0.19
62	5.65	-8.66	0.37
63	4.75	-5.73	0.19
64	9.12	-8.12	0.26
65	3.81	-7.13	0.12
66	5.28	-10.9	0
67	12.84	-12.06	0.04
68	11.74	-3.84	0
69	10.01	-5.06	0
70	10.55	-2.65	0
71	11.93	-7.27	0
72	13.63	-4.52	0
73	15.63	-2.75	0.04
74	13.15	-2.3	0.23
75	8.22	-10.19	0.49
76	8.07	-6.9	0.2
77	6.61	-10.5	0
78	13.66	-11.2	0
79	13.2	-1.64	0
80	16.01	-8.99	0
81	18.83	-4.66	0
82	14.43	0.82	0.05
83	11.17	-3.53	0.29
84	5.57	-5.75	0
85	6.49	-8.64	0
86	6.17	-5.35	0.71
87	6.05	-10.09	0.36
88	8.27	-8.77	0
89	15.23	-8.19	0
90	17.42	-3.39	0
91	17.43	-3.29	0
92	23.22	-2.79	0
93	26.44	-0.58	0
94	23.15	3.13	0
95	13.87	-5.21	0
96	14.97	-8.2	0.01
97	13.82	-3.47	0
98	15.68	-8.5	0
99	16.98	0.93	0.04
100	12.49	-8.34	0
101	16.66	-6.01	0
102	18.4	2.5	0.29
103	13.43	-7.13	0
104	15.55	-6.71	0
105	18.36	-6.95	0
106	21.29	-2.94	0
107	21.09	2.03	0
108	16.4	2.39	0
109	10.6	-3.91	0
110	9.12	-10.65	0
111	10.18	-9.59	0.53
112	7.6	-6.49	0.31
113	2.74	-6.64	0.16
114	5.04	-9.27	0
115	9.03	-6.87	0
116	13.86	-6.55	0
117	15.67	-5.5	0
118	18.84	-4.1	0
119	18.2	1.49	0
120	19.39	-1.79	0
121	19.45	-1.69	0
122	17	-7.23	0
123	18.07	-5.21	0
124	15.32	-4.16	0
125	11.76	-6.46	0
126	10.27	0.65	0
127	12.5	-7.45	0
128	19.61	-4.5	0
129	20.42	-1.08	0.01
130	19.29	1.21	0
131	10.87	-0.68	0
132	8.66	-4.92	0
133	14.7	-6.97	0
134	18.32	2.03	0
135	18.26	-1.18	0
136	18.28	-2.24	0
137	21	1.4	0
138	21.05	1.33	0
139	21.18	1.87	0.04
140	20.35	1.58	0.1
141	21.75	0.29	0
142	22.34	0.2	0
143	21.6	1.38	0
144	21.76	0.77	0
145	25.11	2.67	0
146	22.28	6.65	0
147	17.83	-2.92	0
148	19.97	1.56	0.73
149	17.85	2.4	0.92
150	14.5	1.16	0.88
151	12.31	-0.27	2.51
152	12.4	-0.68	0.77
153	15.64	3.55	0.06
154	19.86	2.21	0
155	22.42	5.31	0.05
156	24.36	4.21	0
157	23.78	4.75	0
158	24.07	3.41	0
159	24.58	4.08	0
160	23	1.85	0
161	24.96	3.56	0
162	22.56	3.27	0
163	22.53	1.39	0
164	26.82	2.65	0
165	29.01	4.84	0
166	30.92	8.31	0
167	32.16	8.44	0
168	32.19	12.05	0
169	31.18	9.12	0
170	32.86	9.86	0
171	33.97	11.26	0
172	33.66	11.1	0.03
173	33.35	13.8	0
174	33.29	14.66	0
175	31.03	10.42	0
176	31.82	11.68	0
177	30.85	9.12	0.08
178	27.68	7.49	0
179	25.42	6.69	0
180	24.6	3.86	0
181	24	0.89	0
182	28.15	3.47	0
183	29.22	5.95	0.2
184	24.73	10.14	0.44
185	21.39	8.54	0.06
186	21.68	6.92	0
187	22.06	0.72	0
188	26.51	3.57	0
189	29.4	6.02	0
190	30.66	6.62	0
191	31.53	8.44	0
192	31.93	9.83	0.1
193	31.38	12.01	0.01
194	29.52	11.9	0
195	29.25	6.6	0
196	29.68	5.93	0
197	29.21	10.85	0
198	29.98	8.01	0
199	30.75	8.43	0
200	29.92	7.46	0
201	30.24	6.36	0
202	30.94	6.66	0
203	32.72	7.9	0
204	32.27	7.48	0
205	30.95	10.62	0
206	30.72	10.8	0
207	30.26	9.08	0
208	30.31	8.57	0
209	30.5	6.29	0
210	30.16	6.28	0
211	29.27	5.18	0
212	28.77	3.51	0
213	30.38	6.47	0
214	31.97	8.59	0
215	32.4	9.82	0
216	32.98	14.47	0
217	30.67	13.39	0.9
218	28.9	11.51	1.99
219	25.54	9.93	0.86
220	25.83	6.86	0.03
221	27.86	8.38	0.01
222	28.49	8.15	0.03
223	26.86	11.6	0.11
224	25.07	8.7	0.72
225	25.29	5.33	0
226	26.25	8.43	0.04
227	26.23	6.05	0
228	26.06	3.29	0
229	26.36	4.55	0
230	27.86	3.62	0
231	26.12	9.49	0.14
232	26.95	7.29	0
233	29.54	10.05	0
234	29.44	10.26	0.07
235	28.63	9.42	0.05
236	26.73	10.5	0.13
237	26.81	8.4	0
238	24.88	4.11	0
239	24.9	7.6	0
240	20.53	4.97	0
241	23.79	3.5	0
242	25.15	7.84	0.07
243	26.09	6.74	0
244	24.92	7.75	0
245	21.45	3.47	0
246	17.92	-0.03	0
247	22.18	-1.28	0
248	25.75	0.19	0
249	26.72	2.2	0
250	23.69	0.09	0
251	19.92	1.03	0
252	19.75	-0.56	0
253	23.56	-0.07	0
254	24.98	1.99	0
255	24.79	0.83	0
256	25.56	0.32	0
257	25.19	-0.33	0
258	24.31	-0.61	0.12
259	22.82	4.98	0.15
260	13.7	1.42	0.48
261	15.8	-2.86	0
262	16.54	-1.09	0
263	20.02	-2.37	0
264	18.06	3.96	0
265	15.93	-4.05	0
266	18.11	-4.09	0
267	19.11	-4.4	0
268	20.18	-4.89	0
269	22.77	-2.24	0
270	23.9	-1.45	0
271	22.72	7.27	0
272	18.45	-1.67	0
273	20.21	-5.76	0
274	20.65	-4.53	0
275	21.39	-3.31	0
276	23.53	-2.75	0
277	24.02	-2.43	0
278	25.01	-1.26	0
279	24.18	1.15	0
280	20.06	0.36	0
281	9.79	-5.66	0
282	9.76	-9.4	0
283	17.15	-5.04	0
284	16.14	1.54	0
285	17.51	-1.49	0
286	20.7	-1.83	0
287	23.17	-2.31	0
288	23.84	-2.02	0
289	25.56	-1.06	0
290	23.53	-0.95	0
291	22.31	-1.81	0
292	20.77	-0.69	0
293	18.13	5.81	0.03
294	11.8	2.57	0.06
295	9.27	-12.81	0
296	11.66	-12.19	0
297	15.25	-7.74	0
298	16.29	-6.57	0
299	16.72	-0.95	0
300	11.9	-1.58	0.29
301	8.15	-8.28	0.4
302	2.58	-5.8	0
303	2.12	-8.9	0
304	8.1	-9.86	0
305	9.64	-8.67	0
306	11.45	-10.89	0
307	13.86	-9.33	0
308	13.32	-8.42	0
309	9.53	-11.1	0
310	12.47	-15.46	0
311	11.77	-14.05	0
312	13.19	-12.65	0
313	15.6	-12.75	0
314	14.83	-10.74	0
315	12.28	-5.28	0
316	7.34	-12.44	0
317	6.28	-15.95	0
318	11.39	-15.02	0.32
319	7.38	-11	0.16
320	1.53	-11.11	0.66
321	0.45	-19.41	0
322	0.8	-16.17	0.28
323	0.82	-13.28	0.86
324	0.05	-8.23	1.72
325	-1.59	-13.86	0.3
326	3.43	-13.84	0
327	6.58	-1.17	0
328	10.28	-5	0.01
329	8.39	-2.36	0.03
330	7.42	-6.64	0
331	6.67	-9.22	0
332	6.9	-10.71	0.14
333	7.61	-10	0.3
334	7.41	-4.15	0
335	7.82	-6.86	0.78
336	6.12	-3.43	0.23
337	5.64	-6.99	0
338	6.44	-10.11	0
339	7.23	-10.45	0
340	5.12	-11.13	0
341	3.68	-14.05	0
342	1.72	-12.68	0
343	-2.1	-14.83	0.15
344	-4.65	-12.32	0.33
345	-6.62	-24.63	0
346	-4.75	-19.85	0
347	-2.9	-19.14	0
348	-1.97	-12.88	0.16
349	-0.32	-7.9	0.01
350	-1.07	-10.06	0
351	5.02	-7.6	0
352	4.86	-5.21	0
353	9.11	-4.94	0
354	11.49	-0.63	0.01
355	11.17	-0.79	0
356	6.91	-10.65	0
357	6.64	-12.37	0
358	8.77	-12.25	0
359	10.03	-9.6	0
360	7.89	-11.75	0
361	9.37	-10.95	0
362	9.63	-12.93	0
363	9.19	-14.11	0
364	9.12	-14.41	0
365	7.11	-13.69	0
