# weather for site: year =  1960
# DOY Tmax(C) Tmin(C) PPT(cm)
1	-4.55	-20.21	0.08
2	-6.97	-26.03	0.03
3	-7.12	-16.64	0.04
4	-5.8	-23.4	0
5	-1.73	-20.03	0
6	2.1	-15.25	0
7	8.24	-8.19	0
8	9.27	-0.57	0.05
9	4.9	-8.84	0.92
10	1.96	-8.09	0.51
11	4.25	-12.1	0.03
12	1.02	-9.82	0.06
13	-3.28	-15.33	0.73
14	-1.43	-14.38	0.24
15	-1.34	-9.58	0.9
16	-3	-19.37	0
17	-2.34	-17.49	0
18	-3.52	-11.43	0
19	-2.34	-11.24	0
20	-2.11	-13.82	0.03
21	-1.48	-16.9	0.03
22	0.96	-12.52	0
23	2.26	-11.77	0.16
24	3.92	-9.27	0.38
25	1.82	-7.62	0.09
26	4.75	-6.34	0
27	6.51	-5.92	0
28	9.43	-5.16	0
29	7.17	-5.24	0
30	9.19	-6.29	0
31	8.63	-9.34	0.3
32	6.6	-8.05	1.93
33	5.82	-7.59	0.07
34	3.75	-8.88	0.42
35	3.26	-10.74	0
36	7.3	-5.84	0
37	11.21	-7.42	0.41
38	14.77	-1.59	1.84
39	9.77	-0.01	2.78
40	5	-6.52	0.67
41	3.42	-7.39	0
42	5.35	-10.72	0
43	7.28	-10.24	0
44	6.66	-5.4	0
45	4.74	-13.01	0
46	8.42	-10.35	0
47	7.08	-9.61	0
48	4.92	-12.8	0.11
49	4.17	-9.14	0.29
50	0.29	-7.9	0
51	3.49	-12.75	0
52	7.9	-11.22	0
53	5.87	-14.44	0
54	1.45	-15.68	0
55	5.06	-16.72	0
56	6.77	-7.63	0
57	5.61	-9.45	0
58	6.5	-13.89	0
59	5.83	-12.9	0
60	4.5	-13.49	0
61	5.64	-13.63	0
62	4.25	-14.77	0
63	10.46	-6.49	0
64	11.81	-5.57	0
65	12.9	-5.01	0
66	12.94	-3.28	0.12
67	14.42	-1.97	0.31
68	11.26	-7.54	0.06
69	11.62	-4.68	0
70	9.42	-13.78	0
71	13.55	-10.33	0
72	12.72	-6.74	0.62
73	11.12	-4.01	0.28
74	9.49	-10.85	0
75	8.11	-11.86	0
76	8.17	-9.89	0
77	11.4	-11.62	0
78	16.12	-10.38	0
79	19.63	-9.69	0
80	20.61	-7.33	0
81	21.21	-7.03	0
82	21.16	-4.45	0
83	20.36	-5.18	0
84	21.02	-5.01	0
85	21.07	-4.15	0
86	18.9	-0.63	0.08
87	16	0.79	0.26
88	13.88	-2.43	0
89	12.59	-7.42	0.57
90	13.72	-3.18	1.91
91	10.3	-7.04	0
92	12.47	-4.65	0
93	16.61	-5.75	0
94	21.43	-3.12	0
95	22.65	-2.94	0
96	23.92	-4.26	0
97	23.38	-1.73	0
98	19.73	1.28	0
99	19.9	-4.7	0
100	20.52	-4.15	0
101	19.74	1.24	0
102	15.21	2.12	0
103	12.35	-9.93	0
104	17.74	-6.79	0
105	16.55	2.3	0
106	14.93	-8.95	0
107	12	-10.51	0
108	18.13	-9.84	0
109	17.47	-3.63	0
110	16.95	0.67	0
111	19.74	-3.03	0
112	19.57	2.57	0
113	12.7	-7.8	0
114	7.04	-8.55	0
115	7.76	-7.65	0
116	8.99	-8.33	0
117	10.52	-9.75	0
118	11.13	-3.76	0
119	8.64	-6.48	0.08
120	9.96	-5.96	0
121	14.3	-7.41	0
122	17.4	-4.26	0
123	15.9	-1.82	0
124	13.97	-4.85	0.01
125	13.29	-2.63	0
126	13.07	-8.46	0
127	21.5	-3.88	0
128	21.12	4.54	0
129	20.94	-3.14	0
130	23.62	-2.51	0
131	26	1.32	0
132	26.31	0.11	0
133	23.76	5.39	0
134	18.63	-4.89	0
135	19.09	-4.26	0
136	20.5	-3.68	0
137	19.01	-2.11	0
138	18.16	-4.25	0
139	16.1	-3.4	0
140	13.4	-9.21	0
141	18.71	-3.53	0
142	15.22	0.64	0
143	11.47	-10.48	0
144	11	-7.66	0
145	11.53	-3.39	0
146	14.78	-0.22	0
147	18.57	-3.51	0
148	20.32	-2	0
149	23.63	-4.16	0
150	24.97	-0.3	0
151	25.45	0.84	0
152	27.39	2.97	0
153	26.23	5.41	0
154	26.82	4.55	0
155	28.6	3.26	0
156	29.87	3.1	0
157	28.76	3.43	0.01
158	28.11	4.34	0.25
159	26.57	1.45	0
160	22.9	1.76	0
161	25.08	0.61	0
162	26.04	1.59	0
163	27.53	4.59	0
164	29.24	5.41	0
165	30.23	4.98	0
166	30.27	3.41	0
167	27.64	5.49	0
168	30.29	5.72	0
169	28.04	10.42	0
170	26.03	4.72	0
171	26.3	4.21	0
172	24.69	1.65	0
173	24.16	-3.33	0
174	27.97	1.39	0
175	28	2.01	0
176	30.07	4.16	0
177	28.42	3.82	0
178	27.45	2.49	0
179	27.89	1.31	0
180	27.23	4.11	0
181	26.81	2.2	0
182	27.27	2.44	0
183	28.12	3.84	0
184	27.23	9.47	0.02
185	26.12	3.82	0
186	28.18	3.55	0
187	28.91	4.7	0.3
188	29.78	4.58	0
189	30.95	5.12	0
190	30.71	6.16	0
191	28.81	6.86	0.01
192	28.14	5.31	0.07
193	27.09	1.91	0
194	28.7	4.89	0
195	29.94	5.1	0
196	31.4	4.89	0
197	31.2	2.17	0
198	32.12	5.06	0
199	33.57	4.83	0
200	35.52	6.62	0
201	35.49	8.77	0
202	33.94	9.22	0
203	33.84	7.37	0
204	31.97	13.26	0
205	30.06	5.27	0
206	30.43	6.72	0
207	31.76	7.83	0.02
208	30.92	8.25	0.18
209	29.99	10.71	0.34
210	28.87	9.93	0.39
211	29.55	9.01	0.74
212	26	8.53	0.19
213	23.84	5.23	0
214	25.15	4.46	0
215	27.47	1.47	0
216	27.94	6.4	0
217	28.79	3.13	0
218	29.55	4.93	0
219	31.91	5.04	0
220	33.53	6.28	0
221	34.12	8.29	0
222	33.99	8.16	0
223	32.45	6.6	0
224	32.94	7.36	0
225	34.74	8.04	0
226	31.92	11.08	0
227	29.8	6.38	0
228	27.48	4.7	0
229	23.3	0.84	0
230	26.15	0.3	0
231	29.67	3.69	0
232	32.89	6.18	0
233	32.11	7.78	0
234	29.6	6.05	0
235	24.43	5.45	0
236	22.7	-4.62	0
237	23.28	4.87	0
238	23.77	-2.65	0
239	25.92	-0.08	0
240	24.21	-1.14	0
241	24.97	-1.18	0
242	27.6	-0.34	0
243	28.37	3.31	0
244	27.67	-0.79	0
245	27.67	2.58	0
246	26.33	1.27	0
247	27.3	7.45	0
248	26.19	5.87	0
249	27.61	1.89	0
250	28.77	2.2	0
251	27.86	1.05	0
252	27.3	1.8	0
253	26	6.18	0.15
254	25.08	9.29	0.12
255	25.11	5.31	0
256	28.53	6.8	0
257	28.8	2.39	0
258	27.79	2.07	0
259	27.34	1.21	0
260	25.95	2.57	0
261	26.02	1.95	0
262	27.69	1.16	0
263	28.57	3.1	0
264	28.75	4.02	0
265	24.55	4.94	0
266	20.64	-4.32	0
267	23.83	-1.77	0
268	27.05	0.56	0
269	28.5	1.9	0
270	29.24	2.6	0
271	28.73	4.97	0
272	23.49	1.1	0
273	23.78	0.65	0.03
274	24.08	1.4	0
275	25.98	1.82	0
276	26.47	1.28	0
277	25.4	0.68	0
278	23.65	1.05	0
279	23.06	0.13	0
280	22.95	5.73	0
281	19.65	2.8	0
282	14.97	0.04	0.12
283	11.95	-4.68	0
284	5.33	-1.91	0.48
285	7.11	-1.68	0
286	12.18	-6.7	0
287	12.08	-4.04	0
288	11.4	-9.77	0
289	12.79	-8.32	0
290	14.22	-7.23	0
291	16.24	-6.38	0
292	19.96	-4.53	0
293	21.24	-5.41	0
294	22.22	-3.52	0
295	22.44	-2.84	0
296	22.43	-4.85	0
297	23.13	-4.84	0
298	20.72	-0.99	0
299	20.43	-6.5	0
300	19.46	-0.97	0
301	13.89	-9.38	0
302	13.3	-6.75	0
303	14.42	-6.86	0
304	16.74	-8.16	0
305	19.37	-4.95	0
306	21.08	-2.83	0
307	19.17	-3.47	1.11
308	14.43	-4.12	2.74
309	2.51	-4.95	0.97
310	3.74	-4.75	1.08
311	2.63	-3.3	0.4
312	7.95	-3.21	0
313	8.53	-6.33	0
314	9.6	-8.8	0
315	11.37	-7.47	0
316	15.22	-3.32	0.79
317	10.04	-4.83	2.01
318	5.61	-7.12	0.11
319	5.64	-6.39	0
320	5.07	-9.16	0
321	8.42	-9.62	0
322	10.81	-9.33	0
323	10.53	-5.35	0
324	5.96	-10.92	0
325	9	-9.45	0
326	11.7	-7.14	0
327	10.32	-9.97	0
328	10.44	-9	0
329	14.34	-3.7	0.24
330	14.19	-3.9	0.29
331	8.41	-5.71	0.05
332	5.65	-11.22	0
333	4.51	-13.7	0
334	4.59	-10.44	0
335	8.03	-8.84	1.06
336	8.6	-9.74	1.22
337	5.04	-6.52	0.61
338	4.15	-7.79	0
339	5.09	-13.07	0
340	0.99	-13.57	0
341	-2.17	-17.21	0
342	-2.54	-18.95	0
343	1.87	-18.2	0
344	4.38	-16.96	0
345	3.93	-16.03	0
346	4	-15.14	0
347	7.74	-15.61	0
348	6.51	-15.92	0
349	5.41	-13.95	0
350	4.07	-16.5	0
351	6.08	-15.56	0
352	10.16	-9	0
353	11.98	-7.11	0
354	13.88	-5.54	0
355	13.41	-13.15	0
356	10.55	-10.49	0
357	8.95	-13.87	0
358	8.72	-14.7	0
359	10.12	-15.25	0
360	9.49	-14.68	0
361	11.01	-12.14	0
362	7.06	-14.14	0
363	1.65	-15.08	0
364	1.89	-18.63	0
365	5.85	-18.19	0
366	8.72	-17.65	0
