# weather for site: year =  1953
# DOY Tmax(C) Tmin(C) PPT(cm)
1	3.32	-7.69	0
2	4.32	-11.25	0
3	5.68	-9.76	0
4	4.62	-11.13	0
5	3.33	-12.49	0.46
6	5.09	-7.49	0.36
7	5.14	-5.11	0.27
8	11.2	-1.84	0.12
9	14.69	2.59	0
10	12.78	-6.81	0
11	15.11	-7.95	0
12	14.93	-6.43	0.06
13	9.33	-0.74	0.79
14	2.56	-5.49	0.22
15	2.12	-12.87	0
16	4.9	-11.75	0
17	8.4	-3.97	0
18	9.61	2.71	0
19	11.31	0.74	0
20	10.91	-1.49	1.23
21	5.02	-10.53	0.15
22	6.05	-11.29	0
23	10.59	-11	0
24	10.11	-9.2	0
25	13.37	-4.31	0
26	10.28	-6.62	0
27	8.02	-16.14	0
28	11.38	-9.28	0
29	14.18	-4.52	0
30	12.14	-5.99	0
31	11.5	-11.75	0
32	13.35	-9.23	0
33	14.03	-11.19	0
34	16.37	-9.47	0
35	13.78	-7.16	0
36	10.57	-0.74	0
37	13.07	-5.65	0
38	14.44	-7.54	0.06
39	10.51	-6.1	0
40	2.18	-16.63	0
41	3.1	-16.58	0
42	7.58	-13.78	0
43	6.57	-14.4	0
44	6.79	-15.7	0
45	13.37	-10.58	0
46	12.72	-11.97	0
47	11.27	-13.41	0
48	12.09	-11.23	0.07
49	8.29	-9.85	0
50	-0.27	-17.42	0
51	-0.08	-17.2	0
52	3.14	-17.75	0
53	7.09	-16.37	0.19
54	4.3	-9.88	0
55	1.57	-15.66	0
56	7.62	-14.63	0
57	11.07	-13.78	0
58	13.29	-11	0
59	14.23	-9.33	0.29
60	4.61	-10.23	0.54
61	-2.3	-18.36	0
62	2.41	-13.99	0
63	8.55	-12.21	0
64	12.2	-11.69	0
65	13.83	-11	0
66	13.79	-10.83	0
67	15.21	-10.93	0
68	16.34	-8.15	0
69	11.58	-2.85	0
70	8.6	-6.79	0
71	9.97	-5.29	0
72	6.1	-12.85	0
73	8.49	-15.9	0
74	12.72	-4.14	0
75	12.89	-9.34	0
76	10.21	-5.53	0
77	11.04	-6.67	0
78	9	-1.1	1.39
79	5.92	-6.8	0.4
80	6.15	-5.98	0
81	11.49	-7.54	0
82	16.41	-8.16	0
83	18.89	-6.13	0
84	15.78	-3.51	0
85	17.06	-8.78	0
86	18.35	-8.4	0
87	17.11	-1.45	0
88	9.49	-2.6	0.12
89	12.58	-9.7	0
90	15.76	-8.02	0
91	17.36	-6.81	0
92	16.56	-5.64	0
93	18.91	-5.7	0
94	19.32	-5.26	0
95	19.19	-2.03	0
96	14.71	-2.67	0
97	7.13	-13.96	0.31
98	3.32	-9.12	0
99	3.73	-13.59	0.28
100	2.81	-8.04	0
101	4.54	-11.46	0
102	9.56	-11.41	0
103	11.05	-6.64	0
104	12.38	-7.66	0
105	16.4	-8.55	0
106	17.08	-2.73	0.04
107	12.25	-3.31	0.18
108	12.33	-9.45	0
109	17.48	-2.62	0.65
110	16.61	1.43	0.27
111	20.11	-3.04	0
112	24.09	0.15	0
113	22.88	2.03	0
114	21.06	-3.34	0
115	23.36	-2.23	0
116	20.7	5.57	0.01
117	16.68	3.14	1.52
118	9.25	-2.85	0
119	8.93	-4.61	0.03
120	8.26	-6.16	0
121	8.47	-4.53	0
122	10.61	-9.45	0
123	15.19	-6.93	0
124	19.16	-4.76	0
125	21.18	-5.26	0
126	20.67	2.29	0
127	15.95	0.54	0
128	10.65	-6.2	0
129	8.23	-6.9	0
130	10.06	-5.71	0
131	11.25	-8.85	0
132	13.99	-8.34	0
133	17.5	-4.13	0
134	16.33	2.84	1.22
135	13.41	0.3	1.02
136	14.41	-2.77	0
137	16.7	-2.08	0
138	19.66	0.6	0
139	17.55	5.81	0
140	16.22	2.09	0.17
141	14.18	1.22	0
142	14.28	-4.15	0.01
143	14.28	1.96	0
144	9.73	-4.98	0
145	7.23	-4.15	0.04
146	9.07	-5.02	0.04
147	10.95	-3.22	0.92
148	10.4	-2.45	1.79
149	13.43	0.22	0
150	16.84	-2.58	0.16
151	17.31	2.64	1.69
152	12.39	1.34	1.36
153	12.26	-3.21	0.01
154	16.57	-0.63	0
155	18.65	0.69	0
156	17.11	-1.03	0.43
157	17.26	2.14	0.41
158	16.39	0.73	0
159	15.37	-4.12	0
160	16.99	-0.93	0
161	17.07	-1.95	0.01
162	20.24	2.5	0
163	20.85	1.37	0
164	19.32	-3.7	0
165	20.76	-1.85	0
166	23.67	0.3	0
167	20.75	4.13	0.72
168	20.47	2.58	0.74
169	26.25	5.5	0
170	25.22	8.06	0
171	23.04	1.39	0
172	25.11	0.44	0
173	27.26	1.03	0
174	27.53	1.3	0
175	24.25	3	0
176	24.26	-1.18	0
177	23.34	0.2	0
178	24.62	-0.81	0
179	23.58	1.69	0
180	23.73	-0.08	0
181	23.16	1.81	0
182	24.65	0.92	0
183	28.12	2.09	0
184	28.93	3.27	0
185	29.45	2.79	0
186	29.69	4.39	0
187	31.45	5.12	0
188	30.89	6.53	0
189	29.38	5.93	0
190	30.59	6.98	0
191	29.19	6.99	0
192	30.96	6.14	0
193	32.84	11.54	0.03
194	33.3	9.06	0.05
195	31.13	11.06	0
196	30.19	8.31	0
197	29.81	8.86	0.04
198	30.3	9.53	0.02
199	30.43	9.1	0
200	31.17	9.21	0.13
201	30.26	4.51	0
202	31.04	4.92	0
203	31.72	4.42	0
204	30.77	6.5	0
205	29.15	6.71	0
206	28.94	2.03	0
207	29.04	2.76	0
208	30.45	3.89	0
209	30.99	8.34	0
210	30.57	6.12	0
211	30.94	7.1	0
212	29.68	6.19	0
213	27.95	5.14	0
214	27.03	4.47	0
215	25.25	3.51	0
216	24.47	-0.79	0
217	27.24	2.55	0
218	27.73	4.23	0
219	28.85	3.79	0
220	29.09	2.72	0
221	30.25	3.8	0
222	29.62	3.17	0
223	31	3.57	0
224	31.97	6.32	0
225	30.2	12.36	0.22
226	28.97	3.93	0
227	29.42	5.2	0
228	28.52	8.04	0
229	27.71	3.84	0
230	29.27	3.58	0
231	30.51	3.96	0
232	28.4	3.17	0
233	26.05	0.49	0
234	27.34	2.15	0
235	27.6	5.08	0
236	24.86	9.81	0
237	23.81	8.72	0
238	22.54	5.94	0
239	23.54	3.4	0
240	22.05	4.33	0
241	19.86	3.95	1.09
242	16.34	1.79	0.72
243	16.74	3.73	0.07
244	20.97	0.55	0.03
245	24.91	2.09	0
246	25.92	2.87	0
247	26.28	1.9	0
248	28.76	4.3	0
249	28.85	5.66	0
250	28.09	3.98	0
251	28.08	3.58	0
252	28.53	2.39	0
253	29.88	3.95	0
254	30.72	3.47	0
255	30.22	5.54	0
256	30.18	4.99	0
257	29.83	5.55	0
258	28.43	6.23	0
259	28.57	4.08	0
260	26.15	2.84	0
261	25.18	-0.62	0
262	26.82	-0.24	0
263	27.79	0.54	0
264	26.55	1.19	0
265	22.9	1.69	0
266	21.93	-2.77	0
267	24.34	-2.49	0
268	26.31	-2.13	0
269	25.34	-1.04	0
270	23.67	3.1	0
271	23.44	2.05	0
272	23.65	-4.46	0
273	24.68	-4.25	0
274	22.36	3.45	0
275	16.83	-1.11	0
276	15.44	-9.59	0
277	19.61	-8.8	0
278	22.93	-5.52	0
279	25.43	-1.85	0
280	25.36	-0.68	0
281	25.1	-0.32	0
282	25.55	-0.75	0
283	23.46	4.84	0
284	16.06	-3.9	0
285	17.97	-5.51	0
286	21.06	-5.2	0
287	18.5	-1.43	0
288	14.82	-7.9	0
289	16.87	-7.55	0
290	20.61	-6	0
291	17.66	-0.01	0.76
292	8.04	-2.72	0
293	11.28	-6.47	0
294	9.67	-4.42	0
295	3.44	-4.77	0.42
296	6.48	-2.6	0.86
297	11.67	-5.96	0
298	13.31	-8.21	0
299	13.65	-8.95	0
300	16.05	-7.22	0
301	18.28	-6.98	0
302	19.7	-6.17	0
303	17.83	-7.06	0
304	18.41	-5.26	0
305	17.28	-2.55	0
306	14.93	2.32	0.1
307	14.21	-5.5	0
308	15.62	-8.29	0
309	13.71	-3.24	0
310	10.25	-3.02	0
311	10.93	-11.56	0
312	13.82	-10.2	0
313	14.35	-10.43	0
314	15.19	-4.73	0.05
315	13.52	-9.79	0.03
316	15	-3.85	0
317	13.46	-1.7	0.01
318	13.95	0.89	0
319	13.24	-9.21	0
320	14.7	-11.45	0
321	10.72	-10.83	0.03
322	1.21	-13.29	0
323	5.43	-16.18	0.4
324	5.75	-8.68	0.23
325	2.77	-11.04	0
326	8.41	-5.7	0
327	12.37	-1.37	0
328	12.91	-5.94	0
329	14.2	-9.78	0
330	14.62	-8.98	0
331	13.11	-7.52	0
332	13.42	-11.39	0
333	13.82	-11.37	0
334	11.43	-6.9	0
335	5.54	-11.55	0
336	5.81	-13.54	0
337	5.14	-10.46	1.18
338	5.22	-8.96	0.4
339	3.47	-13.29	0
340	8.72	-9.11	0.05
341	5.44	-7.25	0
342	4.54	-13.66	0
343	7.91	-11.02	0
344	7.2	-5.25	0
345	2.1	-13.72	0
346	6.62	-14.77	0
347	10.38	-13.91	0
348	10.28	-13.04	0
349	9.78	-9.82	0
350	9.85	-6.37	0
351	7.15	-8.71	0
352	7.06	-9.38	0
353	10.27	-6.77	0
354	12.32	-0.82	0
355	7.94	-14.15	0
356	2.58	-16.44	0
357	1.29	-19.09	0
358	1.96	-16.13	0
359	2.21	-16.38	0
360	4.5	-17.8	0
361	4.41	-9.05	0
362	5.27	-17	0
363	5.37	-16.64	0
364	4.32	-18.24	0
365	4.12	-18.3	0
