# weather for site: year =  1968
# DOY Tmax(C) Tmin(C) PPT(cm)
1	7.33	-11.2	0
2	6.97	-13.07	0
3	-0.87	-17.39	0
4	0.98	-18.72	0
5	3.86	-17.72	0
6	3.77	-16.67	0
7	3.87	-16.99	0
8	3.73	-13.99	0
9	8.79	-8.82	0.64
10	8.11	-2.88	0.25
11	2.08	-15	0
12	1.11	-15.7	0
13	3.52	-12.29	0
14	4.1	-11.18	0.28
15	9.97	-4.09	0.04
16	7.49	0.1	0
17	5.06	-13.14	0
18	4.57	-13.86	0
19	9.06	-11.34	0
20	9.82	-11.55	0
21	9.38	-10.69	0
22	9.29	-10.81	0
23	8.44	-10.99	0
24	9.5	-12.26	0
25	9.07	-11.96	0
26	6.86	-9.35	0.04
27	5.25	-10.25	0
28	-0.04	-13.22	0.06
29	2.99	-12.71	0.77
30	2.1	-4.29	1.31
31	-0.01	-10.91	0.47
32	-0.29	-19.22	0
33	5.87	-12.94	0
34	10.12	-6.84	0
35	8.52	-8.96	0
36	8.25	-7.07	0
37	7.55	-6.43	0
38	9.35	-6.14	0
39	8.38	-7.97	0.22
40	7.82	-4.04	0.97
41	3.15	-3.51	1.49
42	5.04	-3.45	0.2
43	7.84	-2.15	0.66
44	6.32	-4.94	0.2
45	4.47	-7.7	0
46	6.6	-8.83	0
47	6.53	-7.98	0.08
48	9.74	-6.59	0.26
49	12.44	-5.22	0.19
50	12.79	-1.47	0.35
51	11.27	1.01	0.08
52	11.28	2.41	0.02
53	12.22	0.22	0.02
54	13.6	0.87	0
55	14.71	-4.32	0
56	13.3	-5.47	0
57	14.77	-4.35	0
58	14.49	-5.59	0
59	12.46	-8.73	0
60	14.35	-9.2	0
61	14.81	-6.94	0
62	14.34	-5.68	0
63	15.15	-6.7	0
64	15.62	-7.69	0
65	14.84	-0.1	0
66	9.66	-9.37	0
67	9.2	-4.54	3.03
68	6.04	-3.56	1.77
69	4.78	-5.53	0
70	5.61	-8.94	0
71	7.49	-8.92	0
72	13.4	-5.93	0.03
73	11.43	-4.05	0.03
74	6.82	-4.58	0
75	10.84	-10.01	0
76	11.05	-3.38	0.25
77	6.75	-4.84	0
78	3.61	-7.7	0.31
79	4.39	-11.97	0
80	8.37	-12.06	0
81	11.21	-11.21	0
82	12.76	-7.11	0
83	13.8	-6.88	0
84	13.84	-6.06	0
85	13.76	-4.82	0
86	10.17	-8.55	0
87	16.58	-9.26	0
88	19.29	-6.16	0
89	21.04	-3.1	0
90	19.66	-1.58	0
91	18.74	-3.07	0
92	17.86	1.97	0.11
93	9.68	-3.22	0.45
94	10.01	-5.84	0.01
95	13.79	-4.28	0
96	13.26	2.52	0
97	10.03	-8.74	0
98	11.76	-7.12	0
99	13.26	-8.13	0
100	16.42	-6.28	0
101	20.53	-4.19	0
102	19.8	1.56	0
103	17.12	-4.58	0
104	13.94	-5.69	0
105	16.88	-7.33	0
106	16.77	2.48	0
107	13.1	-1.04	0
108	6.33	-7.45	0
109	8.1	-9.07	0
110	11.47	-1.69	0.08
111	11.32	-6.55	0.11
112	8.29	-11.64	0
113	8.29	-10.96	0
114	14.95	-8.22	0
115	14.39	-3.21	0
116	15.4	-4.7	0
117	16.35	-4.76	0
118	17.01	-2.66	0
119	18.92	-6.62	0
120	22.45	-3.45	0
121	22.3	1.29	0
122	20.83	-0.87	0
123	20.86	0.54	0
124	21.49	1.92	0.13
125	19.43	3.26	0
126	18.74	1.64	0
127	14.26	-4.08	0
128	16.38	-4.13	0
129	18.37	1.26	0
130	18.03	3.63	0
131	17.83	1.15	0
132	18.54	-2.24	2.6
133	14.29	-0.63	3.03
134	11.73	0.06	0.02
135	9.12	-4.16	0.06
136	13.85	-2.32	0
137	16.29	-1.26	0
138	17.78	0.15	0
139	20.49	3.03	0
140	21.72	6.38	0
141	19.16	7.54	0
142	18.4	6.11	0
143	14.02	-0.79	0
144	13.78	-1.61	0
145	14.72	-1.97	0
146	18.25	1.44	0
147	20.74	2.23	0
148	23.61	5.32	0
149	25.82	5.19	0
150	25.69	4.96	0
151	23.24	8.42	0
152	23.58	5.28	0
153	24.49	5.07	0
154	25.64	8.82	0
155	26.56	8.06	0
156	22.5	5.08	0
157	19.6	7.24	0.02
158	13.87	2.88	0.43
159	15.03	3.36	0.51
160	15.91	1.96	0.27
161	18.76	-1.03	0
162	20.82	2.76	0
163	22.54	6.17	0
164	22.47	5.3	0
165	23.27	4.77	0
166	24.32	4.38	0
167	25.65	6.26	0
168	28.44	6.01	0
169	29.91	8.7	0
170	30.33	10.27	0
171	29.85	10.6	0
172	28.03	11.79	0
173	28.57	8.24	0
174	28.89	9.4	0
175	30.25	7.3	0.02
176	26.71	9.12	0
177	28.79	6.14	0
178	32.09	10.51	0
179	32.11	11.09	0
180	29.96	9.16	0
181	27.67	2.92	0
182	20.46	-1.35	0
183	25.88	4.32	0
184	27.89	9.21	0
185	27.72	11.49	0
186	29.39	10.46	0
187	31.05	13.11	0
188	31.22	10.93	0
189	30.48	12.56	0
190	31.07	15.01	0
191	30.92	14.53	0
192	28.45	8.25	0
193	28.63	11.45	0
194	28.26	13.02	0
195	26.79	8.27	0
196	27.21	9.23	0
197	27.33	8.74	0
198	27.46	7.23	0
199	26.74	6.01	0
200	29.9	8.74	0
201	30.57	8.81	0
202	28.19	7.93	0
203	29.59	8.14	0
204	29.91	8.77	0
205	30.31	7.66	0
206	30.03	9.23	0
207	30.04	8.84	0
208	30.6	10.35	0
209	32.04	12.32	0
210	32.18	12.06	0
211	32.51	16.63	0
212	29.79	16.23	0.3
213	25.85	14.34	0.24
214	25.56	9.03	0.23
215	28.95	10.44	0.05
216	29.49	12.45	0.13
217	28.54	6.52	0
218	28.27	7.19	0
219	28.97	6.55	0
220	29.79	9.21	0
221	28.72	9.66	0.03
222	27.63	11.08	0.01
223	27.72	8.77	0.04
224	27.69	8.92	0.33
225	27.84	9.39	0.18
226	26.22	7.99	0.05
227	20.03	3.18	0
228	21.12	1.31	0
229	21.9	6.44	0.36
230	20.8	0.37	0
231	19.54	4.57	0.04
232	18.33	10.21	0.08
233	18.76	6.54	0
234	15.82	-1.94	0.31
235	16.48	-2.36	0
236	21.01	-0.51	0
237	24.39	1.41	0
238	25.47	3.35	0
239	24.16	4.4	0
240	25.25	2.9	0
241	26.09	3.89	0
242	24.77	4.67	0
243	26	5.31	0
244	28.5	5.8	0
245	30.02	7.72	0
246	28.91	8.13	0
247	27	4.36	0
248	25.03	2.79	0
249	26.6	3.76	0
250	28.02	5.28	0
251	28.87	4.59	0
252	28.64	5.73	0
253	28.32	6.33	0
254	27.18	5.23	0
255	27.08	3.94	0
256	26.46	2.98	0
257	26.33	2.64	0
258	24.42	3.91	0
259	22.43	1.82	0
260	20.56	-1.62	0
261	21.13	-0.54	0
262	24.76	1.58	0
263	24.27	2.23	0.41
264	19.45	-2.24	0.13
265	10.31	-6.24	0
266	12.47	-6.43	0
267	16.19	-4.05	0
268	21.33	-2.01	0
269	23.69	-1.19	0
270	25.16	-0.94	0
271	26.07	2.73	0
272	25.18	0.09	0
273	16.36	-1.77	0.2
274	16.24	-3.67	0
275	19.09	-2.53	0
276	21.35	-0.73	0
277	22.94	-0.67	0
278	24.54	0.21	0
279	22.99	-1.48	0
280	21.22	-1.13	0
281	18.11	-4.5	0
282	13.47	-9.25	0
283	13.18	-7.24	0
284	17.95	-4.75	0
285	19.11	-1.11	0.03
286	19.28	2.33	0.04
287	14.4	5.45	0.61
288	13.77	-2.82	0.16
289	10.58	-8.42	0
290	12.15	-6.31	0
291	14.76	-6.04	0
292	15.13	-5.51	0
293	16.2	-6.86	0
294	19.02	-4.1	0
295	17.11	-5.87	0
296	18.05	-4.71	0
297	18.84	-3.12	0
298	19.05	-4.57	0
299	22.58	-3.86	0
300	21.3	-1.34	0
301	18.61	-3.67	0
302	22.07	-2.24	0
303	19.58	2.48	0
304	13.28	-4.44	0
305	9.98	-7.68	0
306	11.19	-7.1	0.29
307	11.42	0.21	0.42
308	10.09	2.08	1.74
309	8.71	-6.8	0.23
310	10.58	-4.13	0
311	10.06	-7.54	0
312	8.06	-3.3	0
313	11.93	-6.17	0
314	16.5	-0.66	0
315	14.78	-4.74	0
316	16.3	-4.54	0.48
317	16.34	-4.01	0.2
318	5.33	-6.19	0
319	1.5	-12.55	0.64
320	5.5	-8.58	0.31
321	8.78	-6.39	0
322	9.04	-5.1	0
323	8.2	-5.38	0.24
324	9.77	-5.02	0.21
325	7.72	-3.83	0
326	8.41	-2.19	0
327	12.79	-1.67	0
328	11.73	-4.31	0.11
329	8.29	-5.23	0.03
330	3.17	-7.45	0
331	2.6	-12.72	0
332	4.55	-11.68	0
333	6.59	-12.94	0
334	3.52	-13.24	0
335	7.83	-6.62	0.19
336	3.77	-5.49	0.04
337	1.48	-14.92	0
338	3.58	-14.92	0
339	10.2	-11.97	0
340	11.13	-7.99	0
341	9.35	-11.7	0
342	7.99	-10.5	0
343	11.19	-5.93	0
344	9.67	-7.58	0
345	11.67	-6.82	0.83
346	6.32	-9.49	0.67
347	-0.41	-16.61	0
348	-0.89	-14.55	0
349	5.75	-8.78	0.76
350	7.13	-7.18	0.68
351	2.21	-13.88	0.38
352	-1.14	-12.64	0.1
353	1.19	-12.29	0.17
354	1.4	-11.47	1.75
355	-4.37	-15.14	0.12
356	-6	-25.52	0
357	-6.47	-24.72	0
358	0.51	-12.46	0.11
359	5.19	-7.14	1.11
360	4.07	-6.6	1.09
361	0.03	-12.2	0.42
362	-0.42	-14.88	0
363	2.61	-9.62	0
364	5.69	-11.99	0
365	4.4	-11.4	0
366	4.94	-11.15	0
