# weather for site: year =  1954
# DOY Tmax(C) Tmin(C) PPT(cm)
1	8.67	-11.57	0
2	7.1	-12.88	0
3	9.75	-11.36	0
4	9.36	-7.69	0
5	11.12	-12.8	0
6	13.65	-11.24	0
7	10.69	-5.29	0
8	3.15	-16.61	0
9	3.83	-17.93	0
10	3.39	-14.77	0
11	2.62	-11.37	0.08
12	0.32	-9.17	0.2
13	-0.77	-16.14	0
14	3.71	-12.58	0
15	8.38	-4.91	0
16	10.62	-0.9	0.2
17	7.79	-3.25	0.02
18	7.28	-5.32	0
19	3.48	-8.58	0
20	2.75	-13.15	0
21	6.27	-14.92	0
22	10.87	-11.15	1.3
23	9.59	-1.71	1.4
24	5.24	-4.08	3.38
25	-0.65	-8.82	0.39
26	-0.84	-18.17	0
27	5.61	-13.34	0
28	6.54	-3.2	0
29	9.68	-7.05	0
30	10.41	-7.9	0
31	8.9	-9.15	0
32	9.39	-8.96	0
33	9.94	-9.64	0
34	9.96	-11.81	0
35	11.05	-12.24	0
36	11.31	-12.36	0
37	11.48	-11.62	0
38	12.25	-11.74	0
39	12.43	-12.74	0
40	14.24	-11.99	0
41	15.54	-8.83	0
42	14.7	-1.4	0
43	11.34	0.98	1.53
44	6.27	-2.3	3.96
45	2.71	-5.8	0.06
46	2.6	-11.52	0
47	5.99	-9.14	0
48	8.52	-6.14	1.29
49	3.5	-8.96	0.96
50	4.34	-12.34	0
51	8.58	-10.94	0
52	13.8	-7.49	0
53	12.96	-8.71	0
54	13.6	-9.09	0
55	15.77	-9.35	0
56	16.18	-7.91	0
57	16.28	-4.65	0
58	10.9	-11.63	0
59	11.71	-11.61	0
60	11.53	-11.2	0
61	9.06	-12.66	0
62	11.78	-10.19	0
63	14.01	-9.44	0
64	14.16	-11.26	0
65	15.85	-5.83	0
66	14.63	-8.89	0.39
67	15.17	-0.18	0.41
68	13.15	3.69	0.58
69	9.5	-4.91	0.41
70	-1.27	-10.6	0
71	-0.51	-17.17	0
72	1.52	-16.05	0
73	6.08	-15.75	0
74	10.9	-11.13	0.03
75	8.26	-6.64	0.01
76	3.54	-8.34	0
77	3.77	-14.82	0
78	3.83	-9.06	0.17
79	4.49	-11.03	0.42
80	4.2	-9.76	0.84
81	5.72	-6.85	0.74
82	2.3	-5	2.91
83	0.97	-5.92	0
84	2.74	-11.78	0
85	7.02	-9.45	0
86	13.36	-6.59	0
87	14.43	-8.03	0
88	10.57	-6.23	0.39
89	4.72	-3.82	0.16
90	8.26	-10.18	0
91	12.61	-11.06	0
92	16.38	-8.27	0
93	16.91	-4.64	0
94	16.23	-4.91	0
95	15.16	-0.39	0
96	12.28	-1.76	0
97	12.15	-8.27	0
98	14.99	-1.9	0
99	13.33	-5.3	0
100	13.38	-7.93	0
101	15.24	-8.03	0
102	19.4	-6.25	0
103	20.19	-1.62	0
104	18.64	-2.99	0
105	19.78	-4.38	0
106	22.82	-4.47	0
107	24.77	-1.86	0
108	24.49	-0.3	0
109	22.53	-3.54	0
110	21.29	-3.21	0
111	21.68	-2.99	0
112	23.24	-3.42	0
113	23.54	0.77	0.01
114	21.39	1.61	0.52
115	19.24	-2.46	0.32
116	20.45	-2.2	0
117	17.55	6.14	0.38
118	12.14	1.13	0
119	14.3	-2.94	0.04
120	12.06	-2.62	0.31
121	6.33	-10.97	0
122	14.02	-8.53	0
123	20.03	-1.62	0
124	22.51	-0.24	0
125	24.58	0.43	0
126	25.7	0.16	0
127	27.38	1.04	0
128	27.33	5.97	0
129	22.57	5.63	0.61
130	19.14	-1.22	0
131	22.89	-0.18	0
132	24.04	-1.06	0
133	24.34	-0.61	0
134	25.2	0.68	0
135	25.24	2.89	0
136	26.7	3.1	0
137	28.29	5.1	0
138	30.07	6.65	0
139	30.48	8.21	0
140	27.27	8.11	0
141	21.34	3.08	0
142	18.04	-2.85	0
143	23.51	-3.04	0
144	24.01	5.77	0
145	21.57	3.05	0
146	20.44	-2.98	0
147	19	-2.17	0
148	21.45	-3.1	0
149	21.05	6.88	0
150	18.68	1.91	0
151	20.84	-0.53	0
152	18.98	-0.25	0
153	22.87	-2.72	0
154	24.51	5.77	0
155	19.76	7.27	0
156	11.87	-0.62	0.01
157	14.19	-7.45	0
158	18.43	-3.65	0.01
159	16.61	2.14	0.76
160	10.72	-0.45	0.34
161	12.61	-2.08	0
162	20.74	-2.09	0
163	19.2	1.39	0.11
164	18.26	-1.54	0
165	20.94	4.62	0
166	22.08	5.47	0
167	22.03	4.74	0
168	20.67	0.55	0
169	23.24	-1.55	0
170	25.65	1.28	0
171	27.75	4.24	0
172	31.7	5.53	0
173	33.7	9.27	0
174	32.12	9.82	0
175	31.39	7.46	0
176	30.75	4.19	0
177	27.36	8.19	0
178	24.36	1.88	0
179	23.66	1.01	0
180	27.25	2.07	0
181	27.15	12.57	0
182	25.97	1.09	0
183	27.76	3.56	0
184	30.74	4.62	0
185	29.48	8.69	0
186	29.49	4.03	0
187	28.59	4.81	0
188	28.89	9.3	0
189	28	3.95	0
190	28.65	7.06	0
191	29.5	5.31	0
192	30.96	5.81	0
193	32.79	5.67	0
194	32.59	8.41	0
195	30.07	14.6	0
196	29.55	13.01	0.06
197	30.42	8.5	0
198	30.92	9.51	0
199	30.1	8.64	0
200	29.03	8.65	0
201	28.28	3.96	0
202	25.95	4.58	0
203	25.74	2.45	0
204	28.55	2.58	0
205	30.74	8.04	0.2
206	28.61	10.11	0.06
207	27.36	6.14	0.15
208	29	6.04	0
209	31.04	7.46	0
210	30.02	6.61	0
211	30.15	5.3	0
212	32.3	6.78	0
213	33.28	6.54	0
214	34	8.45	0
215	29.94	5.67	0
216	28.1	3.4	0
217	24.42	-0.55	0
218	24.81	0.3	0
219	27.87	1.27	0
220	29.99	3.63	0
221	30.24	3.32	0
222	29.05	3.6	0
223	27.68	5.73	0
224	27.16	3.66	0
225	25.53	2.5	0
226	23.87	4.43	0
227	22.73	-0.47	0
228	22.48	-1.59	0
229	23.76	-1.48	0
230	26.64	-1.06	0
231	26.49	3.84	0
232	23.74	2.42	0
233	22.59	-0.62	0
234	24.95	-0.25	0
235	27.57	4.12	0
236	25.35	6.86	0
237	21.04	7.58	0
238	19.29	0.95	0
239	21.93	-1.62	0
240	24.47	0.77	0
241	28.02	5.9	0
242	29.18	7.49	0
243	27.77	2.6	0
244	30.51	3.42	0
245	29.34	3.14	0
246	26.73	6.49	0
247	25.65	0.17	0
248	23.88	-1.59	0
249	26.25	-1.37	0
250	23.76	5	0
251	23.58	-2.23	0
252	27.07	-1.25	0
253	26.78	3.77	0
254	23.49	1.81	0
255	21.73	-1.16	0
256	23.91	-3.22	0
257	24.78	-1.92	0
258	20.17	-1.45	0
259	21.17	-5.08	0
260	19.62	-3.22	0
261	20.33	-5.3	0
262	23.1	-5.55	0
263	25.06	-4.82	0
264	28.11	-4.15	0
265	24.31	4.94	0
266	19.97	-3.47	0
267	21.06	-3.28	0
268	24.02	-1.82	0
269	25.93	-1.74	0
270	27.59	-0.45	0
271	26.07	6.29	0
272	18.62	-5.56	0
273	17.19	-8.47	0
274	20.68	-7.11	0
275	20.18	-5.59	0
276	20.93	-5.57	0
277	20.57	-3.85	0
278	22.96	-5.68	0
279	23.26	-3.57	0
280	22.16	-0.05	0
281	18.79	-1.52	0
282	18.94	-3.81	0
283	21.54	-3.95	0
284	24.39	-4.07	0
285	23.16	-1.72	0
286	22.46	0	0
287	17.47	-5.14	0
288	20.7	-6	0
289	22.53	-3.36	0
290	20.48	-2.54	0
291	22.01	-6.56	0
292	21.26	1	0
293	19.24	-5.45	0
294	21.39	-6.37	0
295	23.63	-4.21	0
296	17.27	-2.5	0
297	6.22	-12.17	0.04
298	9.05	-10.67	0
299	8.23	-13.09	0
300	9.4	-13.85	0
301	9.53	-13.1	0
302	14.48	-11.26	0
303	13.96	-11.99	0
304	14.75	-11.61	0
305	16.6	-9.41	0
306	16.37	-9.17	0
307	16.66	-7.68	0
308	15.87	-9.6	0
309	16.95	-10.83	0
310	16.84	-10.89	0
311	16.65	-7.52	0
312	15	-6.7	0
313	15.2	-2.18	0
314	15.23	-7.31	0
315	11.9	-2.07	0.14
316	11.58	-1.47	0.13
317	10.9	-12.1	0
318	14.52	-12.05	0.78
319	7.86	-3.38	3.43
320	6.64	-3.25	1.21
321	9.15	-9.07	0
322	11.02	-10.62	0
323	12.41	-10.52	0
324	10.84	-9.71	0
325	11.69	-9.69	0
326	14.82	-9.94	0
327	15.17	-8.71	0
328	15.67	-8.96	0
329	15.69	-10.07	0
330	14.11	-9.65	0
331	12.68	-9.96	0
332	7.33	-10.24	0
333	1.37	-6.97	0
334	-0.65	-18.15	0
335	2.04	-16.55	0.7
336	5.8	-10.8	0.99
337	3.18	-6.98	0.95
338	7.34	-4.78	0
339	8	-12.37	0.26
340	7.71	-5.74	0.23
341	5.91	-5.05	0
342	4.52	-14.29	0
343	4.95	-12.91	0.28
344	3.47	-7.01	0.57
345	1.56	-13.36	0
346	0.15	-13.9	0
347	8.34	-11.18	0
348	6.91	-12.24	0
349	7.8	-9.32	0
350	6.13	-12.24	0
351	2.23	-15.02	0
352	2.86	-15.59	0
353	3.05	-16.33	0
354	4.08	-17.25	0
355	4.57	-17.8	0
356	4.66	-16.14	0
357	6.51	-14.89	0
358	11.32	-12.62	0
359	4.2	-15.34	0
360	0.56	-17.92	0
361	-2.58	-22.43	0
362	-3.92	-18.39	0
363	2.11	-14.98	0
364	1.55	-10.99	0.74
365	7.02	-1.95	1.05
