# weather for site: year =  1963
# DOY Tmax(C) Tmin(C) PPT(cm)
1	5.01	-17.7	0
2	5.81	-19.78	0.32
3	3.18	-18.45	0.03
4	1.43	-6.88	0.34
5	3.57	-9.63	0
6	4.59	-14.16	0
7	5.22	-15.29	0
8	7.15	-16.47	0
9	11.66	-14.35	0
10	7.2	-9.07	0
11	-3.06	-22.07	0
12	-10.37	-26.76	0
13	-2.61	-25.77	0
14	0.56	-21.43	0
15	5.19	-19.67	0
16	6.06	-17.88	0
17	7.24	-18.63	0
18	5.31	-16.42	0
19	-0.38	-21.5	0
20	3.4	-21.07	0
21	7.11	-19.11	0
22	10.81	-15.94	0
23	9.06	-16.02	0
24	11.42	-14.23	0
25	10.8	-15.02	0
26	8.91	-15.47	0
27	6.81	-19.17	0
28	6.6	-14.35	0.3
29	6.76	-5.63	3.63
30	5.23	-3.71	8.08
31	7.2	0.24	7.49
32	8.17	1.45	3.38
33	9.85	0.26	0
34	13.72	-2.64	0.02
35	16.91	-4.02	0.11
36	12.09	-3.64	0
37	9.75	-4.9	0
38	13.27	-5.7	0
39	13.71	-6.69	0
40	10.61	-7.11	0.07
41	7.71	-0.64	0.95
42	8.56	-5.61	0.02
43	6.73	-8.22	0.21
44	7.32	-3.6	1.15
45	9.11	-6.86	0.57
46	8.04	-8.17	0
47	9.26	-4.89	0
48	8.74	-2.89	0
49	12.25	-5.57	0
50	11.98	-5.87	0
51	12.06	-2.29	0
52	12.81	-6.68	0
53	10.4	-4.62	0
54	12.66	-9.72	0
55	16.02	-6.04	0
56	16.69	-6.94	0
57	15.09	0.38	0
58	10.31	-6.89	0
59	14.64	-9.95	0.4
60	13.74	-9.59	0
61	10.36	-4.97	0.07
62	4.22	-6.5	0
63	3.9	-13.49	0
64	5.39	-12.3	0
65	8.57	-8.48	0
66	10.28	-5.99	0
67	11.26	-9.85	0
68	11.06	-3.89	0
69	9.61	-8.47	0
70	12.37	-9.26	0
71	9.91	-8.08	0
72	8.11	-13.81	0.31
73	7.79	-7.37	0.69
74	2.92	-7.97	0.04
75	4.72	-7.15	0
76	2.86	-7.15	0.08
77	6.82	-8.01	0.08
78	10.03	-11.31	0
79	14.11	-10.7	0
80	14.47	-9.1	0
81	14.51	-2.2	0
82	11.51	-6.75	0
83	13.88	-12.79	0
84	13.08	-8.56	0
85	13.28	-8	0.47
86	12.96	-4.4	1.03
87	8.01	-4.34	0.5
88	9.7	-5.32	0
89	11.13	-6.22	0
90	10.04	-5.8	0.55
91	3.86	-6.79	0.28
92	4.74	-11.7	0.02
93	10.77	-5.23	0
94	13.53	-3.25	0
95	14.49	-1.55	0.09
96	12.85	2.52	1.08
97	9.14	-0.3	0
98	8.06	-2.61	0
99	7.2	-3.82	0
100	5.89	-7.65	0
101	12.33	-7.68	0
102	16.65	-5.89	0
103	19.1	-6.14	0.2
104	16.14	0.18	0.26
105	6.5	-4.32	0.02
106	3.86	-7.3	0.51
107	3.13	-14	0
108	6.81	-6.05	0.03
109	5.88	-4.69	0.42
110	1.74	-6.71	0.42
111	3.24	-8.81	0.31
112	7.54	-12.09	0
113	10.82	-8.09	0
114	13.11	-5.78	0
115	11.38	-1.76	0.01
116	8.04	-2.65	0.1
117	12.73	-3.27	0
118	15.9	-5.7	0
119	18.78	-4.79	0
120	19.83	-3.64	0
121	18.72	0.24	0
122	16.36	0.76	0
123	16.87	0.21	0
124	17.9	-0.12	0
125	19.26	0.87	0
126	20.44	2.21	0
127	20.53	6.34	0.09
128	14.9	3.79	0.68
129	12.64	-2.47	0.49
130	11.11	-0.83	0.03
131	9.67	-4.16	0.03
132	13.23	-2.96	0
133	14.01	-2.37	0.06
134	15.64	2.11	0
135	18.09	-0.94	0
136	20.94	-1.37	0
137	24.47	0.38	0
138	24.95	2.74	0
139	25.92	2.93	0.01
140	25.65	4.75	0
141	24.93	3.63	0
142	23.15	3.2	0.08
143	20.51	3.75	1.21
144	17.21	4.66	0.5
145	19.9	3.16	0.17
146	22.16	3.9	0.04
147	21.78	2.94	0.1
148	21.56	5.37	0.2
149	21.12	2.42	0.21
150	20.97	3.61	0
151	21.08	4.5	0
152	21.41	2.78	0
153	21.73	4.66	0.01
154	18.75	-0.51	0.03
155	16.11	-0.81	0.03
156	16.87	2.55	1.8
157	11.69	1.4	0.84
158	16.26	2.26	0.04
159	19.51	3.21	0.04
160	19.65	4.38	1.77
161	17.7	-3.51	1.55
162	16.68	1.7	0.11
163	20.31	0.6	0.31
164	22.13	2.81	0.02
165	20.11	5.02	0.61
166	23.09	6.1	0
167	25.91	6.76	0.19
168	22.69	6.45	0.1
169	25.22	4.38	0
170	26.59	7.58	0
171	25.55	5.89	0
172	22.57	6.85	0.22
173	19.02	0.57	0.16
174	15.2	1.38	0.41
175	17.14	-0.25	0
176	21.95	1.1	0
177	25	3.08	0
178	23.75	4.99	0.01
179	21.43	4.88	0
180	17.74	-3.02	0
181	23.76	-0.44	0
182	25.13	2.17	0
183	24.89	2.03	0
184	23.92	1.49	0
185	24.68	1.48	0
186	24.51	2.43	0
187	24.92	4.68	0
188	23.9	3.61	0
189	25.16	5.16	0
190	26.29	4.35	0
191	27.83	3.53	0
192	27.87	4.31	0
193	28.82	5.53	0
194	29.67	9.12	0
195	26.86	7.85	0
196	26.77	3.64	0
197	26.14	3.87	0
198	24.86	4.01	0
199	26.38	2.73	0
200	28.14	4.54	0
201	28.58	3.84	0
202	29.38	3.89	0
203	28.77	4.27	0
204	29.11	3.54	0
205	27.51	8.74	0
206	27.06	3.04	0
207	26.21	3.84	0
208	27.3	3.78	0
209	29.13	5.37	0
210	28.74	3.32	0
211	29.18	4.87	0
212	29.12	5.37	0
213	28.46	3.03	0
214	28.63	5.89	0
215	28.13	3.75	0
216	28.05	2.45	0
217	30.06	3.39	0
218	30.99	6.35	0
219	30.84	7.81	0.04
220	29.04	13.61	0.02
221	26.41	10.96	0.12
222	27.82	9.45	0
223	28.7	8.69	0.19
224	28.36	6.27	0
225	28.65	5.9	0
226	29.44	4.69	0
227	30.5	4.16	0
228	30.97	3.93	0
229	29.92	3.68	0
230	28.77	2.36	0
231	28.48	1.55	0
232	27.5	-0.32	0
233	26.81	0.15	0
234	25.25	1.93	0
235	23.48	2.23	0
236	22.32	1.61	0
237	24.09	-0.6	0
238	26.21	1.01	0
239	26.24	1.69	0
240	27.67	2.13	0
241	27.63	4.29	0.01
242	25.6	5.97	0.03
243	23.29	1.64	0
244	26.3	3.07	0
245	27.32	2.8	0
246	29.16	4.38	0
247	29.37	5.49	0
248	28.17	10.58	0.27
249	24.92	9.34	0
250	27.06	5.37	0
251	28.12	4.05	0
252	28.18	6.69	0
253	28.08	3.72	0
254	27.48	3.07	0
255	25.86	7.31	0.47
256	23.46	4.05	0.32
257	23.71	0.9	0
258	23.56	2.81	0
259	20.97	2.35	0
260	15.82	4.96	0.06
261	14.76	6.41	0.92
262	14.81	3.48	1.8
263	17.53	2.06	0.17
264	20.8	1.56	0
265	22.5	2.85	0
266	21.45	2.56	0
267	24.28	-0.95	0
268	27.62	0.64	0
269	29.2	3.05	0
270	28.94	3.34	0
271	28.68	4.4	0
272	28.31	3.6	0
273	27.55	3.87	0
274	27.53	2.19	0
275	27.79	3.81	0
276	26.13	2.38	0.04
277	23.89	5.27	0
278	21.16	4.1	0
279	21.89	-0.44	0
280	22.65	-1.16	0
281	22.41	-1.17	0.03
282	21.07	2.48	0
283	23.67	-4.09	0.21
284	20.74	-0.57	0.21
285	13.36	-5.82	0
286	17.93	-6.2	0
287	20.22	-4.53	0
288	18.76	0.12	0
289	18.11	1.64	0
290	18.71	-1.1	0
291	20.33	-3.23	0
292	19.49	-0.48	0
293	17.73	-2.46	0
294	18.21	-3.17	0
295	18.99	-0.32	0.01
296	16.31	4.59	0
297	16.05	-6.32	0
298	19.49	-0.45	0
299	18.35	-3.05	0
300	16.52	-7.22	0
301	17.08	-4.71	0.35
302	16.03	2.17	0.09
303	11.79	-2.1	0.26
304	10.91	-7.96	0
305	14.39	-10.11	0
306	12.87	-7.36	0.08
307	12.06	-4.5	0.17
308	11.93	-0.72	0.97
309	11.72	-3.85	1.12
310	9.78	-1.46	0.83
311	8.89	-7.59	0
312	13.41	-3.71	0
313	15.43	-5.46	0
314	15	-7.67	0
315	14.61	-9.31	0
316	14.55	-6.28	0
317	16.16	-1.33	0.14
318	14.75	0.12	0.14
319	11.69	0.37	0.3
320	7.76	-9.76	0
321	5.52	-11.08	0
322	7.25	-12.79	0.03
323	9.8	-9.75	1.62
324	7.49	-3.17	0.28
325	1.42	-7.53	0.61
326	-0.61	-15	1.28
327	4.96	-9.43	0.17
328	5.7	-5.66	0
329	6.09	-9.65	0
330	9.07	-9.95	0
331	10.34	-9.53	0
332	8.28	-8.17	0
333	5.78	-10.59	0
334	8.86	-10.68	0
335	9.78	-12.31	0
336	7.66	-12.68	0
337	7.03	-13.8	0
338	7.81	-14.53	0
339	5.24	-13.23	0
340	8.44	-9.71	0
341	7.7	-14.11	0.08
342	10.75	-11.34	0.26
343	8.07	-7.26	0
344	0.09	-7.84	0.05
345	-0.71	-9.47	0
346	1.1	-14.21	0
347	5.86	-14.46	0
348	6.95	-13.29	0
349	9.97	-11.31	0
350	10.71	-12.22	0
351	10.39	-12.31	0
352	9.87	-10.83	0
353	8.6	-9.46	0
354	9.05	-4.37	0
355	5.75	-7.18	0
356	3.21	-13.39	0
357	7.09	-14.4	0
358	8.08	-14.9	0
359	7.67	-10.06	0
360	8.59	-8.12	0
361	7.53	-6.1	0
362	9.09	-10.22	0
363	8.08	-3.48	0
364	8.4	-5.38	0
365	12.22	-10.21	0
