# weather for site: year =  1975
# DOY Tmax(C) Tmin(C) PPT(cm)
1	-7.03	-28.34	0
2	-4.52	-27.18	0
3	-4.98	-24.84	0
4	4.64	-20.37	0
5	7.77	-9.93	0.01
6	9.81	-0.62	0.01
7	8.29	-3.92	0.41
8	7.46	-4.56	0.58
9	-1.28	-11.97	0.25
10	4.1	-9.29	0
11	3.2	-11.8	0
12	5.59	-12.95	0
13	10.28	-13.29	0
14	11.52	-13.11	0
15	10.62	-13.09	0
16	11.67	-9.52	0
17	9.76	-11.25	0
18	10.81	-12.09	0
19	10.42	-11.6	0
20	13.16	-12.4	0
21	9.18	-11.03	0
22	7.31	-13.32	0
23	13.2	-10.97	0
24	14.21	-8.75	0
25	17.2	-11.87	0
26	12.06	-7.08	0.04
27	-1.89	-12.38	0
28	1.46	-19.06	0.01
29	-1.52	-19.23	0
30	-1.38	-19.67	0
31	3.78	-17.09	0.17
32	2.37	-7.28	0.43
33	3.71	-10.53	0
34	4.87	-12.12	0.32
35	1.62	-9.34	0.86
36	-0.12	-9.27	0
37	1.64	-8.52	0
38	6.41	-5.1	0.58
39	9.17	-7.98	0.47
40	7.37	-4.78	1.39
41	6.38	-8.78	1.88
42	7.87	-12.55	0
43	11.11	-6.02	0.31
44	9.65	0.52	0.01
45	4.73	-11.44	0.51
46	1.13	-17.73	0
47	-1.68	-12.97	0
48	1.37	-15.98	0
49	3.9	-13.79	0
50	9.7	-4.41	0.01
51	5.14	-9.04	0
52	-0.74	-14.27	0
53	2.97	-18.12	0
54	8.06	-15.99	0
55	9.54	-13.09	0
56	10.19	-9.57	0
57	14.54	-11.87	0
58	14.64	-1.35	0
59	11.56	-7.28	0
60	16.48	-6.62	0
61	14.81	-4.63	0
62	12.62	-11.18	0
63	15.18	-6.15	0
64	10.78	-0.63	0.43
65	9.11	-5.34	0.53
66	9.01	-7	0.47
67	9.17	-4.54	0.04
68	7.32	-6.64	0.01
69	4.03	-7.39	0.04
70	4.9	-5.52	0.15
71	9.2	-8.61	0
72	7.35	-6.36	1.44
73	5.6	-6.72	1.65
74	6.39	-12.97	0.29
75	4.26	-8.82	0
76	8.21	-9.71	0
77	12.34	0.54	0
78	13.56	-0.98	0
79	8.73	-3.4	0
80	9.35	-2.76	1.47
81	3.2	-8.37	1.93
82	6.94	-7.85	0
83	11.46	-3.21	1.42
84	6.99	-4.16	0.05
85	0.12	-12.49	0
86	-1.78	-9.79	0
87	-1.37	-16.25	0
88	6.3	-13.96	0
89	16.39	-10.46	0.03
90	10.75	-5.62	0.81
91	3.99	-12.49	0
92	9.18	-10.11	0
93	9.3	-7.09	0
94	7.62	-7.02	0.31
95	3.29	-6.5	0.37
96	1.69	-11.91	0
97	2.66	-15.15	0.01
98	4.86	-7.03	0.04
99	9.11	-12.14	0
100	8.09	-6.29	0.39
101	6.27	-5.18	0.12
102	10.39	-8.19	0
103	14.97	-6.47	0
104	10.1	-2.66	0
105	6.1	-6.43	0.2
106	4.89	-9.34	0.34
107	7.64	-9.92	0.04
108	8.14	-8.56	0
109	10.35	-3.33	0
110	12.25	-2.01	0
111	15.39	-5.52	0
112	14.07	-0.62	0
113	12.49	-0.54	0
114	13.78	-1.3	0.28
115	5.97	-5.85	0.12
116	4.62	-9.53	0
117	13.56	-5.73	0
118	11.66	-7.36	0
119	11.97	-11.23	0
120	13.92	-6.98	0
121	15.83	-2.37	0
122	15.66	-3.7	0
123	15.51	-1.42	0
124	8.96	-5.79	0
125	6.84	-6.95	0
126	12.09	-4.59	0
127	16.97	-5.47	0
128	19	-4.7	0
129	20.09	-4.23	0
130	21.34	-1.86	0
131	19.95	1.28	0
132	20.79	-4.04	0
133	25.87	-3.49	0
134	25.79	0.52	0
135	22.46	-1.8	0
136	21.99	-2.29	0
137	23.29	-0.78	0
138	25.38	-0.03	0
139	23.26	7.27	0.3
140	15.86	-6.26	1.07
141	11.59	-4.51	0.13
142	17.77	2.35	0.03
143	21.14	0.31	0
144	23.21	3.01	0
145	20.01	-2.01	0
146	21.46	-3.17	0
147	21.66	-0.19	0
148	20.35	-1.62	0
149	20.68	-0.31	0
150	26.42	-0.51	0
151	28.33	3.57	0
152	26.27	6.95	0
153	24.97	2.61	0
154	23.1	2.16	0
155	24.31	0.49	0
156	28.61	2.08	0
157	28.2	5.39	0
158	26.47	4.99	0
159	24.79	4.1	0
160	23.05	-1.23	0
161	24.16	0.76	0
162	25.9	1.62	0
163	28.97	5.72	0
164	29.92	5.88	0
165	30.11	5.77	0
166	30.17	8.74	0
167	28.1	7.72	0
168	26.84	4.02	0.03
169	15.23	0.06	0.29
170	16.08	3.24	0.25
171	18.12	5.01	0.32
172	21.78	2.82	0
173	27.57	5.76	0
174	21.83	9.23	0.01
175	19	4.83	0.06
176	18	-4.06	0
177	22.2	0.77	0
178	21.74	-1.15	0
179	23.18	0.02	0
180	23.74	2.11	0
181	22.8	1.66	0
182	23.64	0.02	0
183	24.02	1.41	0
184	25.59	0.95	0
185	27.15	2.69	0
186	29.76	7.92	0
187	30.42	8.64	0
188	29.98	7.87	0
189	31.3	7.12	0
190	32.07	10.74	0
191	29.33	13.32	0
192	30.43	9.11	0
193	32.59	10.62	0
194	31.13	6.91	0
195	31.3	7.77	0
196	29.58	8.18	0.01
197	24.52	10.04	0
198	26.37	7.07	0
199	28.21	7.38	0
200	29.39	6.91	0
201	29.66	8.46	0.26
202	30.06	8.15	0
203	30.79	8.03	0
204	31.73	7.26	0
205	33.5	7.18	0
206	34.07	9.28	0
207	35.22	9.11	0
208	34.13	9.13	0
209	31.44	10.85	0
210	28.46	8.09	0
211	22.57	1.21	0
212	22.92	0.13	0
213	26.77	-0.16	0
214	29.97	3.09	0
215	31.61	4.93	0
216	31.86	4.82	0
217	31.02	6.65	0
218	29.59	9.23	0
219	27.52	1.59	0
220	31.08	0.36	0
221	31.57	3.39	0
222	30.7	5.44	0
223	31.29	6.99	0
224	29.84	8.47	0.07
225	29.08	5.01	0
226	27.97	5.48	0
227	27.19	4.59	0
228	28.43	4.59	0
229	27.75	3.79	0.22
230	17.84	8.18	0.51
231	16.14	4.16	0.3
232	18.01	0.87	0.42
233	17.3	3.81	0.47
234	23.57	2.82	0
235	25.11	3.3	0
236	26.27	3.92	0
237	27.52	3.88	0
238	25.65	4.93	0
239	25.64	4.95	0.68
240	23.15	4.7	0
241	24.72	0.62	0
242	26.9	0.07	0
243	26.6	0.38	0
244	23.62	4.4	0
245	23.05	-1.18	0
246	25.75	-0.24	0
247	26.67	0.37	0
248	28.24	0.92	0
249	30.07	2.39	0
250	29.56	4.95	0
251	28.91	4.05	0.01
252	25.93	7.84	0.08
253	21.22	5.53	2.17
254	20.18	3.33	0.2
255	22.48	2.37	0.46
256	24.19	3.48	0
257	25.37	4.47	0
258	25.28	5.74	0
259	25.67	5.76	0
260	26.45	6.93	0
261	25.89	7.7	0
262	25.27	4.57	0
263	24.68	3.35	0
264	23.27	-0.37	0
265	25.84	-0.24	0
266	26.39	1.38	0
267	27.17	0.82	0
268	27.52	2	0
269	26.74	0.62	0
270	26.26	0.75	0
271	25.38	-0.19	0
272	23.64	-1.7	0
273	24.06	-1.46	0
274	25.93	-1.36	0
275	26.59	-0.78	0
276	25.07	3.49	0
277	25.33	4.67	0
278	24.77	-0.04	0
279	21.3	2.12	0.19
280	13.31	-4.29	0
281	14.49	-8.58	0
282	20.09	-3.55	0.14
283	17.25	0.34	0.18
284	12.39	-1.92	0.19
285	8.79	-1.55	0
286	10.67	-3.79	0.01
287	15.37	-5.65	0
288	18.49	-8.1	0
289	20.38	-6.99	0
290	22.21	-6.44	0
291	18.46	-0.58	0
292	18.06	-5.95	0
293	19.91	-7.03	0
294	21.2	-4.69	0
295	15.72	-2.29	0.04
296	4.82	-9.66	0
297	6.67	-14.28	0
298	12.3	-11.6	0.78
299	13.32	0.42	0.2
300	8.99	-8.99	0
301	11.98	-12.84	0
302	18.66	-11.79	0.47
303	17.06	-0.93	0.33
304	9.3	-3.58	0
305	13.74	-8.64	0
306	16.11	-7.7	0
307	16.29	-6.9	0
308	19.41	-8.39	0
309	19.88	-7.37	0
310	16.81	-4.1	0
311	17.07	-0.67	0
312	11.69	-7.13	0
313	8.69	-12.89	0.19
314	7.26	-8.54	0.02
315	4.58	-13.28	0
316	8.75	-14.54	0
317	12.76	-12.81	0
318	15.82	-9.79	0
319	17.49	-9.58	0
320	13.83	3.37	0
321	4.06	-7.52	0
322	-1.52	-15.64	0
323	-0.62	-20.23	0
324	5	-14.06	0
325	4.11	-14.48	0
326	8.82	-15.38	0
327	9.27	-13.1	0
328	11.39	-13.05	0
329	9.4	-10.81	0
330	11.8	-12.88	0
331	5.8	-6.05	0.08
332	-1.27	-10.26	0.96
333	-0.05	-20.26	0
334	6.66	-7.34	0
335	13.06	-7.73	0
336	12.88	-8.1	0
337	13.33	-9.54	0
338	14.52	-7.35	0
339	11.8	-2.43	0
340	8.11	-7.5	0
341	11.05	-12.89	0
342	11.52	-12.1	0
343	11.81	-13.35	0
344	13.45	-7.93	0
345	10.44	-12.47	0
346	7.63	-5.39	0
347	1.13	-11.38	0
348	-1.87	-18.16	0
349	0.26	-19.93	0
350	4.59	-17.82	0
351	4.09	-17.6	0
352	3.06	-17.42	0
353	2.57	-18.28	0
354	3.17	-14.91	0
355	4.96	-14.53	0
356	3.53	-8.14	0.1
357	4.39	-14.33	0
358	9.3	-8.47	0
359	8.16	-10.69	0
360	10.46	-10.67	0
361	10.28	-1.09	0
362	8.26	-8.49	0
363	9.11	-10.15	0
364	8.07	-5.34	0
365	-2.3	-13.42	0
