# weather for site: year =  1956
# DOY Tmax(C) Tmin(C) PPT(cm)
1	7.13	-10.57	0
2	3.81	-6.79	0
3	7.53	-9.7	0.17
4	10.78	-9.41	1.21
5	5.45	-2.58	0.14
6	5.25	-10.32	0.26
7	8.63	-7.24	0.15
8	7.11	-13.89	0.13
9	5.9	-15.57	0.03
10	4.38	-5.37	0.01
11	6.2	-5.34	0.05
12	3.63	-5.84	0
13	8.47	-4.94	0
14	9.41	0.8	0.18
15	11.42	0.52	0.35
16	5.79	-5	0.02
17	3.58	-11.03	0
18	8.14	-7.66	0
19	10.42	-6.2	0
20	8.17	-4.57	0
21	7.63	-6.55	0
22	7.48	-5.34	0.3
23	6.5	-3.27	0.87
24	1.67	-8.63	1.66
25	1.55	-7.13	2.19
26	3.65	-9.64	2.77
27	1.91	-9.45	0.45
28	0.42	-17.89	0
29	1.55	-20.36	0
30	0.23	-17.23	0
31	-4.18	-18.71	0
32	-6.25	-18.1	0
33	-4.88	-22.94	0
34	-3.53	-20.44	0
35	-0.3	-17.47	0
36	0.24	-14.74	0
37	0.32	-7.65	0
38	2.06	-14.27	0
39	3.22	-12.83	0
40	2.63	-15.6	0
41	3.92	-14.38	0
42	6.65	-11.96	0
43	8.19	-10.03	0
44	7.79	-10.17	0
45	6.92	-10.04	0
46	4.92	-11.02	0
47	-1.54	-19.32	0.07
48	0.1	-16.62	0.27
49	0.52	-18.84	0.33
50	1.56	-14.69	0.01
51	5.21	-5.78	0
52	10.07	-1.25	0.47
53	10.19	-1.98	0.59
54	7.35	-6.41	0.09
55	3.36	-10.54	0
56	3.6	-10.25	0
57	3.71	-9.68	0
58	5.13	-11.36	0
59	9.35	-12.5	0
60	7.33	-6.02	0
61	8.92	-11.6	0
62	11.83	-8.65	0
63	13.69	-1.26	0
64	11.51	-2.16	0
65	7.23	-4.38	0.12
66	0.75	-14.53	0
67	3.61	-16.06	0
68	10.88	-9	0
69	13.58	-10.51	0
70	13.57	-11.52	0
71	6.72	-12.05	0
72	1.6	-17.54	0
73	9.43	-14.97	0
74	9.45	-11.48	0
75	9.23	-14.65	0
76	13.99	-12.67	0
77	16.57	-4.46	0.03
78	18.1	-10.05	0
79	14.45	-2.95	0
80	13.51	-9.33	0
81	17.3	-6.49	0
82	16.18	-3.57	0
83	19.25	-7.05	0
84	20.92	-4.5	0
85	18.2	-0.74	0
86	14.16	0.19	0
87	8.31	-12.36	0
88	10.73	-12.68	0
89	16.27	-9.35	0
90	16.53	-2.24	0
91	12.6	0.35	0.04
92	5.29	-8.7	0.07
93	4.89	-9.08	0
94	6.73	-14.33	0
95	13.32	-9.54	0
96	15.38	-7.21	0
97	15.99	-9.9	0
98	18.22	-2.73	0
99	16.16	-7.5	0
100	17.39	-8.16	0
101	18	1.03	0.37
102	10.49	-7.85	0.52
103	8.19	-2.71	0.69
104	3.41	-3.03	1.79
105	6.24	-4.68	0.73
106	8.66	-4.46	0.07
107	11.11	-5.37	0
108	12.92	-4.39	0
109	13.51	-2.1	0
110	16.38	-3.58	0
111	19.08	-2.71	0
112	20.96	-1.23	0
113	20.45	-2.73	0
114	19.99	-2.66	0
115	18.35	7.33	0.04
116	16.03	-0.21	0.13
117	12.57	-1.16	1.11
118	9.65	-4.55	0
119	12.23	-7.16	0
120	13.93	-4.55	0
121	17.33	-4.49	0
122	19.02	-3.88	0
123	19.81	2.45	0
124	21.65	-3.3	0.92
125	19.29	1.41	0.06
126	11.88	-2.92	0
127	13.34	-0.6	0.07
128	10.78	-0.37	0.73
129	12.59	-5.47	0.66
130	12.46	-2.35	1.02
131	10.21	-1.63	0.03
132	10.37	-0.31	0
133	8.03	-2.97	0.26
134	8.53	-4.53	0.03
135	13.06	-7.66	0
136	18.4	-4.5	0
137	22.24	-1.97	0
138	23.45	2.57	0
139	19.46	6.84	0.4
140	19.41	-0.35	0.04
141	23.65	0.65	0
142	25.67	2.54	0
143	25.94	4.3	0
144	25.62	4.22	0
145	21.44	4.83	0.03
146	20.89	3.51	0.04
147	21.63	3.34	0
148	18.51	-0.98	0
149	16.25	-3.89	0
150	21.32	0.12	0.01
151	22.92	3.17	0
152	23.53	0.42	0
153	22.08	0.48	0
154	23.72	0.18	0
155	24.67	7.84	0
156	19.65	6.98	0
157	16.65	-5	0
158	18.46	-3.51	0
159	23.05	-0.29	0
160	24.52	1.04	0
161	28.13	1.94	0
162	26.88	6.58	0
163	24.7	-0.86	0
164	27.02	0.6	0
165	25.5	0.82	0.1
166	22.75	4.13	0.02
167	17.33	0.62	0
168	17.78	-0.91	0
169	20.09	-0.74	0
170	25.06	1.15	0
171	22.47	9.51	0
172	17.83	-0.84	0
173	21.62	-1.48	0
174	26.56	-0.05	0
175	26.66	3.89	0
176	25.39	1.86	0
177	25.79	0.73	0
178	28.96	3.75	0
179	31.67	5.72	0
180	32.62	8.21	0
181	29.62	6.43	0
182	27.62	1.67	0
183	25.2	0.49	0
184	23.15	0.49	0
185	22.78	0.32	0
186	24.5	1.82	0
187	25.24	1.95	0
188	26.71	1.04	0
189	29.25	3.26	0
190	31.28	3.8	0
191	31.51	7.72	0
192	29.77	4.59	0
193	27.2	2.02	0
194	26.15	3.35	0
195	24.98	1.01	0
196	24.31	1.84	0
197	25.55	3.02	0
198	28.28	5.45	0
199	29.92	4.93	0
200	28.41	9.02	0.17
201	28.3	9.44	0.86
202	28.18	7.49	0.19
203	29.13	7.34	0.07
204	29.73	8.6	0.04
205	30.66	8.22	0.03
206	30.65	8.2	0
207	31.96	9.94	0.03
208	29.69	10.99	0
209	28.84	7.34	0
210	28.46	9.34	0
211	28.13	3.68	0
212	28.68	4.2	0
213	28.87	3.35	0
214	26.92	1.78	0
215	23.16	-0.87	0
216	23.15	-1.68	0
217	24.13	-0.11	0
218	24.67	0	0
219	24.2	0.28	0
220	25.71	3.94	0
221	27.52	5.29	0
222	27.62	5.34	0
223	28.6	6.25	0
224	30.04	5.93	0
225	27.48	5.61	0
226	27.62	3.89	0
227	28.87	4.41	0
228	27.49	1.98	0
229	26.72	1.36	0
230	27.21	3.17	0
231	27.82	4.04	0.11
232	27.26	3.2	0.04
233	27.09	2.8	0
234	27.59	2.9	0
235	28.96	3.09	0
236	30.1	3.99	0
237	28.07	2.65	0
238	26.08	2.91	0
239	24.97	-0.06	0
240	23.34	-0.01	0
241	24.18	-0.38	0
242	24.92	0.23	0
243	26.18	1.53	0
244	27.43	1.11	0
245	29.76	2.25	0
246	30.45	4.33	0
247	28.8	2.4	0
248	27.38	0.62	0
249	28.31	0.36	0
250	28.18	3.21	0
251	27.75	1.71	0
252	27.08	-0.45	0.01
253	25.13	4.29	0
254	22.96	9.88	0
255	24.36	-0.05	0
256	22.45	-1.64	0
257	23.76	-2.54	0
258	24.93	-2.67	0
259	26.03	-2.18	0
260	27.71	-1.38	0
261	28.69	-2.24	0
262	28.13	2.41	0.27
263	24.19	2.15	1.29
264	16.48	-0.31	0.44
265	17.55	2.07	0
266	17.83	-3.64	0
267	22.06	-2.29	0
268	25.42	0.41	0
269	25.24	1.28	0
270	25.54	1.9	0
271	21.96	5.6	0
272	22.15	-0.73	0
273	23.37	-2.29	0
274	23.11	0.17	0.04
275	21.45	-1.98	0
276	22.05	-0.09	0
277	21.52	-1.92	0.42
278	21.69	1.09	0.01
279	20.83	-1.11	0.06
280	21.71	-0.75	0.51
281	17.8	-0.01	0.4
282	12.26	2.54	0.09
283	14.7	-2.34	0.22
284	18.49	2.92	0.03
285	14.58	1.68	0
286	11.96	-6.42	0
287	14.47	-7.05	0
288	16.71	-6.8	0
289	17.78	-7.38	0
290	19.75	-7.24	0
291	20.73	-6.7	0
292	20.58	-4.31	0
293	15.04	-7.9	0
294	18.31	-8.6	0
295	20.8	-2.48	0
296	18.57	-6.67	0.5
297	12.94	-5.44	0.84
298	3.67	-12.57	0
299	11.31	-10.55	0.02
300	15.53	-0.93	0
301	8.99	-2.25	0
302	3.02	-10.68	0
303	4.88	-13.54	0.19
304	8.9	-5.62	0.89
305	3.81	-7.52	0.06
306	4.56	-12.71	0
307	5.62	-7.97	0
308	6.34	-13.64	0
309	11.51	-9.25	0
310	15.95	-9.64	0
311	18.03	-9.58	0
312	17.19	-8.6	0
313	16.87	-9.04	0
314	18.71	-8.84	0
315	19.68	-8.77	0
316	18.5	-8.67	0
317	17.43	-9.96	0.04
318	15.23	-8.3	0.22
319	6.51	-14.49	0
320	4.22	-15.31	0
321	8.62	-13.09	0
322	14.09	-11.24	0
323	10.06	-11.91	0
324	3.43	-13.77	0
325	1.18	-19.71	0
326	3.66	-18.84	0
327	6.61	-17.29	0
328	7.89	-17.25	0
329	8.17	-17.43	0
330	8.77	-16.81	0
331	9.44	-17.42	0
332	9.31	-17.74	0
333	7.8	-17.68	0
334	8.61	-16.81	0
335	9.65	-16.25	0
336	10.06	-16.94	0
337	10.48	-16.93	0
338	11.96	-16.06	0.04
339	12.57	-7.65	0.37
340	6.6	-7.36	0.28
341	-0.32	-11.61	0
342	-1.66	-16.35	0
343	-2.01	-23.17	0
344	0.1	-22.61	0
345	3.56	-17.64	0
346	11.83	-3.92	0
347	12.18	-8.15	0
348	13.88	-5.73	0
349	9.84	-13.11	0
350	7.11	-16.19	0
351	9.89	-12.08	0
352	7.83	-15.94	0
353	8.4	-13.32	0
354	7.64	-16.32	0
355	6.43	-17.06	0
356	4.52	-15.05	0
357	0.06	-19.9	0
358	4.26	-19.05	0
359	5.12	-18.81	0
360	5.49	-18.67	0
361	5.34	-19.77	0
362	5.31	-21.02	0
363	6.03	-20.75	0
364	6.63	-19.33	0
365	4.34	-16.78	0
366	6.86	-17.63	0
