# weather for site: year =  1969
# DOY Tmax(C) Tmin(C) PPT(cm)
1	7.5	-7.81	0
2	8.89	-6.66	0
3	8.69	-6.71	0
4	9.72	-6.43	0
5	10.36	-6.19	0
6	13.55	-6.21	0
7	15.73	-4.97	0
8	13.95	-6.1	0.08
9	1.93	-12.74	0
10	6.58	-8.11	0
11	9.15	-3.73	0
12	9.9	-2.37	0.12
13	9.26	1.33	0.47
14	8.51	-2.38	0.12
15	7.8	-3.3	0
16	6.23	-7.28	0
17	6.71	-10.14	0
18	7.11	-9.27	3.3
19	5.07	-7.42	3.45
20	7.75	-4.14	5.88
21	6.15	-5.21	3.67
22	1.31	-3.66	1.56
23	-1.99	-10.47	0.67
24	-4.5	-10.13	2.73
25	2.08	-10.34	7.24
26	4.22	-6.93	1.59
27	-0.46	-7.64	0.57
28	-1.36	-8.56	0.75
29	-2.68	-18.9	0.54
30	-1.22	-14.54	0.36
31	0.48	-17.97	0
32	2.62	-12.7	0.05
33	2.33	-13.17	0
34	2.93	-14.16	0
35	5.09	-12.76	0
36	5.9	-9.51	1.03
37	2	-7.13	1.31
38	0.38	-17.73	0
39	1.08	-16.41	0
40	6.86	-10.67	0
41	7.04	-4.8	0
42	8.45	-5.4	0
43	6.7	-4.36	0.13
44	3.86	-8.7	0
45	1.25	-5.71	1.43
46	1.83	-4.81	1.79
47	3.14	-7.25	0.43
48	4.83	-11.1	0.19
49	4.54	-5.39	0.29
50	0.61	-5.36	0.48
51	3.06	-7.92	0.91
52	3.28	-12.69	0.25
53	2.44	-10.88	0.09
54	2.17	-7.84	1.15
55	-1.07	-8.77	3.08
56	0.93	-11.84	1.89
57	1.65	-10.24	0.2
58	1.71	-12.59	0
59	4.27	-9.2	0
60	5.08	-7.46	0.01
61	3.18	-11.47	0.32
62	3.32	-9.94	0.19
63	-0.01	-7.11	1.48
64	5.64	-9.89	0.19
65	8.54	-8.44	0.19
66	-0.2	-9.42	0.1
67	1.24	-11.21	0
68	1.41	-9.83	0.78
69	-2.18	-7.6	0.17
70	2.03	-10.86	0
71	2.71	-7.06	0.01
72	1.55	-7.94	0.09
73	4.32	-10.5	0
74	8.68	-9.5	0
75	10.95	-7.01	0
76	12.77	-0.71	0
77	10.12	-2.45	0
78	8.34	-9.39	0
79	7.88	-6.1	0.27
80	6.56	-2.78	0
81	9.44	-6.45	0
82	12.8	-3.81	0
83	10.4	-8.53	0
84	10.46	-9.85	0
85	14.36	-7.25	0
86	17.06	-4.06	0
87	18.84	-1.96	0
88	19.62	-1.89	0
89	19.58	0.92	0
90	18.91	1.38	0
91	16.91	-4.69	0
92	15.71	-4.21	0
93	12.24	-3.82	0
94	15.47	-4.99	0.07
95	16.2	0.26	0.09
96	6.53	-4.37	0.02
97	7.94	-8.9	0
98	12.43	-6.92	0
99	14.33	-4.17	0
100	14.71	-4.3	0
101	16.59	-4.1	0
102	17.69	0.2	0
103	15.25	-3.32	0
104	12.09	-2.06	0
105	7.55	-4.61	0
106	11.96	-6.09	0
107	17	-3.05	0
108	15.56	-1.47	0.33
109	16.14	-4.58	0
110	21.06	-1.41	0
111	23.39	0.34	0
112	22.45	2.42	0
113	17.81	1.22	0.41
114	7.04	-3.58	0.08
115	7.61	-7.65	0
116	9.68	-6.19	0
117	13.31	-6.14	0
118	17.38	-3.46	0
119	18.09	2.67	0
120	18.11	-3.11	0
121	17.93	1.03	0
122	16.58	-1.94	0
123	13.01	-4.05	0
124	11.46	-2.47	1.08
125	16.04	-1.27	0
126	20.56	1.96	0
127	21.85	2.14	0
128	24.76	4.29	0
129	24.87	5.05	0
130	24.56	4.28	0
131	24.6	4.21	0
132	22.69	3.62	0.22
133	21.34	2.71	0.04
134	20.43	2.23	0
135	18.3	-1.57	0
136	22.3	0.69	0
137	25.07	4.26	0
138	25.41	3.59	0
139	20.36	1.23	0
140	20.49	-0.28	0
141	21.24	0.97	0
142	23.72	2.43	0
143	25.61	2.83	0
144	25.78	4.12	0
145	23.42	1.98	0
146	21.78	5.18	0
147	20.44	4.99	0
148	21.08	-0.12	0
149	24.64	2.58	0
150	26.25	4.65	0
151	25.63	4.51	0
152	23.48	3.47	0
153	25.7	5.22	0.04
154	28.51	5.91	0
155	28.85	8.95	0
156	27.93	7.51	0
157	26.95	4.69	0.19
158	26.64	6.91	0.4
159	24.05	7.74	0.47
160	15.82	2.42	2.09
161	16.12	3.75	0.35
162	16.4	4.8	0
163	19.56	7.09	0.25
164	22.97	5.54	0.02
165	22.62	8.54	0.71
166	21.92	6.49	0.77
167	19.48	5.73	0.45
168	16.57	5.8	0.65
169	20.48	6.45	0.15
170	22.23	6.6	0
171	22.52	6.05	0
172	21.15	5.17	0
173	23.89	6.48	0
174	22.35	7.54	0
175	21.35	6.73	0
176	18.92	6.51	0
177	19.25	2.41	0
178	19.33	4.49	0
179	20.08	0.94	0
180	19.9	0.86	0
181	24.95	1.82	0
182	27.53	5.91	0
183	27.79	7.57	0
184	25.61	6.25	0
185	25.31	4.44	0
186	24.89	6.09	0
187	24.37	5.65	0
188	23.25	4.94	0.03
189	25.52	5.89	0.01
190	25.72	6.89	0
191	28.05	8.23	0
192	29.18	9.25	0
193	29.13	10.1	0.01
194	27.96	9.96	0
195	27.63	9.31	0
196	27.53	8.27	0
197	29.26	7.68	0
198	30.66	10.03	0
199	31.27	10.45	0
200	32.76	14.85	0
201	32.75	13.54	0
202	32.91	11.17	0
203	33.48	12.8	0.2
204	32	15.62	0.1
205	29.29	12.95	0.42
206	29.35	12.41	0
207	31.09	10.8	0
208	30.52	11.34	0
209	28.7	9.85	0
210	30.29	11.44	0
211	30.42	8.89	0
212	31.17	8.55	0
213	30.25	7.34	0
214	32.37	9.33	0
215	32.42	10.08	0
216	30.41	9.33	0
217	29.23	7.25	0
218	29.39	4.86	0
219	30.02	6.55	0
220	30.96	5.75	0
221	33.2	7.16	0
222	32.62	10.34	0
223	30.52	10.35	0
224	28.87	8.23	0
225	29.39	5.62	0
226	31.41	9.73	0
227	31.41	10.32	0
228	30.96	8.99	0
229	29.08	8.71	0
230	28.58	5.42	0
231	29.08	5.71	0
232	30.95	6.8	0
233	31.82	8.58	0
234	31.93	9.14	0
235	32.39	8.82	0
236	31.91	9.08	0
237	29.39	7.11	0
238	29.29	4.9	0
239	28.32	3.99	0
240	27.67	3.84	0
241	25.31	2.73	0
242	26.75	3.5	0
243	28.61	5.39	0
244	29.47	7.14	0
245	29.47	8.55	0
246	28.85	11.36	0
247	27.39	4.38	0
248	27.37	5.97	0
249	28	6.42	0.05
250	27.04	9.91	0.17
251	26.69	9.82	0.04
252	27.01	7.66	0
253	27.37	6.35	0
254	26.97	5.81	0
255	27.17	6.56	0
256	26.73	4.72	0
257	24.58	2.4	0
258	24.38	2.61	0
259	23.81	2.51	0
260	24.19	3.37	0
261	23.81	5.27	0
262	22.02	4.37	0
263	20.32	5.08	0
264	18.08	0.18	0
265	23.39	0.42	0
266	24.22	2.6	0
267	24.68	1.75	0
268	25.44	2.73	0
269	26.7	3.51	0
270	26.44	4.3	0
271	25.86	1.96	0
272	24.33	1.93	0
273	23.12	4.25	0
274	23.74	1.9	0
275	22.05	3.19	0
276	12.38	-1.61	0
277	9.81	-8.56	0
278	12.78	-8.26	0
279	15.5	-7.16	0
280	19.19	-4.91	0
281	19.12	2.17	0
282	16.84	-1.66	0
283	14.87	0.51	0
284	9.56	-6.42	0
285	9.88	-9.44	0
286	11.66	-8.1	0.06
287	10.66	-4.41	0.73
288	4.44	-1.86	0.78
289	11.03	-1.93	0.76
290	9.51	-2.93	0.38
291	4.52	-3.08	0.82
292	8.85	-7.01	0.33
293	10.89	-7.13	0
294	13.59	-4.73	0
295	16.26	-3.36	0
296	17.31	-3.49	0
297	15.92	-1.51	0
298	15.52	-4.19	0
299	14.49	-4.86	0
300	15.06	-4.17	0
301	13.27	-3.69	0
302	12.86	-6.97	0
303	13.77	-6.37	0
304	13.77	-6.01	0
305	14.52	-5.36	0
306	15.15	-5.5	0
307	17.28	-5.18	0
308	18.52	-3.27	0
309	15.33	1.47	0.15
310	8.18	-0.08	0.3
311	4.31	-5	0.44
312	8.26	-5.75	0
313	8.49	-9.41	0
314	9.17	-9.06	0
315	11.75	-7.28	0
316	13.87	-4.56	0
317	13.32	-6.33	0
318	12.45	-6.93	0
319	11.6	-5.63	0.03
320	9.02	-2.55	0.11
321	5.98	-11.97	0
322	4.08	-13.74	0
323	6.91	-11.1	0
324	8.73	-10.46	0
325	11.36	-7.58	0
326	10.69	-10.58	0
327	9.1	-12.55	0
328	11.45	-10.53	0
329	9.92	-9.99	0
330	8.75	-11.59	0
331	9.17	-11.71	0
332	8.27	-12.11	0
333	7.25	-13.77	0
334	7.03	-14.65	0
335	8.09	-12.71	0
336	8.21	-11.52	0
337	9.6	-11.6	0
338	7.36	-11.98	0
339	4.96	-12.76	0
340	5.87	-10.39	0
341	8.08	-11.13	0
342	6.95	-9.92	0
343	4.05	-9.94	0
344	5.84	-8.66	0
345	7.42	-3.11	0
346	10.62	-2.85	0
347	12.43	-6.28	0
348	13.61	-6.92	0
349	11.42	-6.22	0
350	13.61	-10.6	0
351	11.13	-9.93	0
352	9.43	-5.77	0.55
353	7.74	-4.36	1.34
354	9.94	1.09	2.46
355	10.88	1.47	2.21
356	5.09	-6.4	2.96
357	9.15	-2.98	1.19
358	8.41	-2.94	1.84
359	7.06	-1.34	0.77
360	1.39	-8.71	0.35
361	-2.26	-8.26	0.84
362	-3.23	-11.84	0
363	-3.04	-14.03	0
364	0.17	-13.07	0
365	2.22	-13.44	0
