# weather for site: year =  1949
# DOY Tmax(C) Tmin(C) PPT(cm)
1	4.82	-6.18	0.03
2	-1.4	-18.26	0
3	-9.2	-26.46	0
4	-9.48	-29.37	0
5	-7.11	-27.94	0
6	-3.41	-23.58	0.01
7	-0.87	-21.91	0.14
8	-0.33	-13.2	0.15
9	-9.38	-20.93	0.23
10	-10.79	-24.51	0.29
11	-11.19	-26.66	0.29
12	-10.38	-23.56	0.76
13	-9.41	-18.55	1
14	-3.28	-13.83	0.81
15	-5.44	-27.58	0
16	-5.59	-28.83	0
17	-8.72	-30.11	0.02
18	-8.75	-26.21	1.02
19	-6.45	-22.35	0.64
20	-5.98	-19.5	0.83
21	1.03	-24.3	0.04
22	-0.52	-18.05	0.32
23	-4.02	-20.36	0.05
24	-7.84	-19.05	0.08
25	-11.78	-30.24	0
26	-13.1	-34.64	0
27	-5.03	-25.49	0
28	-2.88	-28.9	0
29	-6.29	-29.55	0
30	-6.37	-28.11	0
31	-4.99	-26.5	0
32	-6.74	-26.74	0.17
33	-5.46	-27.23	0.35
34	-1.46	-17.76	0.08
35	0.16	-11.59	0.11
36	-0.03	-11.72	0.04
37	1.95	-19.82	0.66
38	-0.78	-10.51	0.15
39	-3.13	-24.1	0
40	-1.66	-20.8	0
41	3.98	-11.2	0.27
42	4.01	-8.44	0.11
43	-6.45	-20.74	0
44	-7.58	-18.02	0
45	-2.55	-22.45	0
46	2.31	-9.11	0
47	5.96	-10.58	0
48	8.36	-11.64	0
49	8.62	-12.12	0
50	8.87	-11.71	0
51	4.87	-8.18	0
52	8.89	-8.56	0
53	12.11	-5.65	0
54	9.83	-9.5	0.03
55	7.79	-6.59	0.37
56	9.49	-6.37	0.7
57	8.13	-5.9	0.25
58	5.99	-5.9	0
59	9.43	-10.02	0
60	7.69	-8.35	0.01
61	7.35	-4.76	0.54
62	4.1	-5.24	0.5
63	4.46	-4.94	0.19
64	6.94	-10.16	0
65	6.62	-11.72	0
66	5.81	-5.23	0
67	6.86	-9.66	0
68	6.8	-6.78	0.18
69	7.26	-6.75	0.12
70	6.2	-6.63	0.39
71	5.77	-7.93	0
72	10.19	-9.69	0
73	13.88	-9.46	0
74	15.74	-6.48	0
75	13.57	-1.38	0
76	13.4	-7.31	0
77	16.1	-6.04	0
78	12.21	-2.89	0
79	11.18	-6.36	0
80	12.91	-7.08	0
81	8.4	-3.79	0
82	5.44	-8.34	0
83	5.62	-9.53	0
84	8.75	-12.45	0
85	12.52	-7.46	0
86	12.84	-3.41	0.23
87	4.98	-6.97	0.1
88	6.15	-13.98	0.17
89	3.96	-8.81	0.5
90	5.74	-5.54	0.19
91	8.88	-10.33	0
92	8.86	-4.05	0.55
93	10.55	-4.01	0
94	15.65	-9.24	0
95	17.53	-6.04	0
96	14.11	-4.87	0
97	12.59	-0.52	0
98	13.51	-1.18	0
99	17.08	-6.92	0
100	21.22	-6.49	0
101	22.05	-4.85	0
102	20.3	-2.61	0
103	19.99	-6.66	0
104	20	-5.81	0
105	20.49	-5.48	0
106	22.73	-4.71	0
107	21.98	-1.39	0.03
108	19.59	-2.28	0.02
109	15.72	1.35	0
110	17.85	-4.17	0
111	22.69	-1.8	0
112	22.42	-0.36	0
113	23.32	3.97	0
114	21.36	-0.98	0
115	20.54	-4.81	0
116	21.44	-4.37	0
117	22.54	-4.72	0
118	19.33	1.82	0
119	15.9	-2.42	0
120	17.59	-7.08	0
121	18.21	-0.88	0
122	18.03	2.72	0
123	15.91	-1.17	0
124	15.8	-3.48	0
125	15.12	-5.36	0
126	17.72	-6.42	0
127	21.13	-4.39	0
128	18.44	0.05	0.32
129	15.71	-6.25	0.03
130	17.67	-1.02	0.35
131	20.06	-1.37	0.26
132	23.34	3.25	0.03
133	21.52	4.85	1.69
134	16.51	3.57	1.31
135	14.32	1.92	1.02
136	13.17	5.69	0.51
137	13.84	0.31	0.23
138	10.37	-1.29	1.06
139	9.23	0.54	0.55
140	12.1	-0.29	0
141	16.48	-2.74	0
142	20.67	-2.14	0
143	22.91	0.55	0
144	24.64	1.4	0
145	26.8	2.46	0
146	27.19	4.07	0
147	26.79	1.07	0
148	22.89	4.48	0.01
149	16.49	2.12	0.23
150	14.33	-0.87	0.08
151	14.27	1.23	0
152	15.92	-3.64	0
153	17.03	-1.84	0
154	16.54	-3.16	0
155	21.79	0	0
156	24.16	0.69	0
157	24.95	5.16	0
158	25.64	6.15	0
159	26.97	3.94	0
160	29.01	3.95	0
161	30.26	7.5	0
162	29.88	4.93	0
163	27.96	2.34	0
164	28.89	3.57	0
165	29.76	4.54	0
166	30.57	6.65	0
167	28.16	7.94	0
168	23.41	-0.74	0.02
169	19.04	3.46	0.16
170	18.63	-0.68	0
171	21.07	-0.22	0
172	25.19	0.33	0
173	25.78	1.06	0
174	24.82	0.98	0
175	26.93	3.61	0
176	26.52	4.39	0
177	23.96	7.52	0
178	26.31	0.12	0
179	23.58	3.86	0
180	22.47	1.15	0
181	25.07	-0.38	0
182	28.1	3.16	0
183	28.42	4.68	0
184	28.62	6.86	0
185	27.46	4.21	0
186	25.96	3.62	0
187	26.6	-1.12	0
188	28.16	1.64	0
189	30.54	4.57	0
190	31.21	7.08	0
191	32.04	8.89	0
192	30.75	8.87	0.04
193	30.97	6.54	0
194	31.79	5.87	0
195	32.71	6.99	0
196	33.29	9.26	0
197	32.22	6.39	0
198	32.05	6.35	0
199	29.07	9.53	0
200	26.63	4.33	0
201	26.46	2.98	0
202	28.77	3.32	0
203	29.08	2.55	0
204	28.12	2.99	0
205	26.34	6.77	0
206	26.86	2.16	0
207	29.21	5.3	0
208	29.26	3.22	0
209	30.25	6.24	0
210	30.86	8.12	0.02
211	31.15	9.87	0.03
212	29.56	9.62	0.01
213	30.81	8.53	0
214	32.1	9.77	0
215	32.4	7.42	0
216	31.78	6	0
217	30.91	4.3	0
218	27.33	7.47	0
219	27.09	8.52	0
220	26.78	2.28	0
221	24	4.21	0.03
222	24.14	2.11	0
223	24.34	3.96	0.05
224	26.21	-0.8	0
225	26.2	2.12	0
226	26.53	2.53	0.09
227	26.68	2.67	0
228	27.59	3.97	0
229	28.64	2.21	0
230	26.64	0.3	0
231	26.72	-1.11	0
232	29.87	0.86	0
233	26.54	0.3	0
234	25.07	5.1	0
235	24.83	4.92	0
236	25.81	-0.8	0
237	26.49	-0.8	0
238	27.84	0.26	0
239	24.47	4.01	0.13
240	24.15	7.68	0
241	27.22	4.17	0
242	30.82	5.6	0
243	30.98	6.38	0
244	32.05	3.55	0
245	30.16	5.18	0
246	29.88	2.21	0
247	28.06	2.73	0
248	27.23	-1.56	0
249	27.01	-0.76	0
250	27.22	-1.4	0
251	27.64	-0.81	0
252	24.24	2.69	0
253	23.1	-2.45	0
254	22.06	-3.32	0
255	22.34	-1.13	0
256	22.68	-0.27	0
257	26.43	-1.49	0
258	26.63	0.15	0
259	26.27	5.85	0
260	22.75	-2.32	0
261	25.07	-4.58	0
262	29.11	0.1	0
263	28.08	0.07	0
264	28.7	0.4	0
265	30.38	2.59	0
266	30.1	3.58	0
267	27.36	5.07	0
268	22.62	3.64	0
269	23.1	-4.77	0
270	22.13	0.78	0.05
271	19.76	-1.5	0
272	19.82	-3.78	0
273	21.22	-2.92	0
274	23.19	-2.05	0
275	23.63	-3.41	0
276	24.75	-2.35	0
277	25.42	-3.09	0
278	22.03	6.27	0
279	18.02	-4.02	0.23
280	12.81	-5.92	0
281	4.82	-5.8	0
282	12.45	-9.52	0
283	17.35	0.82	0
284	22.56	-3.88	0
285	23.63	-0.88	0
286	16.19	0.94	0
287	18.01	-6.69	0
288	22.15	-3.47	0
289	22.34	-1.33	0
290	17.83	2.94	0.11
291	9.41	-10.78	0.14
292	1.71	-11.69	0
293	6.16	-7.86	0
294	11.03	-12.54	0
295	13.35	-11.28	0
296	15.25	-11.31	0
297	17.46	-11.68	0
298	18.81	-10.26	0
299	17.3	-9.59	0
300	17.89	-8.03	0
301	20.03	-7.5	0
302	18.96	-6.13	0
303	17.13	-8.77	0
304	18.7	-9.46	0
305	18.71	-9.35	0
306	19.11	-10.25	0
307	20.23	-10.7	0
308	19.52	-11.62	0
309	18.22	-12.62	0
310	18.39	-8.21	0
311	13.17	-1.92	0.03
312	11.1	-6.66	0.03
313	6.67	-1.81	4.19
314	6.86	-3.88	0.52
315	8.12	-9.24	0
316	12.29	-10.38	0
317	13.97	-11.36	0
318	14.1	-11.12	0
319	15.09	-11.73	0
320	12.52	-10.57	0
321	14.76	-10.2	0
322	15.82	-12.06	0
323	15.35	-11.24	0
324	15.63	-11.3	0
325	14.86	-11.62	0
326	16.09	-12.42	0
327	16.55	-8.83	0
328	17.2	-6.72	0
329	19.12	-7.97	0
330	18.84	-8.94	0
331	18.4	-5.69	0
332	17.73	-2.58	0
333	15.31	-8.96	0
334	12.71	-6.4	0
335	12.24	-11.36	0
336	14.29	-11.93	0
337	11.5	-12.42	0
338	10.86	-13.04	0
339	14.68	-5.74	0
340	7.16	-11.72	0
341	6.5	-8.96	0
342	6.26	-13.09	0
343	5.49	-14.88	0.39
344	2.53	-18.46	0.42
345	-4.99	-24.87	0
346	-3.22	-22.68	0
347	0.71	-19.37	0
348	1.09	-15.98	0
349	1.22	-13.04	0
350	3.96	-9.48	0.19
351	4.58	-5.03	0
352	5.1	-4.25	0.52
353	1.51	-12.84	0.11
354	-3.59	-22.28	0
355	-0.67	-21.84	0
356	3.62	-18.63	0
357	8.2	-16.16	0
358	6.23	-10.99	0
359	3.36	-17.77	0
360	9.45	-13.81	0
361	10.54	-14.63	0
362	9.72	-14.38	0
363	9.87	-15.12	0
364	7.61	-10.07	0
365	9.08	-14.27	0.28
