# weather for site: year =  1958
# DOY Tmax(C) Tmin(C) PPT(cm)
1	4.24	-14.54	0
2	7.07	-9.94	0
3	4.35	-7.28	0
4	3.81	-13.41	0
5	3.45	-15.14	0
6	3.4	-15.14	0
7	3.07	-14.51	0
8	6.31	-13.04	0.04
9	6.8	-14.91	0.27
10	6.42	-8.89	0.16
11	5.26	-8.29	0.03
12	7.7	-11.21	0.08
13	5.34	-10.92	0
14	3.67	-13.41	0
15	5.15	-12.33	0
16	5.7	-10.25	0
17	9.52	-13	0
18	8.92	-13.86	0
19	4.28	-16.32	0
20	5.75	-15.52	0
21	3.39	-14.52	0
22	2.79	-17.25	0.02
23	8.28	-14.45	0.68
24	9.01	-4.44	1.8
25	5.76	-5.88	0.35
26	6.21	-6.96	0.3
27	4.9	-8.13	0
28	9.12	-3.92	0.68
29	11.29	2.84	1.12
30	7.9	-5.76	0.6
31	4.53	-11.12	0
32	5.99	-12.3	0.45
33	7.47	-8.19	0.68
34	6.46	-3.52	1.1
35	7.12	-6.74	0.02
36	7.32	-5.61	0
37	7.71	-4.89	0
38	9.04	-5.11	1.08
39	8.51	-5.85	0
40	8	-4.38	0
41	9.36	-4.29	0
42	10.29	-7.36	0.17
43	9.88	-3.06	0.45
44	8.49	-8.88	0
45	10.21	-6.07	0
46	13.43	-4.43	0
47	14.52	-3.83	0
48	16.29	-2.37	0.02
49	16.4	-4.84	0.01
50	13.52	-3.73	0
51	11.25	-0.71	0
52	14.7	-8.41	0
53	15.55	-6.01	0
54	14.32	-6.21	1.16
55	15.05	-3.55	2.35
56	8.4	-2.99	0.85
57	2.53	-9.45	0.07
58	3.7	-12.11	0.27
59	1.89	-8.02	0.19
60	-0.4	-15.19	0
61	3.41	-13.48	0
62	4.5	-10.88	0
63	5.32	-12.41	0.01
64	9.28	-11.25	0.07
65	9.43	-8.81	0.4
66	1.95	-9.9	0
67	6.13	-6.53	0
68	3.09	-12.21	0.03
69	3.02	-11.26	0.07
70	1.49	-8.98	0.53
71	3.52	-9.19	0.08
72	2.92	-11.55	0.18
73	3.81	-10.35	0.97
74	3.86	-6.14	0.58
75	5.35	-5.24	1.41
76	7.26	-7.06	0
77	9.45	-10.06	0
78	12.12	-9.27	0.42
79	10.49	-0.65	0.84
80	7.64	-2.91	0.99
81	8.21	-3.83	0
82	9.68	-5.53	0
83	9.67	-3.98	0
84	8.13	-3.09	0
85	7.33	-10.62	0.07
86	6.94	-9.77	0.04
87	8.17	-3.92	0.05
88	10.12	-3.62	0.84
89	7.58	-2.76	0.82
90	6.22	-7.81	0.16
91	5.15	-3.21	0.88
92	6.06	-5.69	2.24
93	3.2	-4.28	1.54
94	2.49	-7.32	0
95	5.88	-8.82	0.03
96	5.67	-3.89	0
97	7.27	-5.26	0
98	10.28	-8.05	0
99	12.17	-4.5	0
100	13.96	-5.36	0
101	12.63	-6.56	0
102	14.27	-8.29	0
103	16.5	-6.62	0
104	17.27	-3.77	0
105	18.83	-4.16	0
106	19.86	-5.88	0
107	19.54	-0.7	0
108	17.58	0.06	0
109	18.97	-1.41	0
110	20.87	-1.44	0
111	20.8	-4.88	0
112	16.84	1.22	0
113	8.87	-10.87	0
114	10.22	-10.06	0
115	11.11	-5.63	0
116	15.5	-6.16	0
117	15.48	-6.82	0
118	15.02	-1.7	0
119	13.6	-1.86	0.91
120	14.28	-4.46	0
121	17.38	-4.85	0
122	19.36	-1.42	0
123	20.44	-2.09	0
124	23.02	-0.94	0
125	23.17	1.85	0
126	21.05	0.34	0
127	19.31	-3.87	0
128	21.36	-2.11	0
129	23.51	-0.07	0
130	24.55	1.03	0.3
131	20.44	3.76	1.31
132	11.57	-0.32	0.08
133	14.58	-2.34	0
134	18.41	-3.54	0
135	21.3	-1.33	0
136	23.52	-0.09	0
137	25.62	1.82	0
138	25.83	4.51	0
139	26.41	1.17	0
140	25.63	4.07	0
141	25.56	1.45	0
142	24.25	4.12	0
143	22.04	1.06	0
144	23.06	2.24	0
145	24.12	5.81	0
146	25.35	2.06	0
147	24.85	2.03	0
148	21.96	3.69	0
149	22.86	2.01	0
150	21.5	4.34	0
151	21.43	5.76	0
152	20.55	4.49	0
153	17.33	2.47	0.03
154	17.54	1.27	0
155	19.04	-1.36	0
156	23.21	4.92	0
157	20.19	5.01	0.01
158	17.97	0.56	0
159	16.55	0.78	0
160	15.94	-0.92	0
161	19.23	3.25	0.35
162	17.37	3.94	1.46
163	14.35	3.47	1.05
164	13.63	2.12	1.66
165	18.41	1.5	0
166	23.09	4.13	0.17
167	26.69	5.23	0.17
168	27.11	7.09	0.06
169	26.22	6.73	0.12
170	25.02	4.86	0
171	24.74	5.26	0
172	26.86	6.33	0
173	28.65	8.81	0
174	27.4	10.8	0
175	24.28	4.06	0
176	23.38	5.53	0
177	28.16	6.25	0
178	28.06	11.39	0
179	26.69	2.17	0
180	25.22	7.13	0
181	21.59	4.48	0
182	21.73	4.5	0
183	22.13	4.98	0
184	24.38	5.26	0
185	25.91	5.45	0
186	27.72	6.61	0
187	29.73	7.26	0
188	29.63	6.59	0
189	29.36	3.56	0
190	29.98	5.98	0
191	30.79	5.38	0
192	31.83	6.73	0
193	31.56	6.17	0
194	30.14	6.09	0
195	28.44	6.64	0.06
196	27.04	6.29	0.68
197	24.63	5.12	0.16
198	21.61	4.17	0.1
199	21.99	3.59	0
200	24.04	5.6	0.07
201	25.91	5.01	0
202	26.28	7.5	0.09
203	27.12	8.6	0.34
204	25.01	6.11	0.01
205	25.55	3.09	0
206	27.21	6.98	0
207	28.93	6.84	0
208	30.41	7.3	0
209	31.06	7.31	0
210	29.22	7.33	0
211	26.89	6.23	0
212	27.51	5.98	0.02
213	29.85	7.35	0.19
214	29.35	8.6	0
215	29.06	6.73	0
216	29.25	6.14	0
217	30.55	5.61	0
218	32.34	7.78	0
219	31.58	8.77	0
220	28.55	12.9	0.29
221	28.26	7.84	0.03
222	29.75	10.74	0.08
223	30.61	9.72	0
224	31.93	9.14	0.18
225	32.7	7.96	0
226	31.64	8.65	0.01
227	31.87	9.55	0.07
228	28.09	12.29	1.02
229	25.27	11.34	0.52
230	24.32	8.53	0.68
231	26.08	5.12	0.2
232	27.04	7.41	0
233	27.77	5.26	0
234	27.01	4.75	0
235	28.32	5.48	0
236	29.74	5.72	0
237	31.1	6.66	0
238	29.9	7.73	0
239	29.28	8.02	0
240	28.3	7.39	0
241	27.95	4.77	0
242	27.12	3.76	0
243	28.87	4.17	0
244	30.19	5.78	0
245	28.57	7.47	0
246	27.21	2.68	0
247	25.82	1.52	0
248	26.65	1.54	0
249	28.09	2.58	0.3
250	27.62	7.06	0.92
251	26.97	6.08	0.07
252	25.25	1.02	0
253	26.41	0.08	0
254	24.24	0.39	0
255	21.62	2.47	0
256	17.75	-3.58	0
257	19.12	-2.03	0
258	21.17	-1.8	0
259	25.37	-0.27	0
260	26.61	6.28	0
261	25.41	1.27	0
262	28.21	1.01	0
263	24.97	2.88	0
264	26.23	0.04	0.03
265	25.7	4.74	0.01
266	18.17	2.37	0.11
267	13.17	-9.09	0.02
268	17.87	-6.26	0
269	21.89	-4.5	0
270	23.82	-2.36	0
271	25.04	-1.92	0
272	25.65	-1.33	0
273	25.08	-1.45	0
274	22.99	-3.43	0
275	23.55	-4.47	0
276	24.61	-4.28	0
277	25.79	-3.22	0
278	26.57	-1.07	0
279	24.71	-0.06	0
280	23.18	-4.53	0
281	23.66	-2.79	0
282	21.5	-2.55	0
283	21.67	-3.6	0
284	24.74	-2.74	0
285	25.22	-3.14	0
286	25.55	-2.8	0
287	24.96	-3.1	0
288	24.6	-1.43	0
289	23.98	-1.9	0
290	23.95	-2.19	0.02
291	21.9	7.35	0
292	18.48	2.47	0
293	12.44	-10.1	0
294	11.62	-12.36	0
295	14.89	-10.46	0
296	15.52	-5.02	0
297	14.18	-4.52	0
298	16.93	-4.65	0
299	17.31	-2.88	0
300	16.64	-4.39	0
301	16.95	-6.19	0
302	15.82	-9.09	0
303	15.72	-11.71	0
304	16.98	-8.49	0
305	15.24	-7.26	0
306	16.42	-8.61	0
307	18.48	-7.62	0
308	19.47	-5.02	0
309	18.46	-5.17	0
310	19.08	-6.76	0
311	18.8	-4.65	0
312	19.26	-5.51	0
313	20.44	-1.84	0
314	15.84	-0.28	0.22
315	7.26	-7.58	0
316	8.74	-14.14	0
317	13.01	-10.82	0.68
318	11.13	-4.75	1.68
319	3.46	-16.19	0.35
320	-4.62	-13.01	0
321	-3.94	-22.5	0
322	-0.04	-17.69	0
323	6.9	-12.63	0
324	9.79	-10.13	0
325	9.47	-11.06	0
326	9.24	-10.93	0
327	11.74	-11.56	0
328	10.36	-7.53	0
329	11.69	-8.66	0
330	11.31	-2.73	0
331	9.47	-8.84	0
332	9.24	-13.02	0
333	8.22	-13.65	0
334	9.12	-14.33	0
335	10.5	-12.5	0
336	11.53	-11.64	0
337	13.5	-11.69	0
338	17.53	-9.47	0
339	17.46	-8.33	0
340	15.47	-8.37	0
341	14.72	-12.2	0
342	14.16	-9.98	0
343	12.51	-7.72	0
344	12.74	-9.57	0
345	14.36	-8.49	0
346	13.31	-9.46	0
347	10.26	-12.53	0
348	7.94	-14.6	0
349	8.36	-15.16	0
350	9.58	-13.35	0
351	11.56	-13.61	0
352	12.2	-13.14	0
353	10.52	-14.25	0
354	10.32	-14.24	0
355	7.37	-10.31	1.06
356	3.52	-4.83	1.05
357	3.37	-7.84	0
358	3.42	-12.34	0
359	6.4	-10.01	0.28
360	9.58	-9.44	0.36
361	8.45	-4.84	0.13
362	6.62	-7.38	0
363	5.55	-13.4	0
364	5.35	-12.1	0
365	7.17	-8.59	0
