# weather for site: year =  1966
# DOY Tmax(C) Tmin(C) PPT(cm)
1	-2.75	-18.81	0
2	-1.96	-18.56	0
3	2.86	-14.04	0
4	4.93	-8.01	0.12
5	5.08	-4.55	0
6	8.57	-4.18	0
7	6.95	-8.78	0
8	11.72	-6.22	0
9	9.21	-10.07	0
10	6.9	-10.19	0
11	6.31	-8.44	0
12	4.76	-12.17	0
13	6.63	-10.62	0
14	8.38	-9.45	0
15	5.71	-5.05	0
16	1.63	-11.94	0
17	1.8	-14.16	0
18	2.24	-15.71	0
19	2.23	-13.02	0
20	-2.28	-17.55	0
21	0.53	-18.91	0
22	2.03	-14.04	0
23	0.35	-15.68	0
24	3.82	-11.35	0
25	4.26	-14.72	0
26	3.39	-11.9	0
27	3.27	-13.56	0
28	4.94	-17.08	0
29	10.63	-14.64	0
30	7.66	-5.15	0
31	3.26	-9.38	0
32	1.28	-8.17	0.04
33	2.46	-12.51	0
34	6.08	-9.52	0
35	7.41	-8.35	0
36	7.62	-9.67	0.33
37	4.54	-5.04	0.02
38	-0.16	-14.08	0
39	-0.29	-14.09	0
40	2.52	-11.48	0.18
41	2.04	-10.75	0.22
42	1.36	-17.98	0
43	2.15	-11.36	0
44	4.69	-18.24	0
45	5.59	-14.57	0
46	3.7	-13.92	0
47	7.78	-16.65	0
48	10.35	-13.99	0
49	11.51	-11.05	0
50	10.27	-10.11	0
51	8.5	-12	0
52	7.52	-12.8	0
53	10.9	-7.39	0
54	10.93	-2.96	0
55	6.11	-6.69	0
56	3.78	-14.41	0
57	3.96	-10.4	0
58	7.77	-13.8	0
59	9.55	-14.36	0
60	8.96	-4.42	0.62
61	-0.84	-13.6	0.4
62	-1.55	-16.19	0
63	1.62	-17.06	0
64	8.28	-7.48	0
65	11.92	-2.55	0
66	12.96	0.15	0
67	14.12	-5.33	0
68	14.21	-3.14	0
69	13.52	-2.57	0
70	14.2	-7.44	0
71	15	-3.59	0
72	15.51	-2.79	0
73	14.01	-4.07	0
74	13.7	-4.96	0
75	10.27	-2.88	0
76	6.2	-14.67	0
77	14.03	-10.17	0
78	14.05	-5.22	0
79	10.55	-13.01	0
80	10.72	-0.94	0
81	9.68	-11.34	0
82	10.97	-14.06	0
83	14.04	-12.22	0
84	15.17	-10.59	0
85	16.19	-8.21	0
86	18.65	-7.04	0
87	19.37	-7.32	0
88	20.25	-7.13	0
89	21.75	-6.66	0
90	23.03	-4.06	0
91	24.92	-3.11	0
92	24.28	-3.16	0
93	18.67	-5.68	0
94	16.56	-6.18	0
95	19.72	-6.66	0
96	20.35	-2.67	0
97	20.35	-1.31	0
98	18.72	-3.19	0
99	16.88	-1.31	0
100	10.78	0.47	0
101	9.84	-2.58	0
102	11.85	-0.86	0
103	14.29	-6.81	0
104	18.17	-7.44	0
105	21.49	-5.05	0
106	22.26	-3.76	0
107	20.76	1.58	0.15
108	14.65	-4.09	0.65
109	5.97	-7.4	0
110	11.4	-11.42	0
111	12.25	-5.94	0
112	11.89	-7.57	0
113	15.71	-5.97	0
114	19.56	-3.92	0
115	20.76	-0.63	0
116	20.5	2.58	0
117	13.59	-9.77	0
118	16.12	-7.14	0
119	17.4	-5.61	0
120	19.88	-5.65	0
121	22.78	-4.83	0
122	24.31	-2.3	0
123	24.78	0.04	0
124	22.84	1	0
125	21.8	2.16	0
126	21.96	2.37	0
127	24.18	0.64	0
128	23.81	4.08	0
129	21.29	2.87	0.93
130	18.17	3.89	0.15
131	18.03	0.08	0
132	16.91	-3.36	0
133	19.55	-0.5	0
134	20.05	1.64	0
135	19.9	-2.95	0
136	20.95	-0.33	0
137	21.34	-1.58	0
138	22.23	-0.29	0
139	24.96	0.44	0.03
140	26.08	3.12	0.18
141	24.18	4.32	0.03
142	22.07	5.76	0
143	21.47	-2.46	0
144	23.72	-0.68	0
145	26.83	3.66	0
146	26.61	4.91	0.15
147	26.08	3.96	0
148	25.16	5.4	0.04
149	22.48	4.14	0.26
150	18.09	0.48	0.07
151	16.33	-2.42	0
152	17.62	-1.28	0
153	16.45	-3.47	0
154	17.49	-3.19	0
155	19.54	-1	0
156	20.93	-2.73	0
157	20.08	7.17	0
158	15.35	1.81	0.13
159	19.89	2.7	0.07
160	20.99	5.1	0
161	22.9	3.12	0
162	23.56	-0.89	0
163	23.51	0.53	0
164	26.91	1.9	0
165	28.72	4.58	0
166	28.3	5.03	0.01
167	27.35	6.71	0.01
168	28.57	3.85	0
169	28.69	4.71	0
170	28.92	4.35	0
171	27.11	9.05	0
172	23.1	7.22	0
173	20.43	1.84	0
174	20.97	0	0
175	20.63	-0.96	0
176	23.54	-1.22	0
177	28.13	3.04	0
178	29.62	3.79	0
179	30.03	6.83	0
180	28.53	5.53	0
181	27.02	3.4	0
182	26.29	3.64	0
183	24.02	6.47	0
184	22.72	-1.7	0
185	26.49	2.12	0
186	28.63	2.76	0
187	28.49	3.55	0
188	26.34	4.14	0
189	23.63	5.19	0
190	22.76	2.01	0
191	24.09	3.38	0
192	25.25	3.36	0
193	24.98	5.08	0
194	24.76	1.77	0
195	24.84	1.29	0
196	26.58	1.43	0
197	26.78	2.39	0
198	27.89	2.29	0
199	29.55	2.01	0
200	30.23	6.01	0
201	29.55	6.64	0
202	29.95	7.24	0
203	31.37	8.19	0
204	30.93	6.77	0
205	30.7	7.95	0
206	29.85	6	0
207	29.34	5.18	0
208	30.29	4.78	0
209	31.02	4.04	0
210	32.8	6.61	0
211	31.61	12.46	0
212	25.42	12.9	0.01
213	29.44	7.8	0
214	30.23	10.55	0.03
215	29.98	8.97	0
216	31.44	10.52	0
217	31.19	6.7	0
218	31.31	3.69	0
219	31.81	3.29	0
220	30.95	6.02	0
221	31.16	5.96	0
222	31.21	7.47	0
223	31.09	6.92	0
224	29.81	5.63	0
225	30.8	6.52	0
226	30.52	6.01	0
227	31.06	6.87	0
228	31.58	8.58	0
229	31.42	10.03	0
230	30.75	8.87	0.65
231	29.2	6.55	0.04
232	28.15	4.83	0
233	27.11	4.95	0
234	28.3	3.88	0
235	29.22	2.97	0
236	29.54	5.72	0
237	28.31	9.96	0
238	24.78	9.68	0
239	24.32	1.97	0
240	27.1	1.71	0
241	25.87	5.09	0
242	20.36	2.92	0
243	19.46	0.72	0
244	21.52	0.09	0
245	24.01	-1.46	0
246	26.33	-0.66	0
247	27.58	1.74	0
248	28.43	2.78	0
249	28.44	7.29	0
250	27.9	1.44	0
251	26.97	-1.02	0
252	27.28	1.86	0
253	26.28	-0.84	0
254	25.17	0.82	0
255	20.55	0.84	0
256	19.83	-1.58	0
257	17.3	-5.13	0
258	19.29	-3.99	0
259	24.76	-2.5	0
260	26.54	-1.41	0
261	26.29	3.7	0.74
262	16.91	3.43	1.58
263	20.5	2.19	0.03
264	24.54	1.17	0.06
265	26.16	1.75	0
266	27.83	5.19	0
267	27.21	6.23	0
268	25.25	3.14	0
269	24.1	3.31	0.03
270	20.06	3.69	0
271	21.26	3.06	0
272	24.43	3.49	0
273	24.63	3.11	0
274	24.47	1.27	0
275	23.19	4.83	0
276	17.19	-0.34	0
277	17.4	-3.43	0
278	20.06	-4.27	0
279	21.86	-2.98	0
280	21.44	-0.67	0
281	21.22	0.21	0
282	20.93	0.11	0
283	21.1	-0.94	0
284	21.46	-0.08	0
285	18.07	0.97	0
286	13.54	-5.61	0
287	9.1	-11.34	0
288	10.62	-10.55	0
289	10.67	-8.7	0
290	15.25	-8.2	0
291	16.97	-8.08	0
292	18.42	-7.11	0.14
293	17.66	-0.81	0
294	13.25	-2.52	0
295	15.97	-7.66	0
296	17.24	-3.95	0
297	17.94	-3.83	0
298	21.29	-2.88	0
299	20.63	-1.89	0
300	18.44	-4.77	0
301	17.88	-4.47	0
302	17.99	-4.85	0
303	19.41	-5.31	0
304	18.68	-4.67	0
305	18	-5.67	0
306	18.99	-5.22	0
307	17.6	-1.38	0
308	14.67	-6.87	0
309	14.82	-6.89	0
310	13.89	-1.63	0
311	9.05	0.09	0.03
312	8.06	-3.06	0.02
313	6.21	-12.57	0
314	9.28	-6.8	0.01
315	11.1	-2.26	0.03
316	13.15	-2.33	0
317	12.99	-3.55	0
318	15.26	-4.71	0
319	13.99	3.4	0.83
320	10.62	2.32	0.42
321	11.1	-4.12	0
322	11.3	-5.6	0
323	14.62	-6.25	0.11
324	12.45	1.54	1.13
325	6.9	-4.81	0.93
326	3.84	-4.26	0.09
327	1.35	-10.03	0
328	0.94	-12.28	0
329	2.99	-12.92	0
330	5.93	-8.35	0
331	6.6	-9.31	0.36
332	5.04	-2.53	0.48
333	11.46	-0.71	0
334	10.16	-5.79	0.04
335	9.35	-5.88	0.24
336	6.96	-0.87	0.96
337	5.97	-3.07	0.26
338	5.58	-7.8	2.84
339	4.85	-2.34	3.56
340	0.72	-3.46	5.5
341	3.02	-4.86	0
342	3.08	-5.91	0
343	2.98	-8.56	0
344	5.58	-3.89	0.1
345	6.32	-6.3	0
346	7.89	-7.09	0
347	10.98	-5.72	0
348	7.99	-8.45	0
349	5.42	-9.52	0
350	5.76	-9.68	0
351	6.88	-8.94	0
352	6.87	-9.15	0
353	6.51	-10.89	0
354	6.56	-8.69	0
355	4.07	-8.26	0
356	0.05	-6.43	0
357	2.1	-10.74	0
358	1.2	-12.35	0
359	2.4	-12.5	0.19
360	1.16	-9.4	0
361	-2.32	-13.05	0
362	-0.69	-14.72	0.6
363	-0.81	-11.54	0.06
364	-0.3	-8.43	0
365	5.25	-12.25	0
