# weather for site: year =  1959
# DOY Tmax(C) Tmin(C) PPT(cm)
1	8.9	-13.47	0
2	7.42	-9.44	0
3	-0.21	-19.6	0
4	-0.66	-19.47	0.23
5	4.57	-15.22	0.16
6	4.34	-5.35	0.06
7	6.81	-11.87	0.11
8	6.73	-9.21	0.81
9	11.36	-4.96	0.16
10	10.38	-0.49	0.04
11	11.02	-5.48	0
12	11.27	-2.95	0
13	8.69	-6.8	0
14	9.75	-11.89	0
15	11.69	-9.12	0
16	12.9	-8.22	0
17	14.63	-10.46	0
18	14.84	-9.28	0
19	9.6	-9.03	0
20	3.96	-14.95	0
21	3.24	-14.96	0
22	5.76	-10.17	0
23	10.82	-9.24	0.12
24	13.57	-5.26	0.51
25	9.49	-4.58	1.01
26	7.36	-9.95	0
27	8.87	-8.31	0.02
28	6.61	-4.35	0
29	5.53	-14.08	0.01
30	5.85	-11.86	0
31	4.02	-13.64	0
32	0.88	-11.46	0
33	0.58	-13.34	0
34	6.17	-14.83	0
35	10.53	-11.8	0
36	10.59	-11.46	0
37	12.16	-12.86	0.11
38	9.62	-6.88	0.07
39	4.06	-8.74	1.45
40	1.26	-15.11	1.22
41	2.29	-7.75	1.35
42	1.01	-9.5	1.23
43	0.37	-9.83	1.08
44	-0.04	-22.1	0
45	4.55	-17.25	1.21
46	6.34	-9.06	1.53
47	5.35	-4.33	3.29
48	8.98	-4.2	0.03
49	7.89	-4.28	0.03
50	6.21	-7.46	0
51	7.56	-9.03	0
52	6.81	-8.57	0
53	4.8	-6.27	0
54	5.73	-11.17	0.08
55	6.08	-10.31	0
56	7.93	-12.48	0
57	11.06	-9.57	0
58	11.16	-10.2	0
59	13.84	-9.95	0
60	16.56	-9.16	0
61	16.33	-8.05	0
62	14.54	-7.67	0
63	10.91	-11.98	0
64	13.98	-13.05	0
65	15.08	-9.28	0
66	13.27	-7.25	0
67	13.28	-11.55	0
68	14.93	-7.29	0
69	12.21	-9.08	0
70	11.68	-13.18	0
71	16.25	-9.33	0
72	16.07	0.8	0
73	14.22	-10.45	0
74	12.34	-11.78	0
75	13.55	-12.25	0
76	18.01	-4.33	0
77	16.78	-3.63	0
78	13.47	-4.62	0
79	13.95	-12.5	0
80	15.85	-6.34	0
81	14.68	-4.89	0
82	11.19	-4.34	0.33
83	8.75	-5.87	0
84	10.78	-11.75	0.03
85	12.07	-1.06	0.12
86	10.49	-9.69	0
87	13.46	-5.75	0
88	13.76	-5.4	0.03
89	12.88	0.5	0
90	12.14	-9.52	0
91	20.79	-3.45	0
92	22.77	-3.66	0
93	22.53	-3.08	0
94	23.57	-2.69	0
95	22.8	-2.74	0
96	19.31	-4.03	0
97	13.98	-9.9	0
98	13.4	-11.13	0
99	14.98	-10.08	0
100	17.1	-8.78	0
101	20.68	-5.75	0
102	21.28	-4.32	0
103	19.36	-6.42	0
104	18.11	-6.7	0
105	15.13	-2.84	0
106	13.8	-10.69	0
107	15.6	-3.42	0
108	14.73	-10.56	0
109	14.4	-6.5	0
110	14.77	-8.9	0
111	18.65	-5.75	0
112	19.57	-3.59	0
113	20.79	-1.17	0
114	21.62	0.1	0
115	17.91	-0.19	0.03
116	13.9	-0.13	0
117	14.48	-8.15	0
118	17.58	-3.78	0
119	22.76	-1.32	0
120	23.96	5.16	0
121	18.14	4.07	0
122	8.37	-4.96	0
123	7.83	-4.85	0.25
124	10.84	-8.19	0
125	14.94	-4.16	0
126	14.1	-0.35	0
127	16.96	-4.63	0
128	20.18	-2.9	0
129	19.04	-1.65	0
130	20.51	-2.29	0
131	24.05	-0.13	0
132	26.79	1.14	0
133	26.62	7.22	0.36
134	19.86	0.66	0
135	18.14	-2.76	0
136	17.52	-4.69	0
137	16.93	0.4	0
138	16.46	-2.33	0
139	13.67	-1.9	0
140	14.43	-4.46	0.18
141	15.73	-2.28	1.18
142	14.62	-1.27	1.36
143	10.82	-0.05	0.31
144	14.5	-2.48	0.44
145	18.2	-1.55	0
146	17.61	1.76	0.4
147	18.4	-3.08	0
148	16.85	-4.57	0
149	17.44	-3.27	0
150	17.78	-3.76	0
151	21.05	-2.42	0
152	23.66	-1.57	0
153	25.87	1.18	0.18
154	25.43	2.72	0
155	25.78	-0.5	0
156	26.9	1.65	0
157	24.94	8.05	0
158	21.71	-3.73	0
159	23.28	-1.07	0
160	22.91	5.76	0
161	22.75	-0.62	0
162	27.38	1.45	0
163	28.71	5.18	0
164	26.98	2.8	0
165	27.8	3.83	0
166	25.75	5.22	0
167	25.47	4.33	0
168	26.11	1.04	0.06
169	28.62	4.16	0
170	30.54	5.99	0
171	31.34	7.77	0
172	32.13	8.65	0
173	31.64	5.6	0
174	31.75	4.25	0
175	30.9	4.7	0
176	26.57	6.85	0
177	23.43	6.59	0
178	22.95	3.08	0
179	23.57	0.8	0
180	22.23	1.4	0
181	24.76	-0.79	0
182	28.4	3.7	0
183	28.23	4.57	0
184	27.09	6.49	0
185	27.88	4.31	0
186	28.17	4.4	0
187	26.66	5.07	0
188	25.33	6.38	0
189	25.93	0.54	0
190	30.39	2.38	0
191	33.27	8.94	0
192	33.74	7.59	0
193	32.53	10.1	0
194	31.71	8.28	0.1
195	30.15	11.47	0
196	29.83	7.34	0
197	32.97	7.03	0
198	34.55	9.11	0
199	33.82	10.7	0.27
200	32.85	10.06	0
201	33.42	9.99	0
202	32.43	9.38	0
203	32.63	11.59	0
204	30.98	14.18	0.18
205	30.7	7.1	0
206	32.03	7.92	0
207	32.12	8.92	0
208	32.48	6.61	0
209	30.86	7.1	0
210	29.99	3.51	0
211	32.52	6.25	0
212	32.49	9.14	0
213	31.35	9.65	0
214	30.95	2.99	0
215	29.66	1.71	0
216	29.53	2.56	0
217	29.91	3.43	0
218	31.83	4.09	0
219	32.67	7.23	0
220	32.95	9.59	0.01
221	33.35	9.99	0
222	32.22	12.55	0
223	30.41	7.73	0
224	28.32	3.11	0
225	26.99	2.47	0
226	29.19	2.15	0
227	30.24	4.54	0
228	32.5	5.08	0
229	31.38	8.16	0
230	27.46	9.34	0
231	22.07	7.19	0.52
232	19.11	0.1	0
233	18.51	1.94	0.26
234	23.72	-1.43	0
235	26.54	0.85	0.03
236	27.99	8.27	0
237	26.9	3.35	0
238	26.65	3.11	0
239	27	0.71	0
240	26.75	-2.39	0
241	26.33	-2.52	0
242	28.85	-1.17	0
243	28.33	4.85	0
244	27.75	-0.87	0
245	29.1	-0.76	0
246	29.41	0.71	0
247	28.08	3.56	0
248	27.58	1.79	0
249	28.34	1.3	0
250	30.11	3.59	0.05
251	28.59	4.33	0
252	28.38	2.89	0
253	27.92	3.56	0
254	28.48	4.79	0.44
255	27.41	3.6	0.25
256	26.1	5.13	0
257	21.19	6.25	0
258	15.39	-6.94	0
259	16.01	-3.8	0.01
260	15.9	-4.49	0.05
261	15.05	1.7	0.82
262	15.92	-0.53	0
263	19.69	-4.48	0
264	17.8	-4.72	0
265	18.4	-5.05	0
266	18.24	-3.61	0
267	18.73	-5.94	0
268	22.47	-0.17	0
269	23.02	-1.86	0
270	20.67	-2.61	0
271	15.58	-8.72	0
272	11.89	-7.98	0
273	11.1	-6.08	0
274	11.16	-2.44	0
275	12.78	-9.07	0
276	17.24	-8.99	0
277	23	-6.9	0
278	23.49	-1.56	0
279	19.72	0.38	0
280	16.25	-6.58	0
281	17.96	-4.62	0
282	21.24	-1.31	0
283	22.35	-1.36	0
284	24.66	-2.1	0
285	21.62	-2.9	0
286	19.16	-8.34	0
287	21.14	-8.73	0
288	23.7	-7.12	0
289	23.71	-4.22	0
290	22.31	-6.43	0
291	24.8	-5.23	0
292	21.08	-6.4	0
293	20.7	-7.07	0
294	20.46	-5.35	0
295	20.66	-1.35	0
296	24.01	-1.91	0
297	24.85	-1.97	0
298	26.51	-0.67	0
299	24.28	-1.27	0
300	21.5	-1.23	0
301	16.04	-8.28	0
302	10.2	-9.26	0
303	5.82	-5.1	0
304	10.14	-13.39	0
305	14.25	-11.83	0
306	15.55	-9.19	0
307	17.08	-5.59	0
308	11.81	-11.06	0
309	9.54	-16.56	0
310	11.41	-16.75	0
311	14.14	-14.64	0
312	13.88	-14.77	0
313	15.21	-14.52	0
314	16.54	-13.64	0
315	17.11	-13.24	0
316	18.29	-11.19	0
317	13.3	-13.35	0
318	8.37	-14.15	0
319	11.22	-14.01	0
320	15.07	-13.52	0
321	14.76	-14.12	0
322	16.42	-13.78	0
323	14.99	-6.44	0
324	12.64	-9.86	0
325	12.82	-5.01	0
326	10.79	-10.32	0
327	13.23	-7.6	0
328	14.2	-8.77	0
329	14.15	-9.34	0
330	11.33	-11.81	0
331	9.97	-13.75	0
332	12.6	-11.95	0
333	12.96	-13.2	0
334	12.64	-11.48	0
335	11.55	-11.56	0
336	12.7	-11.43	0
337	12.32	-7.91	0
338	6.81	-12.98	0
339	3.22	-17.48	0
340	6.79	-16.3	0
341	9.1	-16.27	0
342	8.61	-16.73	0
343	7.23	-13.68	0
344	7.07	-12.53	0
345	10.43	-12.31	0
346	9.21	-14.74	0.25
347	4.77	-13.09	0
348	1.71	-18.22	0
349	3.19	-15.93	0
350	5.01	-15.1	0
351	4.75	-10.34	0
352	4.02	-7.91	0
353	8.59	-12.69	0
354	5.8	-11.5	0
355	5.65	-9.48	0
356	6.54	-12.42	0
357	4.11	-11.65	0.01
358	4.58	-9.16	0.35
359	3.52	-8.64	0
360	1.63	-17.61	0
361	2.57	-17.93	0
362	1.24	-15.66	0
363	1.76	-17.92	0
364	4.53	-15.98	0.72
365	0.91	-14.86	0.04
