# weather for site: year =  1971
# DOY Tmax(C) Tmin(C) PPT(cm)
1	5.41	-9.65	0.83
2	0.92	-11.59	1.52
3	-8.3	-26.48	0
4	-8.48	-26.41	0
5	-7.87	-25.02	0
6	-5.49	-23.23	0
7	-0.75	-14.79	0
8	4.73	-9.35	0
9	8.12	-4.21	0
10	9.24	-1.81	0.38
11	6.23	-1.06	1.26
12	2.67	-6.36	1.16
13	-2.54	-10.43	1.91
14	2.84	-10.22	0.49
15	7.12	-7.92	0
16	7.29	-2.64	0
17	11.48	0.89	0
18	15.22	-1.08	0
19	15.3	-3.75	0
20	13.48	-1.12	0
21	7.02	-9.05	0
22	4.7	-10.04	0
23	6.06	-9.57	0
24	8.9	-8.99	0
25	10.23	-8.32	0
26	10.69	-8.17	0
27	10.69	-9.16	0
28	11.05	-8.86	0
29	11.85	-8.31	0
30	12.09	-8.19	0
31	12.07	-8.31	0
32	11.05	-7.86	0
33	9.57	-4.88	0
34	5.26	-11.43	0
35	6.92	-9.76	0
36	8.19	-3.96	0.02
37	8.05	-6.46	0
38	8.74	-10.16	0
39	9.41	-11.49	0
40	11.24	-9.86	0
41	16.56	-6.28	0
42	16.26	-5.27	0
43	14.65	-5.83	0
44	17.06	-4.48	0.09
45	16.17	-3.97	0
46	14.47	-4.86	0.08
47	8.93	-10.54	0
48	5.69	-4.96	0.03
49	9.08	-9.7	0.07
50	6.29	-9.09	0.87
51	1.01	-8.33	0.25
52	2.98	-10.89	0
53	4.25	-8.52	0.07
54	3.52	-4.78	0.4
55	10.18	-9.47	0
56	7.09	-9.49	0.08
57	-1.28	-15.64	0
58	-0.42	-14.88	0.11
59	-0.8	-8.92	0.08
60	-1.43	-16.04	0.16
61	2.09	-17.31	0
62	9.76	-7.66	0
63	7.69	-5.53	0
64	5.01	-10.69	0.67
65	5.39	-13	0
66	9.48	-9.17	0
67	10.68	-8.57	0
68	10.87	-8.87	0
69	10.06	-6.73	0
70	10.55	-4.79	1.11
71	9.27	0.11	0.92
72	4.03	-8.29	1.76
73	6.1	-6.97	0
74	8.3	-5.08	0
75	12.56	-8.32	0
76	7.47	-6.29	0
77	5.23	-11.25	0
78	11.18	-9.66	0
79	15.38	-7.12	0
80	15.19	-5.14	0
81	16.58	-1.58	0.17
82	14.08	0.6	0.1
83	12.01	-2.97	1.4
84	11.46	1.42	0.48
85	8.9	-2.75	0.97
86	10.56	-2.75	0.33
87	14.34	-5	0
88	18.74	-4.66	0
89	18.01	-0.43	0
90	11.69	-9.95	0
91	11.26	-9.83	0
92	13.94	-6.92	0
93	13.96	-6.58	0
94	17.13	-5.94	0
95	18.68	-5.11	0
96	14.88	0.64	0
97	10.31	-1.85	0
98	12	-6.08	0
99	14.74	-3.68	0
100	13.99	-0.1	0
101	13.5	-4.05	0
102	15.6	-4.56	0
103	15.42	-2.53	0
104	14.18	0.08	0
105	17.03	-2.66	0
106	16.03	-1.77	0.01
107	12.45	-6.29	0
108	5.56	-4.58	0.08
109	13.02	-7.71	0
110	12.53	-2.14	0
111	6.73	-6.79	0.02
112	7.87	-8.14	0.16
113	10.48	-3.39	0.07
114	8.71	-4.86	0.7
115	3.5	-5.46	0.63
116	9.23	-3.57	0.31
117	13.47	-3.7	0
118	15.38	-2.36	0
119	17.16	-2.21	0
120	18.33	-3.5	0
121	18.35	-0.19	0.1
122	16.49	0.99	0.3
123	12.55	0.26	1.19
124	10.99	0.44	0.58
125	12.42	1.15	0.1
126	10.94	0.23	0.28
127	11.27	0.81	1.06
128	13.47	0.99	0.05
129	14.03	1.05	0
130	17.68	0.78	0.09
131	18.36	1.62	0.07
132	19.36	1.53	0.07
133	18.89	4.95	0
134	19.54	2.43	0
135	21.61	0.67	0
136	18.86	-0.69	0
137	10.14	-5.54	0
138	14.17	-6.35	0
139	18.17	-2.38	0
140	18.38	3.38	0.44
141	13.86	-4.17	0.57
142	14.19	-3.7	0.49
143	18.27	-0.08	0
144	20.64	1.36	0
145	21.26	2.62	0.03
146	19.5	5.68	0.7
147	11.27	1.4	2.41
148	10.62	-0.15	0.95
149	13.56	-2.35	0.11
150	13.2	-1.34	0.24
151	9.71	-2.56	0.03
152	8.01	-0.44	0
153	13.01	-2.14	0
154	16.09	1.62	0
155	17.26	3.43	0
156	17.63	-0.09	0.29
157	21.67	2.84	0
158	23.96	4.15	0
159	23.18	4.42	0
160	21.93	3.63	0
161	19.75	4.67	0
162	21.01	4.81	0
163	23.12	3.53	0
164	23.02	7.12	0
165	24.39	2.74	0
166	26.45	6.1	0
167	27.83	4.71	0
168	27.1	5.44	0
169	24.64	7.45	0
170	24.75	6.06	0
171	26.35	4.29	0
172	27.27	8.16	0
173	27.61	5.57	0
174	27.42	4.61	0
175	25.8	5.21	0
176	26.73	6.55	0
177	22.93	11.18	0.06
178	21.04	1.47	0
179	20.38	3.4	0
180	21.95	2.38	0
181	25.24	3.62	0
182	27.7	6.41	0
183	27.53	6.18	0
184	26.12	6.32	0
185	25.85	6.29	0
186	25.88	6.96	0
187	26.33	5.87	0
188	26.09	5.85	0
189	26.04	6.12	0
190	26.07	4.13	0
191	25.13	4.71	0
192	25.93	4.64	0
193	28.72	6.3	0
194	29.72	8.64	0
195	31.89	10.4	0
196	32.37	11.8	0
197	31.89	14.15	0
198	30.04	10.85	0.5
199	28.64	12.56	0.5
200	29.15	9.84	0
201	29.37	11.38	0.01
202	28.89	8.46	0.44
203	29.51	11.05	0
204	30.34	10	0
205	30.94	10.26	0
206	31.48	11.3	0
207	31.86	12.72	0
208	33.1	10.65	0
209	33.73	12.69	0
210	32.83	12.93	0
211	33	12.99	0
212	32	12.81	0.5
213	31.59	12.05	0.03
214	31.88	10.31	0
215	30.52	11.1	0
216	29.85	10.67	0.03
217	28.87	10.98	0.44
218	28.73	9.17	0.27
219	29.49	10.33	0
220	30.26	11.13	0
221	32.73	12.03	0
222	33.37	12.27	0
223	33.73	11.81	0
224	32.15	11.55	0
225	31.39	9.66	0
226	30.4	9.48	0
227	30.29	9.92	0
228	28.51	9.45	0
229	29.24	7.57	0
230	29.61	7.56	0
231	30.96	8.7	0
232	29.59	6.51	0
233	27.87	5.76	0
234	26.36	4.65	0
235	25.73	5.06	0
236	27.9	5.42	0
237	29.75	10.78	0.07
238	29.84	9.15	0.09
239	28.97	6.34	1.35
240	27.13	8.28	0.1
241	27.36	7.01	0.03
242	25.61	2.47	0
243	22.87	5.01	0
244	25	1.19	0
245	24.01	4.57	0
246	20.78	0.29	0
247	23.17	-0.48	0
248	26.35	2.77	0
249	25.11	8.39	0
250	21.67	1.19	0
251	26.27	0.05	0
252	28.3	5.91	0
253	28.89	5.95	0
254	29.4	7.69	0
255	29.51	7.28	0
256	30.96	8.27	0
257	29.37	7.75	0
258	25.31	2.05	0
259	27.03	4	0
260	26.74	0.9	0
261	18.15	-5.07	0
262	20.86	-3.85	0
263	21.95	-0.42	0
264	19.45	-2.87	0
265	19.39	-3.96	0
266	23.04	-2.28	0
267	25.09	0.44	0
268	20.77	-0.35	0
269	13.4	-4.05	0
270	12.04	-4.32	0
271	14.31	-5.4	0.18
272	14.84	-2.33	0.05
273	10.79	-2.28	0.19
274	9.87	-8.52	0
275	14.19	-8.45	0
276	16.52	-4.78	0
277	19.03	-3.33	0
278	21.96	-0.52	0
279	24.66	0.48	0
280	24.16	1.55	0
281	23.66	2.5	0
282	24.44	1.06	0
283	25.08	0.49	0
284	25.64	2.95	0
285	24.32	1.36	0
286	26.03	1.43	0
287	24.55	3.63	0
288	18.15	-1.52	0.17
289	8.02	-5.11	1.65
290	0.33	-9.85	0.49
291	6.13	-6.76	0.41
292	13.33	-5.82	0
293	15.18	-1.45	0
294	13.63	-3.4	0
295	16.25	-5.25	0
296	15.63	-3.27	0
297	7.67	-2.1	0.01
298	8.15	-5.26	0
299	14.9	-6.12	0
300	13.75	-5.09	0.72
301	2.38	-11.4	0.66
302	-1.83	-16.67	0
303	2.45	-14.54	0.03
304	4.23	-7.49	0.02
305	9.51	-11.32	0
306	10.93	-8.66	0
307	11.59	-9.02	0
308	17.31	-7.5	0
309	14.96	-8.51	0
310	8.64	-10.65	0
311	13.34	-9.8	0
312	13.11	-10.02	0
313	16.41	-6.54	0
314	17.38	-5.11	0.56
315	16.33	-0.39	1.39
316	7.99	-2.34	0.15
317	4.66	-4.62	0.13
318	2.43	-10.7	0.2
319	0.37	-7.97	0.01
320	2.35	-6.43	0
321	5.04	-11.54	0
322	2.99	-8.68	0
323	2.95	-12.27	0
324	5.83	-11.63	0
325	9.24	-8.56	0
326	11.62	-5.9	0
327	10.7	-8.18	0
328	12.48	-5.1	0
329	9.16	-7.15	0
330	11.79	-6.05	0.13
331	8.76	-4.54	0.15
332	7.03	-2.69	0.71
333	5.9	-3.82	0.11
334	2.59	-4.36	0
335	2.79	-8.55	0.06
336	2.93	-8.22	0.08
337	3.32	-10.22	0
338	1.64	-9.88	0.03
339	9.52	-7.23	0.01
340	8.81	-4.09	0.07
341	-0.34	-12.41	0
342	-1.93	-17.4	0
343	4.92	-14.99	0
344	2.89	-11.92	0.17
345	3.69	-11.44	0
346	1.31	-12.39	0.11
347	-0.16	-15.29	0.13
348	4.1	-13.16	0.08
349	2.74	-14.38	0.1
350	-0.64	-16.6	0
351	0.86	-15.67	0
352	0.66	-15.05	0
353	5.38	-13.25	0
354	8.22	-12.35	0
355	6.19	-13.35	2.64
356	4.92	-6.53	2.58
357	3.21	-4.77	1.59
358	3.59	-5.39	1.23
359	2.9	-4.91	2.01
360	-0.55	-11.88	1.24
361	-2.54	-12.57	0.42
362	-4.67	-11.08	0.3
363	-2.54	-17.04	0
364	-3.29	-17.43	0
365	-4.5	-15.9	0
