# weather for site: year =  1964
# DOY Tmax(C) Tmin(C) PPT(cm)
1	15.19	-10.07	0
2	13.5	-3.32	0
3	3.52	-15.49	0
4	4.52	-13.45	0
5	5.38	-17.19	0
6	7.42	-8.15	0
7	6.82	-3.42	0
8	2.7	-16.15	0
9	7.48	-15.19	0
10	5.31	-7.57	0
11	0.01	-17.61	0
12	0.75	-14.83	0
13	2.46	-17.94	0
14	0.77	-11.23	0
15	2.06	-14.31	0
16	8.51	-14.34	0
17	7.76	-9.2	0.01
18	4.71	-3.8	0
19	6.94	-2.69	0
20	8.66	1.04	1.28
21	6.21	-8.63	1.3
22	-2.1	-7.32	0.15
23	-0.58	-11.92	0
24	2.97	-11.04	0
25	3.18	-9.06	0.06
26	4.04	-5.56	0
27	3.94	-11.61	0.05
28	7.56	-11.99	0
29	6.89	-11.31	0
30	8.09	-9.32	0
31	8.01	-11	0
32	11.1	-8.18	0
33	8.39	-10.54	0
34	6.99	-14.11	0
35	9.31	-11.85	0
36	9.31	-11.45	0
37	3.14	-15.08	0
38	6.36	-15.38	0
39	8.06	-14.39	0
40	12.32	-12.3	0
41	13.42	-12.19	0
42	11.96	-7.12	0
43	4.19	-15.6	0
44	3.7	-12.93	0
45	3.88	-16.01	0
46	4.42	-11.19	0
47	3.65	-9.05	0
48	6.99	-14.72	0
49	9.53	-13.8	0
50	10.73	-12.69	0
51	8.53	-13.86	0
52	8.63	-15.84	0
53	7.75	-13.61	0
54	8.73	-14.67	0
55	10.62	-13.23	0
56	6.53	-10.77	0
57	7.95	-18.1	0
58	9.39	-15.1	0
59	9.3	-13.86	0
60	7.71	-11.24	0.03
61	9.29	-9.81	0.52
62	4.96	-13.08	0
63	4.14	-14.43	0
64	11.32	-8.23	0
65	12.18	-4.88	0.14
66	2.27	-9.42	0.65
67	-1.81	-9.14	0.28
68	0.34	-18.82	0.06
69	5.53	-8.65	0
70	6.42	-6	0
71	9.66	-7.61	0.1
72	6.82	-5.15	0
73	5.72	-7.09	0
74	11.73	-11.94	0
75	11.95	-4.25	0
76	10.99	-11.02	0
77	16.12	-10.22	0
78	16.52	-7.32	0
79	9.88	-12.82	0
80	13.92	-12.04	0
81	10.91	-3.11	0
82	3.13	-10.9	0.42
83	2.73	-9.99	0.21
84	2.63	-9.22	0
85	7.38	-12.8	0
86	11	-7.93	0
87	14.03	-10.7	0
88	16.08	-7.82	0
89	18.6	-7.75	0
90	19.25	-6.7	0
91	18.54	-1.6	0.01
92	10.42	0.48	0.07
93	6.6	-7.53	0
94	5.8	-10.74	0
95	11.96	-8.91	0.07
96	10.81	-6	0.21
97	4.78	-9.08	0
98	10.25	-6.39	0
99	15.21	-7.06	0
100	15.83	-4.31	0
101	14.85	-2.83	0
102	15.92	-4.48	0
103	15.47	-7.16	0
104	17.93	-6.13	0
105	20.26	-4.76	0
106	21.52	-1.04	0
107	18.65	4.63	0
108	14.84	-7.45	0
109	11.8	-5.77	0
110	10.86	-0.38	0
111	14.81	-5.57	0
112	15.07	-5.57	0.39
113	14.52	-5.46	0.23
114	10.06	-7.03	0.61
115	2.36	-12.56	0
116	8.47	-7.67	0
117	14.49	-5.21	0
118	18.14	-3.61	0
119	21.32	-2.39	0
120	18.86	-0.65	0
121	14.54	-3.55	0
122	14.02	-2.6	0.21
123	5.89	-8.04	0.18
124	7.01	-7.39	0.38
125	6.99	-4.63	0.28
126	4.62	-3.75	0.89
127	3.05	-5.36	0.89
128	9.33	-5.91	0.01
129	12.67	-3.27	0
130	17.08	-4.9	0
131	19.38	-0.56	0
132	20.04	0.26	0
133	21.96	0.15	0
134	20.77	7.25	0
135	20.39	2.17	0
136	22.68	-3.11	0
137	21.24	-0.82	0
138	18.56	-1.3	0
139	24.61	-1.02	0
140	24.76	6.08	0
141	22.26	8.27	0
142	21.35	-2.49	0
143	21.5	-0.06	0
144	22.6	-2.4	0
145	21.82	8.18	0
146	20.37	-0.71	1.22
147	19.78	3.65	2.06
148	12.98	-1.25	0.67
149	13.92	-1.97	0
150	16.31	-0.46	0
151	18.58	1.24	0
152	22.76	2.29	0
153	23.44	5.25	0
154	22.15	1.77	0
155	23.26	4.09	0
156	23.5	8.36	0.02
157	20.65	5.04	0
158	20.32	6.19	0.18
159	16.93	0.61	0.09
160	13.78	0.01	0.46
161	10.6	-2.44	1.33
162	13.6	-1.27	0
163	18.54	0.52	0
164	21.56	1.18	0
165	22.99	3.74	0
166	25.53	5.5	0
167	24.99	5.15	0
168	17.49	4.38	0
169	17.86	2.82	0
170	17.73	-0.69	0
171	19.63	-0.84	0
172	22.3	2.05	0
173	22.19	1.62	0
174	25.28	2.22	0
175	28.01	3.45	0
176	29.94	7.59	0
177	28.86	5.99	0
178	26.56	8.46	0
179	24.51	3.8	0
180	24.98	2.93	0
181	25.04	3.46	0
182	26.48	2.26	0
183	26.27	6.92	0
184	24.96	4.74	0
185	24.26	2.86	0
186	25.3	4.77	0
187	24.61	0.39	0
188	28.09	5.6	0
189	30.1	8.06	0
190	28.96	4.42	0
191	26.9	2.67	0
192	29.27	6.08	0
193	31.03	7.94	0.47
194	31.08	9.03	0
195	29.91	7.5	0
196	28.28	7.75	0
197	26	4.96	0
198	29.47	4.97	0
199	29.59	7.06	0
200	28.31	8.74	0
201	29.51	4.92	0
202	30.11	7.16	0
203	29.65	5.49	0
204	29.16	4.21	0
205	29.78	5.59	0
206	31.52	7.15	0
207	32.38	11.14	0
208	31.83	8.65	0
209	31.46	9.42	0.01
210	29.15	10.96	0.25
211	29.12	7.93	0.04
212	27.8	10.14	0
213	26.43	2.74	0
214	24.99	5.44	0
215	26.75	3.35	0
216	28.9	4.87	0
217	30.1	4.73	0
218	30.41	5.34	0
219	29.72	7.63	0.08
220	28.91	10.06	0.16
221	29.97	8.99	0
222	30.34	5.66	0
223	29.55	10.01	0
224	30.15	7.56	0
225	29.24	4.82	0
226	29.19	5.02	0
227	30.44	5.15	0
228	29.22	6.82	0.12
229	28.77	4.55	0
230	30.03	6.27	0
231	27.25	6.41	0
232	25.4	4.29	0
233	25.03	2.37	0
234	26.7	2.24	0
235	29.13	2.85	0
236	30.65	6.94	0
237	30.52	5.83	0.03
238	29.61	4.38	0.06
239	27.88	7.23	0
240	25.74	0.71	0
241	24.71	5.95	0
242	23.12	0.02	0
243	23.79	-1.12	0
244	22.11	7.48	0.27
245	13.06	-1.25	0
246	16.96	-5.39	0
247	22.07	-3.25	0
248	24.26	-0.27	0
249	24.68	-1.19	0
250	23.69	-1.99	0
251	24.28	-1.91	0
252	24.02	-2.9	0
253	23.71	-3.25	0
254	24.51	-0.78	0
255	25.55	0.17	0
256	26.25	1.31	0
257	26.1	1.85	0
258	24.84	-0.69	0
259	23.25	-0.72	0
260	25.74	-2.04	0
261	24.75	7.08	0
262	20.46	-0.99	0
263	19.93	-4.18	0
264	21.43	-2.93	0
265	18.85	-3.61	0
266	18.56	-5.23	0
267	22.54	-2.31	0
268	24.44	-0.22	0
269	26.85	-1.26	0
270	25.44	2.7	0
271	25.12	-0.6	0
272	25.03	-2.29	0
273	24.37	-0.95	0
274	25.83	-1.45	0
275	24.76	3	0
276	25.97	-1.7	0
277	26.21	-1.07	0
278	25.59	-0.22	0
279	25.92	0.4	0.03
280	26.38	-0.2	0
281	27.11	1.14	0
282	24.68	4.95	0
283	23.35	-0.3	0
284	22.95	-1.28	0
285	24.23	-2.44	0
286	25.38	-1.87	0
287	22.76	-0.72	0
288	23.1	-1.95	0
289	22.44	2.12	0
290	21.8	4.2	0
291	18.01	-4.71	0
292	15.99	-7.22	0
293	18.6	-8.62	0
294	20.93	-8.18	0
295	22.67	-7.68	0
296	22	-6.83	0
297	19.66	-7.77	0
298	20.19	-9.2	0
299	19.44	-7.32	0
300	16.23	-1.41	0
301	15.82	-5.01	0
302	16.16	3.07	0.38
303	14.09	1.58	0.45
304	12.39	-3.89	0
305	11.91	-5.74	0.12
306	9.94	-3.61	0.17
307	9.55	-4.45	0
308	12.45	-8.57	0
309	15.11	-6.86	0
310	14.8	-6.05	0
311	14.53	-6.92	0
312	14.31	-7.08	0
313	13.32	-4.63	0.08
314	11.18	-1.57	0.15
315	4.87	-5.13	0.81
316	3.54	-5.76	1.01
317	5.57	-2.59	0.55
318	2.17	-10.79	0.31
319	-2.32	-12.88	0.19
320	-3.33	-11.89	0.17
321	-4.31	-14.37	0.35
322	-4.11	-14.29	0.09
323	-2.24	-16.84	0
324	-0.58	-18.75	0
325	1.37	-17.58	0
326	3.27	-16.37	0
327	6.85	-12.17	0
328	8.72	-12.38	0
329	11.25	-8.6	0
330	14.31	-2.68	0.03
331	11.92	0.14	0
332	7.39	-7.03	0
333	9.94	-3.61	0
334	13.01	-7.09	0
335	12.89	-9.88	0.01
336	11.82	-1.32	0.07
337	9.72	-3.8	0.21
338	6.07	-10.14	0.01
339	0.8	-12.26	0
340	1.45	-8.57	0.01
341	1.32	-6.04	0
342	5.73	-9.17	0
343	5.85	-6.52	0
344	9.75	-3.85	0
345	11.95	-2.27	0.26
346	9.27	2.16	0.05
347	4.67	-12.82	0
348	1.15	-18.57	0
349	7.38	-13.64	0
350	9.42	-8.56	0
351	9.08	-14.17	0
352	2.7	-17.51	0
353	-1.33	-14.44	0.37
354	5.48	-10.79	1.1
355	7.19	-2.96	0.19
356	10.57	-0.47	3.56
357	13	4.95	2.98
358	12.06	6.48	1.17
359	10.86	1.69	0
360	8.91	3.22	0.53
361	7.4	-1.29	1.61
362	3.9	-6.99	2.52
363	-2.5	-8.5	0.18
364	-1.83	-11.16	0.07
365	-2.07	-13.26	0.46
366	-2.86	-9.84	0.04
