# weather for site: year =  1973
# DOY Tmax(C) Tmin(C) PPT(cm)
1	1.88	-15.88	0
2	5.66	-16.69	0.3
3	0.95	-11.55	0.69
4	-4.3	-19.24	0
5	-5.08	-24.77	0
6	-2.46	-20.65	0
7	-3.96	-23.03	0
8	-4.1	-22.45	0.7
9	-2.81	-12.98	0
10	-0.64	-12.87	0
11	3.6	-6.61	0.97
12	8.91	-3.72	0
13	11.34	-4.51	0
14	9.04	-10.6	0
15	12.42	-8.9	0.47
16	8.16	-1.84	2.05
17	5.1	-7.05	0.26
18	3.86	-4.75	1.5
19	-1.19	-9.11	0
20	-3.25	-16.21	0.02
21	-1.4	-14.6	0.51
22	-2.32	-16.99	0
23	-3.77	-17.27	0
24	0.79	-15.91	0
25	0.21	-13.48	0
26	-0.26	-11.58	0
27	-1.91	-16.02	0
28	2.22	-14.09	0
29	1.95	-12.37	0
30	3.86	-11.17	0
31	3.23	-9.33	0
32	2.29	-11.14	0
33	0.32	-10.42	0
34	0.6	-9.72	0
35	5.2	-8.9	0
36	4.91	-8.13	0
37	4.14	-6.32	0.89
38	3.94	-4.15	0.19
39	4	-2.65	0.15
40	6.09	-7.62	1.74
41	4.75	-4.63	3.01
42	0.98	-4.03	1.28
43	3.09	-6.05	0.37
44	3.22	-5.73	0
45	3.41	-6.57	0.13
46	3.48	-4.64	0.26
47	5.73	-7.18	0
48	6.29	-6.73	0
49	5.57	-7.81	0
50	5.75	-11.37	0
51	6.69	-10.35	0
52	6.36	-9.39	0
53	8.25	-8.64	0
54	9.84	-7.35	0
55	8.32	-5.92	0
56	9.14	-6.57	0.51
57	8.69	-6.71	0.24
58	8.04	-5.35	0.51
59	7.8	-3.75	0.34
60	10.63	-5.42	0.03
61	8.06	-6.12	0
62	9.25	-9.91	0.07
63	5.25	-6.27	0
64	6.63	-10.38	0.05
65	6.27	-7.55	0.15
66	9.49	-7.91	0
67	6.73	-3.81	0
68	10.84	-9.19	0
69	11.53	-5.86	0.53
70	8.42	-7.63	0
71	6.74	-7.74	0
72	3.61	-7.18	0.51
73	4.2	-7.64	0
74	9.56	-11.33	0
75	13.36	-8.84	0
76	10.68	-5.49	0
77	8.26	-10.16	0
78	10.61	-9.9	0
79	7.15	-5.94	0
80	4.97	-6.6	0
81	6.41	-7.87	0
82	12.18	-9.01	0
83	12.34	-9.43	0
84	12.76	-5.54	0.28
85	11.72	-2.31	0.14
86	8.89	-2.96	0.08
87	3.64	-8.49	0.75
88	6.19	-9.07	0
89	9.54	-5.11	0
90	10.23	-4.43	0.07
91	7.17	-7.57	0
92	5.96	-6.74	0.07
93	9.18	-5.7	0
94	13.1	-10.14	0
95	18.38	-8.18	0
96	18.31	-3.98	0
97	15.09	-4.67	0
98	14.96	-10.4	0
99	18.6	-4.98	0
100	17.01	-0.96	0
101	17.72	-3.96	0
102	16.22	-4.69	0
103	13.36	-1.98	0.27
104	10.57	-3.82	0.58
105	10.23	-2.61	0.11
106	13.97	-6.45	0
107	10.35	0.17	0.04
108	10.08	-9.13	0
109	5.7	-4.49	0
110	7.27	-5.17	0
111	11.22	-3.15	0
112	17.07	-5.66	0
113	18.5	1.39	0
114	17.34	-1.86	0
115	20.93	-5.19	0
116	22.82	-3.29	0
117	21.39	0.44	0
118	20.38	1.4	0
119	17.15	-0.28	0
120	12.66	-4.56	0
121	17.07	-6.9	0
122	19.99	-4.6	0
123	18.08	-0.21	0
124	12.42	-0.44	0.38
125	9.2	-3.5	0.36
126	17.16	-3.4	0
127	19.37	-1.93	0
128	20.16	0.07	0
129	22.91	-0.94	0
130	23.1	-0.11	0
131	24.91	0.12	0
132	25.98	1.76	0
133	25.59	4.26	0.06
134	25.6	3.09	0
135	26.04	5.29	0
136	26.32	5	0
137	28.14	4.61	0
138	27.05	8.21	0.06
139	25.17	2.77	0
140	22.43	3.76	0
141	22.59	1.12	0
142	23.73	2.33	0
143	23.66	2.42	0
144	21.14	7.21	0
145	16.14	7.44	0
146	18.77	-3.45	0
147	22	-0.69	0
148	26.03	0.47	0
149	27.93	4.02	0.01
150	25.43	5.44	0.32
151	18.91	5.31	0.27
152	18.95	6.05	0.02
153	20.57	0.85	0
154	19.22	1.72	0
155	22.39	-0.1	0
156	27.22	1.23	0
157	29.38	1.63	0
158	30.07	6.09	0
159	29.6	5.49	0
160	28.4	6.12	0
161	26.94	6.28	0
162	27.29	6.9	0
163	26.96	6	0
164	23.18	6.24	0
165	17.51	3.54	0
166	18.8	0.3	0
167	19	1.78	0
168	19.66	1.69	0
169	19.99	-0.55	0
170	24.86	-0.63	0
171	28.07	1.78	0
172	30.95	4.07	0
173	29.51	8.17	0
174	23.86	8.54	0
175	27.34	6.08	0
176	29.99	4.66	0
177	32.93	8.23	0
178	31.69	10.65	0
179	31.54	7.95	0
180	30.15	8.93	0
181	28.03	3.82	0
182	26.82	0.63	0
183	28.88	2.38	0
184	30.48	5.18	0
185	33.04	6.12	0
186	32.99	7.21	0
187	30.45	6.82	0
188	30.65	4.27	0
189	31.57	6.48	0
190	33.74	7.92	0
191	33.93	9.86	0
192	32.56	11.03	0
193	30.36	9.43	0
194	28.35	11.07	0.17
195	28.04	5.46	0
196	28.83	7.41	0
197	30.87	8.31	0
198	30.3	7.33	0.08
199	29.6	7.92	0
200	28.86	5.87	0
201	26.5	5.16	0
202	25.9	3.94	0
203	25.21	3.75	0
204	27.95	3.94	0
205	29.16	2.48	0
206	32.68	5.09	0
207	32.54	7.49	0
208	32.39	6.96	0
209	33.25	8.26	0
210	31.99	10.18	0.1
211	31.79	6.37	0
212	32.33	8.34	0
213	33.05	9.46	0.01
214	29.35	8.73	0.01
215	27.55	9.33	0.11
216	26.17	7.49	0.04
217	28.03	6.77	0
218	28.63	6.66	0
219	29.19	8.25	0
220	29.92	8.78	0
221	30.6	10.74	0
222	29.23	4.22	0
223	31.74	5.73	0
224	32.62	7.1	0
225	32.55	7.92	0
226	32.26	8.85	0
227	31.12	9.26	0
228	30.73	9.9	0
229	31.33	4.42	0
230	30.98	5.61	0
231	29.86	7.93	0
232	29.86	5.91	0
233	29.04	10.28	0
234	27.7	3.49	0
235	23.71	0.02	0
236	23.23	-3.45	0
237	21.63	5.04	0.03
238	17	3.75	0.57
239	21.54	0.9	0.03
240	25.62	0.89	0
241	28.88	2.55	0
242	28.4	4.88	0
243	25.52	11.6	0
244	21.7	2.27	0
245	22.05	-5.31	0
246	26.26	-1.02	0
247	28.82	-0.8	0
248	28.65	1.28	0
249	28.89	2.75	0
250	26.58	1.32	0
251	21.74	-2.54	0
252	23.17	-0.25	0
253	24.2	0.23	0
254	27.29	0.14	0
255	28.56	1.53	0
256	28.86	3.69	0
257	26.25	8.82	0
258	26.05	-0.2	0
259	24.9	-1.29	0
260	26.11	0.07	0
261	24.22	-0.75	0
262	25.55	1.45	0
263	21.13	8.05	0
264	20.46	-3.84	0
265	21.76	-2.39	0
266	18.62	-1.39	0
267	17.73	1.24	0
268	15.79	-4.59	0
269	19.15	-5.07	0
270	22.59	-5.44	0
271	24.59	-2.97	0
272	25.82	-1.21	0
273	26.02	-2.4	0
274	22.34	2.02	0
275	15.85	-5.41	0
276	15.13	-8.69	0
277	18.47	-9.52	0
278	19.46	-7.99	0
279	19.48	-0.7	0.02
280	16.78	3	0.1
281	10.62	0.86	0.15
282	9.79	-5.24	0
283	11.57	-11.7	0
284	15.61	-9.84	0
285	20.8	-6.43	0
286	25	-4.06	0
287	25.08	-1.84	0
288	23.64	-1.3	0
289	23.47	-2.94	0
290	23.61	-3.62	0
291	22.77	-3.6	0
292	21.12	-3.67	0
293	19.83	-0.83	0
294	19.49	-5.5	0
295	17.7	-5.97	1.06
296	11.98	-1.6	0.75
297	12.14	-9.16	0
298	11.41	-7.59	0
299	11.89	-8.97	0
300	15.09	-9.36	0
301	19.17	-9.42	0
302	14.39	-11.3	0
303	16.24	-10.96	0
304	19.87	-7.51	0
305	14.99	2.09	0
306	8.27	-11.01	0
307	5.5	-9.95	0
308	9.02	-16.62	0
309	11.84	-4.71	0.25
310	14.79	-0.62	0.02
311	15.48	1.61	0.02
312	17.54	-5.03	0
313	17.11	-5.66	0
314	16.57	1.37	0.02
315	14.4	0.76	0.61
316	10.66	-4.72	3.8
317	8.01	-7.91	0.94
318	6.86	-5.76	0.33
319	7.83	-7.77	0.06
320	7.94	-5.7	0
321	9.73	-5.86	1.88
322	4.63	-8.03	1.8
323	2.11	-6.97	0
324	8.86	-9.91	0.02
325	3.35	-7.65	0
326	2.3	-9.17	0
327	3.7	-11.52	0
328	1.5	-7.51	0.06
329	5.53	-13.9	0.04
330	3.54	-11.2	0
331	8.69	-6.11	0
332	10.91	-9.94	0
333	12.42	-10.24	0
334	12.47	-9.28	0.94
335	8.19	-7.04	2.18
336	0.34	-13.1	0
337	2.21	-12.07	0
338	-1.25	-12.14	0
339	3.91	-9.09	0
340	7.18	-8.8	0
341	12.2	-7.68	0
342	8.98	-9.98	0
343	6.95	-9.22	0
344	7.4	-11.77	0
345	9.34	-9.79	0.98
346	7.45	-7.59	1.03
347	7.87	-5.92	0.28
348	4.46	-10.48	0
349	5.16	-10.62	0
350	13.31	-8.55	0.02
351	10.54	-7.52	0.04
352	5.59	-11.78	0
353	3.44	-13.6	0
354	3.84	-10.46	0
355	6.32	-9.08	0.36
356	3.7	-7.54	0.19
357	1.6	-8.55	0.17
358	2.89	-10.84	0
359	6.61	-7.46	0
360	6.57	-6.37	0.38
361	7.46	-2.1	0
362	9.81	-1.46	0.32
363	11.39	1.38	0.42
364	5.27	-8.5	0
365	-1.83	-9.03	0.4
