# weather for site: year =  1978
# DOY Tmax(C) Tmin(C) PPT(cm)
1	-0.41	-10.13	0
2	-0.64	-8.19	0
3	0.4	-9.94	0.05
4	2.01	-9.98	0.11
5	4.71	-2.96	1.33
6	6.57	-5.29	0.14
7	6.3	-10.91	0
8	6.36	-7.03	0
9	2.71	-5.46	0.35
10	4.2	-9.43	0
11	6.7	-8.74	0
12	3.66	-9.18	0
13	7.17	-4.38	0
14	6.15	-5.13	0.04
15	6.22	-4.12	0.74
16	6.41	-1.99	2.11
17	6.42	-3.76	0.23
18	3.02	-5.87	0
19	7.42	-4.72	0.01
20	5.32	-4.52	0.08
21	7.11	-8.53	0
22	3.85	-7.8	0
23	-0.44	-12.73	0
24	2.78	-15.19	0
25	3.6	-13.71	0
26	7.65	-10.79	0
27	5.69	-12.09	0
28	7.29	-9.05	0
29	10.01	-11.35	0
30	9.21	-10.89	0
31	10.65	-10.82	0
32	10.67	-11.6	0
33	7.91	-7.32	0
34	11.93	-5.37	0
35	11.04	-5.32	0.26
36	9.1	-3.58	0.86
37	6.55	-4.04	0.23
38	4.63	-2.63	1.2
39	5.13	-8.9	0.25
40	3	-3.16	2.1
41	1.43	-5.16	2.48
42	-0.18	-9.54	0
43	-0.9	-13.11	0
44	1.3	-8.43	0.29
45	2.84	-12.01	0
46	2.99	-11.19	0
47	1.41	-12.08	0
48	2.81	-11.86	0.01
49	5.45	-9.26	0
50	7.8	-8.39	0
51	9.48	-7.13	0
52	11.05	-8.61	0
53	11.21	-7.33	0
54	13.76	-8.19	0
55	12.75	-7.02	0
56	13.26	-4.49	0
57	11.81	-3.65	0
58	9.8	-6.7	0
59	7.76	-8.89	0.13
60	8.37	-2.39	0.68
61	9.4	-2.09	0
62	10.99	-3.35	0.45
63	10.43	-1.59	1.48
64	8.96	-3.64	0
65	10.68	-6.35	0
66	14.85	-5.87	0
67	12.34	-0.08	0
68	7.13	-0.67	0.35
69	8.91	0.63	0.42
70	7.82	-1.89	0.18
71	3.2	-3.9	0.34
72	9.06	-8.84	0
73	10.95	-8.29	0
74	13.42	-9.24	0
75	16.66	-7.96	0
76	17.97	-6.22	0
77	17.02	-3.33	0
78	17.2	-1.72	0
79	17.62	-3.57	0.07
80	12.93	1.77	1.42
81	12.75	-0.62	0.04
82	12.37	-2.84	0
83	12.78	-7.24	0
84	16.83	-6.14	0
85	18.88	-2.93	0
86	18.65	-2.43	0
87	20	-3.88	0
88	20.35	-0.38	0
89	16.21	4.02	0.42
90	11.98	2.46	1.22
91	9.98	-0.32	0.02
92	9.09	-0.97	0
93	10.66	-5.26	0
94	8.1	-2.47	0
95	11.4	-10.07	0
96	9.67	-0.57	0
97	3.83	-4.14	0.26
98	8.47	-3.93	0.17
99	15.28	-5.55	0
100	19.81	-4.5	0
101	19.27	-2.71	0
102	18.56	-3.47	0
103	16.02	3.47	0
104	14.54	-2.4	0
105	12.07	-2.45	0.15
106	5.9	-5.89	0.01
107	12.24	-9.59	0
108	16.98	-10.16	0
109	16.1	-0.67	0
110	10.96	2.03	0.14
111	9.6	-9.12	0
112	14.12	-9.94	0
113	16.2	-4.67	0
114	15.61	1.11	0.24
115	11.59	3.02	0.86
116	12.4	-2.4	0.18
117	15.11	0.91	0
118	14.99	-3.6	0
119	14.93	-0.19	0
120	11.02	-0.24	0.17
121	13.51	0.94	0.03
122	17.86	-3.23	0
123	20.9	-0.8	0
124	18.69	-0.9	0
125	10.88	-3.09	0
126	11.59	-5.42	0
127	15.6	-4.9	0
128	19.84	-4.11	0
129	20.76	-1.21	0
130	19.21	1.17	0
131	19.04	5.02	0
132	23.76	-3.86	0
133	25.67	0.11	0
134	22.99	2.87	0
135	20.95	3.02	0
136	11.68	-3.28	0
137	15.48	-5.77	0
138	18.4	-4.75	0
139	21.26	-0.43	0
140	24.3	-0.66	0
141	23.66	1.74	0
142	23.17	2.53	0
143	19.5	1.03	0.06
144	9.25	-2.99	0
145	12.4	-6.5	0
146	16.97	-3.84	0
147	21.35	-1.49	0
148	25.35	-0.14	0
149	26.67	3.38	0
150	21.01	0.09	0
151	19.2	-3.23	0
152	22.14	-1.4	0
153	22.49	-0.17	0
154	22.54	1.48	0
155	23.25	2.86	0
156	25.08	3.37	0
157	28.5	3.28	0
158	29.2	6.71	0
159	31.55	3.23	0
160	28.33	11.61	0
161	23.65	8.79	0
162	23.38	0.23	0
163	24.83	7.54	0
164	24.59	4.44	0
165	23.49	2.9	0
166	21.58	0.89	0
167	22.45	-0.54	0
168	26.06	0.07	0
169	25.11	6.6	0
170	25.18	-0.83	0
171	27.75	3.05	0
172	27.22	3.67	0
173	26.73	3.28	0
174	25.65	3.21	0
175	23.28	5.67	0
176	21.63	0.05	0
177	20.94	4.47	0
178	21.05	5.11	0.08
179	21.84	4.53	0
180	25.21	3.13	0
181	25.39	4.13	0
182	25.47	4.93	0
183	23.21	1.79	0
184	20.82	-0.03	0
185	23.03	2.21	0
186	25.75	6.26	0
187	28.27	5.04	0.15
188	27.27	8.18	0
189	27.59	5.02	0
190	30.59	5.69	0
191	29.48	5.5	0
192	28.03	4.83	0
193	28.53	2.18	0
194	30.97	5.88	0
195	31.76	8.49	0
196	31.35	9.96	0
197	27.49	3.75	0
198	29.34	4.98	0
199	31.23	7.54	0
200	31.39	3.87	0
201	30.56	2.82	0
202	30.36	6.13	0
203	33.29	4.81	0
204	34.46	6.29	0
205	34.07	6.87	0
206	34.23	9.57	0
207	31.64	15.84	0
208	31	11.16	0
209	31.49	8.87	0
210	32.42	6.74	0
211	33.75	7.46	0
212	35.1	9.34	0
213	34.04	7.71	0
214	33.73	8.61	0
215	34.36	8.71	0
216	33.83	14.64	0.04
217	33.91	8.28	0.15
218	33.27	9.07	0
219	33.32	9.18	0.01
220	34.45	9.03	0
221	33.93	10.76	0
222	32.4	10.62	0
223	30.59	8.7	0
224	29.32	6.43	0
225	26	9.8	0
226	23.52	1.6	0
227	26.59	1.42	0
228	27.06	7.07	0
229	22.3	5.22	0
230	21.58	-2.21	0
231	26.54	0.93	0
232	27.15	4.98	0
233	25.71	4	0
234	24.78	4.95	0
235	24.55	1.61	0
236	25.15	-1.42	0
237	24.95	1.95	0
238	25.83	2.05	0
239	25.08	1.42	0
240	27	2.85	0
241	30.67	6.05	0
242	30.62	4.3	0
243	25.91	1.36	0
244	28.75	4.47	0
245	28.53	5.55	0
246	28.49	5.31	0
247	26.79	8.11	0.01
248	21.16	9.28	0.09
249	17.99	8	0.81
250	16.17	1.95	0.65
251	18.12	-3.86	0
252	19.46	-0.59	0
253	17.9	7.34	0
254	17.37	-2.67	0
255	16.22	-2.94	0
256	18.61	-5.02	0.14
257	16.85	2.24	0.55
258	20	-1.19	0.06
259	23.13	-0.38	0
260	19.31	3.2	0
261	9.28	-7.16	0
262	10.59	-9.37	0
263	15.27	-8.87	0
264	21.34	-6.66	0
265	25.29	-3.26	0
266	26.22	-1.27	0
267	27.53	-1.02	0
268	29.5	-0.14	0
269	27.95	3.95	0
270	27.8	3.18	0
271	27.23	1.03	0
272	25.14	0.12	0
273	26.94	1.16	0
274	26.81	1.39	0
275	22.9	-1.06	0
276	23.11	-1.86	0
277	24.64	-2.47	0
278	25.44	-1.62	0
279	25.68	-0.88	0
280	24.93	-2.81	0
281	24.47	-2.61	0
282	23.99	0.54	0
283	22.71	0.69	0
284	22.95	-1	0
285	22.45	-2.02	0
286	21.69	-3.77	0
287	23.41	-3.8	0
288	24.08	0.41	0
289	22.41	-1.69	0
290	19.35	-1.37	0
291	18.88	-3.46	0
292	20.04	-4.6	0
293	19.13	-5.22	0
294	17.35	-3.87	0
295	15.3	-6.46	0
296	16.74	-9.84	0
297	18.38	-9.54	0
298	17.96	-7.19	0
299	18.89	-8.76	0
300	21.71	-8.31	0
301	22.69	-5.91	0
302	16.83	-0.11	0
303	8.98	-4.83	0.5
304	0.52	-5.82	0.95
305	0.74	-4.63	1.12
306	7.81	-2.63	0.1
307	12.36	-7	0
308	16.57	-6.61	0
309	14.2	-5.67	0
310	13.7	-6.92	0
311	14.31	-7.76	0
312	17.14	-9.39	0
313	16.23	-6.61	0
314	-0.84	-8.74	0.09
315	-6.54	-11.27	0.15
316	2.74	-17.55	0.32
317	-0.07	-7.95	0.13
318	-0.42	-12.49	0
319	2.46	-17.5	0
320	5.07	-8.59	0
321	9.11	-7.86	0
322	9.98	-13.68	0
323	12.99	-6.3	0
324	11.18	-1.34	0.12
325	7.8	-2.25	0.1
326	3.34	-9.45	0.13
327	4.36	-10.95	0
328	4.44	-11.97	0
329	3.53	-14.08	0
330	1.49	-8.3	0
331	1.97	-16.42	0
332	7.57	-13.83	0
333	13.3	-4.09	0
334	11.35	-2.67	0
335	8.96	-1.6	0.82
336	3.05	-9.01	0
337	2.72	-11.88	0
338	9.72	-11.44	0
339	7.88	-10.22	0
340	-5.81	-15.35	0
341	-7.88	-17.89	0
342	-5.34	-20.7	0
343	1.27	-15.74	0
344	4.29	-8.19	0
345	5.88	-11.1	0
346	4.92	-7.5	0
347	2.47	-10.26	0
348	4.72	-10.98	0
349	6.31	-13.97	0
350	2.92	-17.01	0
351	5.52	-13.16	1.31
352	3.29	-8.79	0.82
353	-1.62	-12.27	0.8
354	-3.79	-25.82	0
355	-4.16	-21.63	0
356	-2.42	-21.48	0
357	-1.96	-20.71	0
358	0.46	-19.09	0
359	3.23	-14.21	0
360	-1.22	-18.19	0
361	-1.1	-15.62	0
362	2.82	-14.72	0
363	0.96	-18.62	0
364	-2.34	-20.61	0
365	-4.37	-22.23	0
