# weather for site: year =  1976
# DOY Tmax(C) Tmin(C) PPT(cm)
1	-3.8	-16.44	0.09
2	-1.02	-20.72	0
3	-2.71	-13.29	0
4	3.04	-16.72	0
5	6.89	-5.08	0.01
6	2.93	-14.37	0
7	5.1	-11.62	0
8	12.45	-13.17	0
9	6.79	-7.28	0.32
10	2.79	-9.82	0
11	4.34	-10.46	0.08
12	8.15	-10.29	0
13	5.45	-12.62	0
14	10.04	-12.33	0
15	9.22	-10.92	0
16	9.67	-12.47	0
17	9.78	-12.67	0
18	7.28	-14.41	0
19	5.11	-16.63	0
20	4.8	-16.91	0
21	5.64	-17.71	0
22	7.31	-16.71	0
23	6.12	-13.68	0.04
24	6.48	-8.26	0.85
25	6.56	-13.32	0
26	8.09	-12.98	0
27	10.54	-12.16	0
28	11	-11.24	0
29	11.95	-11.64	0
30	10.29	-9.72	0
31	9.79	-12.28	0
32	10.15	-10.75	0
33	10.73	-12.61	0
34	15.4	-13.43	0.12
35	9.6	-10.51	1.53
36	-9.74	-14.69	0.37
37	-7.44	-13.23	0.67
38	-1.82	-18.78	0.67
39	-3.38	-15.65	0.09
40	0.13	-9.02	1.24
41	0.15	-16.2	0.02
42	-4.54	-17.11	0
43	1.28	-18.82	0
44	1.87	-16.3	0.12
45	7.65	-3.54	0
46	4.62	-5.58	0
47	8.42	-10.37	0
48	10.71	-2.92	0
49	10.63	-3.74	0.2
50	6.52	-5.92	0.07
51	2.62	-11.68	0
52	4.78	-12.14	0
53	6.68	-10.11	0
54	8.83	-11.28	0
55	9.57	-7.45	0
56	11.02	-0.16	0
57	13.05	0.49	0
58	13.4	-5.39	0
59	12.72	0.61	0
60	8.18	-2.33	1.17
61	3.43	-7.12	0.48
62	-0.48	-10.46	0.45
63	-0.55	-9.75	0.97
64	-1.44	-18.14	0
65	-0.09	-16.95	0
66	3.31	-14.31	0
67	8.83	-10.02	0
68	7.77	-10	0
69	9.46	-8.53	0
70	12.86	-8.61	0
71	10.24	-4.55	0
72	6.61	-12.9	0
73	13.43	-11.49	0
74	13.92	-5.22	0
75	13.44	-8.59	0
76	17.71	-2.01	0
77	18.31	-1.8	0
78	14.54	-0.67	0.14
79	11.57	-6.81	0
80	11.82	-13.59	0
81	13.73	-11.93	0
82	15.9	-6.12	0
83	14.88	0.28	0
84	13.61	-0.02	0.04
85	7.63	-8.19	0
86	11.11	-9.73	0
87	7.15	-6.81	0.24
88	9.15	-6.14	0
89	11.82	-10.62	0
90	15.94	-10.03	0
91	15.65	-3.56	0
92	8.63	-5.91	0
93	12.81	-11.33	0
94	16.84	-9.34	0
95	16.36	-7.11	0
96	14.68	-4.25	0
97	13.46	-3.56	0
98	17.21	-7.26	0
99	14.54	-3.96	0
100	15.18	-11.83	0
101	15.6	-8.38	0
102	11.16	0.29	0
103	9.21	-5.41	0
104	8.81	-3.44	0.4
105	10.27	-5.3	0
106	9.47	-4.5	0.16
107	2.77	-10.16	0
108	10.14	-11.99	0
109	12.39	-1.69	0.04
110	17.65	-8.51	0
111	19.99	-5.7	0
112	20.04	-7.47	0
113	17.01	2.19	0
114	18.83	-6.02	0
115	20.38	0.49	0
116	13.9	-0.14	0
117	7.27	-7.1	0
118	10.09	-10.07	0
119	14.33	-8.47	0
120	19.28	-6.87	0
121	22.43	-4.51	0
122	24.77	-0.1	0
123	19.76	0.72	0
124	21.61	-2.25	0
125	22.01	-2.5	0
126	17.94	1.39	0
127	11.32	-3.01	0.09
128	18.62	1.87	0
129	20.62	1	0
130	22.62	-0.32	0
131	22.18	-1.84	0
132	19.36	3.22	0
133	24	-2.13	0
134	28.98	-0.44	0
135	26.05	3.55	0
136	22.21	0.06	0
137	27.61	-0.31	0
138	25.57	2.81	0
139	23.05	-1.35	0
140	21.88	3.47	0
141	19.28	0.51	0
142	21.51	1.31	0
143	21.99	0.95	0
144	21.77	0.98	0
145	22.48	-0.82	0
146	22.36	1.04	0
147	24.35	-0.38	0
148	25.14	6.62	0
149	21.85	1.06	0
150	22.06	-4.19	0
151	20.24	3.29	0
152	20.62	6.34	0
153	21.99	5.35	0
154	23.13	1.61	0
155	21.3	1.97	0
156	20.76	1.37	0
157	22.43	-1.61	0
158	22.75	2.46	0
159	22.8	6.97	0
160	19.49	3.85	0
161	15.88	4.42	0.03
162	13.83	1.49	3.5
163	17.64	1.68	0
164	20.39	0.28	0
165	20.63	2.53	0
166	19.55	-1.93	0
167	27.87	-0.6	0
168	27.4	6.91	0
169	25.37	4.87	0
170	28.79	5.82	0
171	29.74	7.95	0
172	26.79	6.94	0
173	23.06	7.15	0
174	21.89	2.2	0
175	22.89	2.07	0
176	26.59	1.15	0
177	27.72	4.13	0
178	26.68	4.37	0
179	30.5	2.16	0
180	31.5	4.91	0
181	28.47	8.54	0
182	25.95	5.48	0
183	25.29	-0.62	0
184	26.41	-0.48	0
185	30.08	2.65	0
186	29.76	3.65	0
187	31.41	4.13	0
188	31.94	5.75	0
189	31.52	3.62	0
190	32.3	4.12	0
191	32.24	6.07	0
192	33.57	6.27	0
193	31.59	8.07	0
194	29.32	6.21	0
195	30.76	4.72	0
196	32.37	5.95	0.01
197	31.46	6.48	0
198	25.24	11.51	0.12
199	21.72	6.5	0.32
200	24.08	3.11	0
201	27.89	2.67	0.02
202	29.28	3.73	0.1
203	30.36	3.15	0
204	31.54	5.78	0.03
205	26.44	11.56	1.13
206	25.46	7.32	0.53
207	28.15	7.98	0
208	31.51	10.34	0.08
209	32.23	10.17	0
210	30.39	10.88	0.03
211	28.76	8.52	0
212	27.65	9.48	0.07
213	19.48	9.84	2.14
214	19.34	5.82	1.27
215	19.25	2.35	0.14
216	20.65	1.96	0.24
217	20.46	0.84	0.03
218	22.62	2.26	0
219	21.64	2.52	0
220	21.66	0.36	0
221	23.44	2.06	0
222	26.13	3.51	0
223	27.86	4.06	0
224	27.96	6.31	0
225	27.37	5.62	0
226	26	2.65	0
227	19.53	8.77	0.03
228	17.57	5.75	0.05
229	18.87	0.59	0
230	16.68	2.88	0
231	15.22	3.18	0.04
232	20.79	4.81	0.05
233	27.55	2.1	0
234	29.53	2.82	0
235	24.92	8.54	0.04
236	23.89	-0.6	0.01
237	28	2.13	0
238	26.85	3.18	0
239	24.79	2.68	0
240	25.82	-0.57	0
241	29.44	2.39	0
242	31.53	4.49	0
243	31.66	4.14	0
244	32.39	3.45	0
245	32.51	2.74	0
246	33.04	3.49	0
247	32.06	5.29	0
248	31.11	6.52	0
249	26.7	6.59	0.39
250	25.2	6.44	0
251	22.86	2.74	0
252	22.77	1.01	0
253	27.23	1.03	0
254	24.1	8.39	0.71
255	17.74	9.2	1.31
256	19.68	0.78	0
257	21.96	2.13	0
258	22.93	1.56	0
259	19.48	6.5	0.31
260	16.38	1.97	0
261	17.35	5.01	0
262	19.84	-1.02	0
263	21.59	-0.59	0
264	21.91	2.78	0.04
265	22.25	3.51	0.11
266	23.82	1.39	0
267	24.24	1.44	0
268	24.46	0.74	0
269	24.05	0.83	0
270	23.53	0.35	0
271	24.14	0.37	0
272	22.39	0.94	0
273	19.73	1.98	0
274	22.26	3.4	0.46
275	21.4	0.13	0.49
276	17.74	3.19	0.57
277	16.81	0.52	0
278	17.22	-2.41	0
279	20.55	-2.73	0
280	21.22	-1.85	0
281	21.33	-0.75	0
282	23.71	-1.11	0
283	24.99	-1.22	0
284	24.55	0.97	0
285	21.97	0.33	0
286	20.08	-4.92	0
287	21.68	-5.72	0
288	22.97	-5.23	0
289	21.63	-4.65	0
290	20.36	-3.68	0
291	18.68	-5.38	0
292	15.72	-8.47	0
293	16.58	-8	0
294	15.96	-8.81	0
295	17.17	-9.21	0
296	16.41	-4.68	0
297	16.03	-5.86	0
298	16.9	-7.42	0
299	15.09	-3.31	0
300	11.43	-8.58	0
301	11.6	-12.17	0
302	14.27	-14.37	0
303	17.02	-10.52	0
304	16.23	-6.54	0
305	16.27	-9.55	0
306	17.44	-7.8	0
307	17.14	-9.38	0
308	18.69	-9.69	0
309	19.15	-10.04	0
310	19.95	-10.15	0
311	19	-8.29	0
312	18.68	-6.81	0
313	16.5	-9.36	0
314	16.49	-7.87	0
315	14.1	-2.19	0
316	10.65	-7.82	0
317	12.07	-6.9	0
318	12.98	-11.07	0.1
319	9.39	-0.36	0.02
320	12.36	-5.1	0
321	14.81	-8.19	0
322	14.38	-8.85	0
323	15.44	-9.36	0
324	13.94	-9.96	0
325	13.53	-9.68	0
326	12.97	-10.44	0
327	12.13	-10.72	0
328	11.49	-11.55	0
329	13.85	-12	0
330	14.44	-12.22	0
331	9.76	-9.76	0
332	-1.03	-19.49	0
333	-0.01	-20.18	0
334	4.76	-19.66	0
335	6.65	-18.88	0
336	7.5	-18.05	0
337	8.53	-17.94	0
338	8.95	-17.84	0
339	7.85	-16.44	0
340	5.93	-17.61	0
341	5.81	-18.28	0
342	8.58	-18.8	0
343	12.49	-16.86	0
344	9.35	-12.02	0
345	3.57	-17.57	0
346	4.92	-17.89	0
347	6.66	-18.08	0
348	8.4	-15.95	0
349	7.96	-17.66	0
350	7.41	-17.95	0
351	6.93	-19.82	0
352	6.62	-20.43	0
353	7.54	-17.92	0
354	6.34	-18.73	0
355	5.36	-20.55	0
356	4.24	-21.96	0
357	1.53	-19.44	0
358	2.79	-13.63	0
359	5.28	-18.2	0
360	7.16	-16.46	0
361	9.34	-15.46	0
362	7.94	-18.64	0
363	6.32	-20.15	0
364	6.96	-15.86	0
365	4.59	-8.57	0.02
366	3.65	-17.38	0.01
