# weather for site: year =  1962
# DOY Tmax(C) Tmin(C) PPT(cm)
1	6.03	-10.73	0
2	8.08	-13.45	0
3	12.53	-11.09	0
4	7.58	-13.98	0
5	7.39	-14.53	0
6	12.9	-11.24	0
7	14.06	-11.46	0
8	13.65	-10.23	0
9	9.57	-11.52	0
10	5.08	-9.48	0
11	2.43	-18.37	0
12	2.05	-14.75	0.04
13	-1.88	-16.99	0.4
14	-1.37	-21.6	0
15	0.54	-19	0
16	1.39	-20.35	0
17	1.87	-18.18	0
18	4.76	-8.58	0
19	5.17	-3.42	1.32
20	2.16	-10.75	0.91
21	-5.83	-18.58	0.1
22	-12.94	-21.09	0.07
23	-11.4	-29.85	0
24	-8.18	-26.7	0
25	-2.49	-20.08	0
26	-1.58	-20.15	0
27	1.55	-17.02	0
28	1.67	-16.43	0
29	3.05	-15.09	0
30	3.65	-14.84	0
31	3.98	-13.18	0
32	4.9	-13.15	0
33	5.73	-11.68	0
34	8.25	-11.62	0
35	10.55	-10.47	0
36	10.3	-8.09	0
37	10.11	-6.83	0.2
38	8.74	-5.17	0.35
39	4.76	-4.27	5.87
40	3.38	-4.14	7.82
41	2.84	-1.67	2.08
42	2.77	-4.06	2.03
43	4.42	-5.7	0.18
44	5.78	-4.07	0.21
45	4.7	-5.58	3.1
46	3.54	-4.29	1.39
47	2.94	-6.17	0
48	4.26	-7.39	0
49	3.45	-7.74	0
50	-0.67	-5.63	0.74
51	2.48	-7.7	0
52	3.84	-7.28	0.03
53	8.47	-7.96	0
54	6.7	-5.57	0.68
55	0.03	-11.2	0.03
56	-2.41	-13.85	0.14
57	-4.09	-19.57	0.34
58	-7.29	-24.17	0
59	0.05	-16.39	0
60	4.61	-8.6	1.06
61	2.13	-4.62	0.53
62	2.88	-8.07	0
63	7.62	-11.57	0
64	9.12	-4.42	1.23
65	7.3	-3.59	0.2
66	5.02	-8.08	0.15
67	6.89	-3.69	0.37
68	6.55	-10.62	0.5
69	-0.83	-11.35	0
70	0.7	-6.51	0.37
71	0.37	-8.76	0
72	2.9	-13.17	0
73	6.67	-12.57	0
74	7.82	-10.64	0
75	6.55	-4.5	0.15
76	4.92	-4.5	0.06
77	7.88	-6.42	0
78	11.07	-8.33	0
79	8.33	-2.22	0.02
80	7.84	-8.77	0.56
81	6.02	-5.09	0.53
82	3.82	-12.61	0.25
83	10.89	-10.17	0
84	14.46	-6.6	0
85	17.87	-7.12	0
86	17.33	-3.56	0
87	15.17	-6.55	0
88	11.11	-8.06	0
89	11.25	-9.54	0
90	16.34	-9.17	0
91	16.19	-6.96	0
92	15.07	-6.35	0
93	16.47	-4.9	0
94	18.09	-3.9	0
95	17.22	-3.66	0
96	20.48	-4.71	0
97	19.85	-3.67	0
98	19.1	-2.35	0
99	18.71	-1.67	0
100	16.37	-6.94	0
101	17.61	-7.07	0
102	21.67	-4.66	0
103	23.53	-1.33	0
104	23.89	0.52	0
105	21.38	0.75	0
106	20.37	-4.53	0
107	23	-4.82	0
108	23.07	0.14	0
109	18.53	-1.34	0
110	11.44	-4.03	0
111	15.53	-7.77	0
112	21.47	-5.02	0
113	21.79	-2.4	0
114	19.14	4.93	0
115	14.94	0.07	0
116	16.26	-3.66	0
117	15.1	-0.4	0.01
118	10.45	-0.76	0
119	10.55	-8.81	0
120	15.86	-8.25	0
121	17.35	0.99	0
122	20.2	-0.24	0
123	21.16	0.46	0
124	22.34	1.84	0
125	23.37	0.24	0
126	22.85	1.06	0
127	21.9	3.86	0
128	20.07	2.36	0
129	17.95	0.86	0
130	17.32	0.76	0
131	14.66	-2.91	0
132	13.07	1.18	0
133	11.76	-4.59	0.41
134	9.63	-4.67	1.74
135	8.97	-3.37	2.08
136	8.88	-4.18	1.83
137	13.59	-3.35	0.1
138	15.23	2.28	0.44
139	14.47	-0.37	0
140	11.08	-4.82	0.07
141	13.46	-3.52	0.04
142	17.34	-2.25	0
143	16.63	1.84	0
144	10.66	-4.65	0
145	12.62	-1.99	0.09
146	10.67	-0.23	1.32
147	10.29	0.26	1.58
148	15.87	-0.8	0
149	18.79	1.22	0
150	19.82	0.37	0
151	21.19	-0.69	0
152	22.79	1.23	0
153	22.54	3.11	0
154	20.36	2.55	0
155	17.49	-3.84	0
156	19.96	-2.66	0
157	18.51	-0.64	0
158	19.16	-1.57	0
159	23.12	-1.45	0
160	24.85	3.2	0
161	23.96	3.06	0
162	25.23	1.59	0
163	24.87	3.45	0
164	23.41	2.03	0.16
165	18.32	3.43	0.95
166	15.43	3.26	0.37
167	20.64	4.76	0.26
168	24.04	3.73	0.05
169	25.69	6.26	0
170	26.84	8.75	0
171	27.54	8.25	0
172	28.81	8.74	0
173	28.34	6.58	0
174	28.48	8.01	0.01
175	27.94	4.97	0
176	28.14	3.74	0
177	28.63	1.45	0
178	28.26	2.96	0
179	28.48	4.18	0
180	27.82	5.85	0
181	26.16	2.67	0
182	25.53	2.95	0
183	26.35	3.53	0
184	26.04	3.71	0
185	28.66	4.85	0
186	28.86	6.45	0
187	28.68	3.74	0
188	29.08	3.69	0
189	28.99	4.65	0
190	27.2	5.2	0
191	25.88	6.64	0
192	24.62	4.97	0.76
193	22.31	4.99	0.99
194	21.84	4.55	0.24
195	24.52	5.11	0
196	25.52	4.5	0
197	27.36	5.01	0
198	27.65	7.82	0
199	26.85	4.5	0
200	28.53	5.49	0
201	29.86	7.08	0
202	30.52	7.72	0
203	29.4	7.14	0
204	29.71	8.9	0.08
205	29.05	9.04	0
206	29.49	6.59	0
207	29.71	6.09	0
208	30.08	6.3	0
209	29.31	7.51	0.01
210	28.19	5.53	0.23
211	27.93	6.12	0.23
212	29.5	6.06	0
213	29.07	4.73	0
214	27.88	4.78	0
215	25.82	5.53	0
216	24	7.98	0
217	23.83	5.82	0
218	25.03	3.8	0
219	25.14	5.2	0
220	23.44	4.31	0.01
221	22.15	8.28	0.07
222	24.26	0.47	0
223	28.4	2.11	0
224	29.89	1.84	0
225	30.34	1.92	0
226	31.45	4.46	0
227	31.63	4.6	0
228	30.82	9.18	0
229	28.89	8.25	0
230	27.94	3.68	0
231	28.55	4.81	0
232	29.94	5.8	0
233	28.61	6.9	0
234	27.43	2.99	0
235	27.14	2.55	0
236	29.15	2.36	0
237	30.82	3.62	0
238	29.38	7.14	0
239	28.15	5.77	0
240	27.26	-0.83	0
241	26.78	-2.04	0
242	24.35	0.02	0
243	25.28	-0.97	0
244	27.07	-0.94	0
245	28.29	1.88	0
246	29.24	2.75	0
247	28.5	3.99	0
248	28.3	4.3	0
249	29.61	2.8	0
250	28.02	4.36	0
251	24.72	0.33	0
252	25.36	-1.65	0
253	26	2.38	0
254	24.67	2.22	0
255	23.22	3.4	0
256	24.23	0.36	0
257	25.29	1.37	0
258	25.78	1.84	0
259	26.19	0.99	0
260	28.73	0.19	0
261	26.59	-0.65	0
262	26.63	-3.04	0
263	24.62	-2.06	0
264	24.22	-1.01	0
265	26.62	-2.18	0
266	27.14	-1.37	0
267	27.53	0.41	0
268	26.45	2.03	0.2
269	21.47	6.77	0.15
270	20.69	0.44	0.01
271	20.17	0.52	0
272	21.07	1.71	0
273	22.11	-1.62	0
274	25.41	-2.06	0
275	25.59	-1.97	0
276	21.96	-0.67	0
277	17.63	1.95	0
278	17.79	-5.09	0
279	18.59	-6.35	0
280	19.81	-4.9	0
281	20.67	5.41	0
282	20.64	4.13	0
283	18.48	6.22	0
284	18.29	8.27	0
285	16.28	8.13	0.02
286	14.03	2.72	4.2
287	11.83	-1.25	0.75
288	9.51	-4.86	0.78
289	7.92	-4.38	0
290	9.72	-7.43	0
291	15.29	-7.31	0
292	16.07	-4.92	0
293	18.62	-5.33	0
294	19.97	-6.11	0
295	19.82	-5.41	0
296	20	-5.81	0
297	20.87	-4.66	0
298	21.67	-5.98	0
299	20.98	-6.36	0
300	21.15	-6.62	0
301	21.23	-6.56	0
302	21.6	-5.7	0
303	20.86	-4.42	0
304	20.31	-4.17	0
305	19.59	-7.54	0
306	17.91	-7.56	0
307	20.8	-4.58	0
308	19.87	-6.31	0
309	19.03	-1.61	0
310	14.88	-7.59	0
311	15.79	-9.91	0
312	15.07	-9.29	0
313	15.95	-6.61	0.08
314	14.17	-0.39	0
315	15.61	-5.68	0
316	14.13	-7.69	0
317	14.45	-5.34	0
318	10.94	-3.39	0.04
319	13.3	-8.01	0.14
320	8.04	-5.14	0
321	1.61	-12.54	0.07
322	9.27	-10.6	0
323	9.39	-14.03	0
324	15.49	-11.2	0
325	15.75	-9.54	0
326	14.22	-9.71	0
327	13.23	-9.74	0
328	12.09	-11.28	0.01
329	12.24	-12.55	0
330	15.23	-2.19	0.03
331	10.24	-0.7	0.04
332	4.47	-11.16	0.06
333	3.22	-8.17	0.17
334	4.46	-16.86	0
335	9.01	-12.91	0
336	12.04	-5.62	0
337	12.85	2.49	0
338	10.37	-9.07	0
339	10.85	-11.02	0
340	12.95	-12.11	0
341	11.01	-11.82	0
342	10.26	-12.24	0
343	10.78	-14.41	0
344	9.39	-13.96	0
345	8.68	-14.17	0
346	8.4	-15.28	0
347	9.29	-14.41	0
348	13.21	-10.08	0.57
349	13.73	-8.36	0.48
350	10.84	-0.58	0.27
351	8.49	-4.4	0.09
352	8.34	-1.55	0.15
353	8.81	-5.75	0
354	8.48	-10.89	0
355	6.07	-12.5	0
356	5.17	-13.66	0
357	0.51	-12.22	0
358	-2.8	-11.61	0
359	-5.46	-19.47	0
360	-3.7	-22.39	0
361	1.73	-20.96	0
362	7.33	-19.66	0
363	9.48	-18.83	0
364	6.36	-17.45	0
365	3.09	-16.96	0
