# weather for site: year =  1951
# DOY Tmax(C) Tmin(C) PPT(cm)
1	0.62	-13.07	0
2	5.4	-10.77	0
3	7.28	-1.79	0
4	7.97	-3.19	0
5	6.08	-11.38	0
6	2.83	-13.35	0
7	2.28	-14.16	0
8	6.61	-13.43	0
9	5.74	-12.76	0
10	5.33	-11.45	0
11	2.49	-5.63	0.56
12	2.32	-11.29	0
13	4.4	-15.2	0
14	9.74	-11.43	0
15	7.7	-3.97	0.08
16	4.18	-13.28	0
17	8.01	-4.91	1.27
18	4.87	-2.92	2.94
19	0.16	-9.34	0
20	-0.99	-16.41	0
21	10.75	-10.84	0
22	10.38	0.26	0
23	10.78	-6.3	0
24	11.49	-8.16	0
25	12.13	-11.21	0
26	11.67	-8.41	0
27	9.98	-3.05	0
28	10.91	-5.34	0.03
29	5.14	-11.5	0.08
30	-6.25	-16.66	0
31	-3.51	-17.11	0
32	0.37	-16.25	0
33	7.71	-10.55	0
34	11.33	-0.39	0
35	12.17	2.79	0.06
36	10.87	1.92	0.01
37	13.78	-5.39	0
38	17.27	-3.29	0
39	12.69	-1.69	0
40	14.69	-8.67	0
41	18.54	-5.62	0
42	13.29	-1.51	0.28
43	8.79	-3.94	0
44	7.1	-10.5	0
45	7.35	-9.23	0
46	7.92	-8.1	0
47	9.69	-10.23	0
48	9.49	-9.89	0
49	5.21	-6.11	0
50	3.4	-15.4	0
51	8.86	-11.37	0.02
52	4.22	-7.78	1.07
53	1.24	-9.89	0.24
54	1.55	-15.99	0
55	4.4	-13.23	0
56	4.88	-8.26	0
57	3	-8.33	0.14
58	0.16	-9.03	0.53
59	-1.22	-12.4	0.28
60	-0.07	-9.28	0.96
61	-3.41	-11.38	0.06
62	-0.08	-20.08	0.03
63	6.58	-5.72	0
64	7.36	-0.31	0
65	8.51	-3.09	0
66	9.06	-1.25	0
67	11.56	-7.43	0
68	8.73	-0.18	0
69	4.75	-9.5	0
70	7.69	-13.35	0
71	11.16	-10.94	0
72	14.07	-9.03	0
73	14.34	-8.56	0
74	16.6	-7.87	0
75	14.74	-4.39	0
76	10.89	-13.72	0
77	8.73	-12.85	0
78	12.09	-11.45	0
79	17.25	-4.5	0
80	17.2	-2.58	0
81	12.69	-7.07	0
82	11.3	-12.29	0
83	13.63	-10.7	0
84	14.69	-7.46	0
85	13.12	-6	0
86	12.61	-9.84	0
87	13.49	-12.06	0.01
88	13	1.32	0.07
89	9.43	-7.45	0
90	4.76	-8.04	0
91	11.49	-11.94	0
92	13.28	-8.74	0
93	15.36	-6.93	0.11
94	14.69	1.29	0.31
95	15.2	-3.21	0
96	16.93	-5.27	0
97	18.73	-3.64	0
98	19.06	-5.02	0
99	21.45	-3.47	0
100	20.68	-2.44	0
101	17.49	-7.25	0
102	20.15	-6.51	0
103	22.99	-4.29	0
104	22.42	0.76	0.02
105	20.8	0.29	0
106	19.34	3.07	0.04
107	16.72	-3.3	0
108	16.6	-4.39	0
109	16.15	2.45	0
110	17.67	-2.56	0
111	17.37	-1.45	0
112	19	-2.47	0
113	17.37	0.42	0.47
114	16.08	0.78	0.19
115	12.5	-1.44	2.69
116	11.35	1.18	0
117	14.83	-3.07	1.05
118	14.02	0.65	0.79
119	4.15	-3.76	0.07
120	7.72	-5.42	0
121	9.88	-2.33	0
122	13.63	-7.65	0.01
123	17.24	-1.55	0.06
124	14.26	-0.38	0.01
125	13.85	-4.87	0.08
126	13.79	-1.12	1.02
127	14.9	-4.26	0
128	15.32	-4.25	0
129	18.81	-2.53	0
130	22.5	0.17	0
131	20.12	2.26	0.04
132	12.14	-5.92	0
133	10.06	-7.41	0.21
134	10.78	-6.3	0
135	16.01	-4.26	0
136	20.29	-1.25	0
137	23.59	2.24	0.49
138	23.03	1.1	0.24
139	24	2.36	0
140	23.4	1.37	0
141	22.25	1.91	0
142	22.57	0.74	0
143	23.38	7.28	0
144	24.36	1.94	0
145	27.75	3.44	0
146	29.91	7.13	0
147	28.78	9.16	0
148	24.28	4.87	0.24
149	23.8	2.48	0
150	21.48	0.27	0
151	15.63	-1.71	0
152	14.94	-3.85	0
153	15.99	-5.02	0
154	19.47	-4.63	0.06
155	20.8	1.81	0
156	20.44	1.9	0
157	20.43	-2.27	0
158	19.83	-3.72	0
159	20	-2.47	0
160	20.88	-1.97	0
161	24.5	-0.92	0
162	25.36	3.46	0
163	25.27	2.97	0
164	25.7	4.29	0
165	27.61	4	0
166	29.53	6.35	0
167	30.43	10.15	0
168	29.2	8.11	0
169	29.69	6.62	0
170	29.57	4.41	0.13
171	26.76	12.4	0.84
172	23.44	7.35	0.16
173	23.83	3.74	0
174	26.17	3.95	0
175	26.84	5.56	0
176	25.66	4.08	0
177	27.24	4.93	0
178	28.78	5.87	0
179	30.55	3.64	0
180	29.7	1.54	0
181	30.82	4.41	0
182	30.29	3.9	0
183	29.45	2.34	0
184	28.38	3.24	0
185	24.76	-1.85	0
186	24.1	4.64	0
187	25.35	-0.32	0
188	28.3	1.2	0
189	29.71	3.1	0
190	30	4.01	0
191	29.07	5.15	0
192	29.05	6.29	0
193	30.22	4.92	0
194	31.18	6.18	0
195	30.87	4.86	0
196	30.99	5.2	0
197	31.41	5.38	0
198	32.27	7.33	0
199	32.39	10.3	0
200	31.24	10.37	0
201	29.01	12.01	0
202	27.9	6.53	0
203	30.64	4.32	0
204	32.89	7.58	0
205	31.88	6.78	0.03
206	30.69	3.07	0
207	31.55	4.63	0
208	30.54	7.12	0
209	28.59	10.01	0
210	28.56	7.22	0.03
211	29.69	10.29	0
212	32.53	9.01	0
213	31.91	9.94	0
214	31.36	6.46	0
215	31.21	7.88	0
216	28.44	5.79	0
217	26.37	3.6	0
218	27.47	3.51	0
219	27.04	2.8	0
220	27.73	3.1	0
221	29.33	4.2	0
222	30.44	4.88	0
223	29.77	6.03	0
224	29.14	-0.06	0
225	29.01	1.3	0
226	29.33	2.54	0
227	31.93	4.56	0.01
228	32.1	5.63	0
229	31.72	9.76	0
230	30.63	7.71	0.25
231	28.86	8.32	0.6
232	25.86	3.9	0.42
233	23.81	4.33	0.56
234	22.23	5.26	0.3
235	22.34	0.88	0.09
236	21.28	1.14	0.49
237	24.72	2.31	0
238	28.01	3.46	0
239	26.19	2.75	0
240	23.27	9.27	0
241	21.14	5.19	0
242	20	-0.74	0
243	22.24	0.31	0
244	24.08	1.31	0
245	24.38	1.3	0
246	26.42	0.6	0
247	27.67	1.28	0
248	26.04	2.28	0
249	24.78	-1.22	0
250	28.72	-0.13	0
251	27.98	0.5	0
252	27.53	-0.63	0
253	30.19	0.53	0
254	27.35	3.58	0
255	23.6	-2.48	0
256	26.14	-1.53	0
257	29.18	0.71	0
258	29.61	2.38	0
259	30.11	3.44	0
260	29.06	5.16	1.24
261	27.94	5.39	0
262	29.06	5.41	0
263	28.2	6.29	0
264	25.16	-0.13	0
265	24.17	-2.3	0
266	26	-0.99	0
267	26.83	-1.35	0
268	25.16	1.86	0
269	23.95	-3.59	0
270	25.11	-2.32	0
271	23.07	-2.81	0
272	21.23	-4	0
273	22.28	-2.66	0
274	19.41	-0.24	0.04
275	16.57	6.36	0.03
276	14.39	-3.13	0
277	13.75	-3.48	0
278	12.53	-8.4	0
279	16.66	-9.03	0
280	18.72	-7.73	0
281	22.37	-7.63	0
282	25.06	-4.11	0
283	22.47	-1.63	0
284	20.99	-6.27	0
285	17.5	-7.4	0
286	16.64	-8.4	0
287	20.49	-6.98	0
288	21.11	3.62	0
289	16.11	0.95	0
290	18.04	-7.67	0
291	18.22	-6.12	0
292	20.14	-4.7	0
293	17.31	-3.95	0
294	11.71	-9.36	0
295	11.96	-11.18	0
296	17.22	-8	1.1
297	12.55	0.55	1.72
298	5.79	-6.61	0.99
299	6.42	-3.25	0
300	10.32	-9.07	0
301	12.8	-9.28	0
302	15.78	-9.82	0
303	17.44	-8.85	0
304	15.39	-9.16	0
305	14.91	-7.02	0
306	12.07	-11.28	0
307	14.43	-9.37	0
308	17.19	-7.15	0
309	15.63	-8.67	0
310	14.06	-9.26	0
311	17.31	-8.44	0
312	16.66	-5.57	0.1
313	15.86	-9.52	0
314	16.57	-6.18	0
315	12.72	-2.72	0.08
316	11.74	2.86	0
317	11.02	-9.72	0
318	12.21	1.62	0
319	8.06	-10.87	0
320	5.28	-14.82	0
321	4.78	-16.12	0
322	6.68	-16.07	0.67
323	8.3	-9.75	1.75
324	3.82	-4.13	1.91
325	-0.9	-9.55	0.36
326	-0.7	-9.13	1.74
327	-1.61	-11.69	0
328	0.56	-12.73	0
329	-1.72	-17.93	0
330	-0.79	-11.14	0.11
331	4.89	-8.53	0
332	8.54	-8.11	0
333	9.23	-7.17	0.18
334	11.11	-5.96	0.88
335	8.66	-0.79	1.65
336	4.94	-5.78	0.82
337	3.07	-6.27	2.06
338	4.21	-5.39	0.68
339	3.52	-7.64	0.27
340	-2.28	-14.1	0
341	-4.26	-13.92	0
342	-5.39	-16.99	0
343	-4.36	-18.51	0
344	-2.36	-17.78	0
345	-0.01	-15.96	0.01
346	-1.35	-15.75	0
347	1.02	-10.7	0
348	2.28	-15.18	0
349	-0.81	-13.85	0
350	3.17	-12.66	0
351	2.23	-13.88	0.02
352	6.19	-7.72	0.01
353	5.2	-7.05	0.01
354	-1.26	-14.75	0
355	2.46	-15.94	0
356	8.65	-11.27	0
357	10.42	-8.65	0
358	8.43	-6.94	0
359	3.81	-11.24	0.01
360	6.67	-11.28	0.29
361	10.27	-3.13	2.25
362	7.8	-1.73	3.77
363	2.59	-3.94	2.17
364	-0.03	-7.24	0.56
365	-2.66	-18.48	0
