# weather for site: year =  1955
# DOY Tmax(C) Tmin(C) PPT(cm)
1	7.7	-3.59	1.35
2	-1.33	-8.46	0.23
3	-4.42	-12.84	0.03
4	-3.88	-20.35	0
5	-4.52	-15.76	0.74
6	-4.05	-11.58	0
7	-7.1	-24.12	0.04
8	-5.35	-24.87	0
9	-4.31	-23.3	0.12
10	-5.45	-16.95	0.42
11	-5.38	-19.9	0.3
12	-2.91	-22.87	0
13	-0.73	-20.14	0
14	0.16	-17.67	0
15	3.29	-16.1	0.51
16	1.04	-8.89	0.03
17	-3.22	-20.27	0.3
18	-1.68	-14.68	0.28
19	-0.01	-13.71	0.05
20	-0.23	-18.45	0
21	-0.42	-13.98	0
22	1.7	-15.05	0
23	4.12	-15.59	0
24	2.87	-13.69	0
25	5.72	-13.26	0
26	4.45	-11.45	0
27	3.35	-14.73	0
28	3.31	-15.72	0
29	2.36	-13.37	0
30	3.88	-9.85	0
31	5.83	-9.62	0
32	4.31	-6.36	0.03
33	-1.33	-10.73	0
34	-3.89	-13.11	0
35	-1.04	-18.26	0
36	4.58	-12.09	0
37	5.2	-14.14	0
38	6.06	-13.4	0
39	11.79	-12.61	0
40	10.41	-8.74	0
41	6.77	-13.54	0
42	3.55	-14.05	0
43	10.32	-12.07	0
44	10.67	-12.44	0
45	10.46	-7.16	0
46	12.4	-8.97	0
47	13.88	-5.4	1.46
48	8.66	-3.69	0.18
49	3.37	-12.12	0.02
50	-1.69	-16.49	0
51	-0.1	-15.69	0
52	3.25	-15.83	0
53	5.58	-12.59	0
54	5.42	-14.16	0
55	7.81	-14.4	0
56	7.88	-9.61	0
57	4.19	-8.76	0.19
58	1.66	-6.82	0.2
59	3.77	-16.78	0.14
60	8.47	-13.72	0
61	11.05	-10.33	0
62	10.36	-9.18	0
63	6.53	-10.62	0
64	2.71	-15.13	0
65	4.45	-16.88	0
66	10.78	-14.35	0
67	15.14	-11.89	0.11
68	13.71	-4.41	0.23
69	11.78	-6.34	0
70	12.21	-3.02	0
71	12.33	-2.61	0
72	11.84	-2.77	0
73	8.73	-7.62	0
74	1.16	-12.92	0
75	4.99	-15.02	0
76	5.88	-15.27	0
77	10.52	-14.69	0
78	11.41	-13	0
79	4.74	-16.88	0
80	6.73	-15.51	0
81	12.67	-6.4	0
82	13.7	-9.96	0
83	15.07	-8.6	0
84	15.88	-7.54	0
85	13.18	-5.55	0
86	11.61	-3.66	0.38
87	13.12	0.35	0.09
88	13.31	0.79	0
89	10.91	-9.79	0
90	14.1	-10.83	0
91	16.15	-1.65	0
92	8.94	-8.67	0.07
93	4.79	-14.83	0.05
94	5.07	-9.45	0.2
95	5.96	-11.85	0
96	11.15	-11.02	0
97	13.13	-9.23	0
98	16.88	-6.68	0
99	18.59	-5.25	0
100	14.6	-0.96	0
101	11.71	-11.31	0
102	14	-7.98	0
103	15.36	-5.51	0
104	14.93	1.73	0
105	13.11	-8.88	0
106	14.99	-6.93	0.04
107	13.29	0.19	0
108	6.11	-8.81	0
109	5.97	-9.64	0
110	9.84	-2.24	0
111	10.67	-1.07	0.14
112	11.77	-4.47	0
113	15.78	-8.27	0
114	17.5	-6.15	0.19
115	13.69	1.05	0.2
116	7.11	-7.79	0.18
117	7.74	-12.96	0
118	14.61	-6.81	0
119	13.83	-3.63	0.15
120	11.65	-1.98	0.07
121	8.8	-2.39	0
122	13.44	-5	0
123	13.18	-6.16	0
124	16.38	-4.07	0
125	21.39	-3.46	0.06
126	23.1	-3.16	0.28
127	20.88	3.55	0.47
128	16.33	1.47	0.07
129	17.78	-2.16	0
130	20.49	-4.5	0
131	23.16	0.18	0
132	22.59	1.52	0.01
133	20.08	2.63	0.14
134	15.73	-3.9	0.09
135	7.56	-6.33	0.12
136	11.32	-4.88	0
137	13.48	-1.84	0
138	16.39	-5	0
139	22.08	-2.21	0
140	25.54	-0.06	0
141	26.12	3.35	0
142	24.61	-1.03	0
143	22.12	0.82	0.03
144	18.11	2.15	0.3
145	15.59	-6.22	0.11
146	17.47	-1.69	0
147	19.15	-3.14	0
148	22.58	-2.11	0
149	24.55	1.82	0.01
150	22.04	2.59	0.1
151	14.02	-3.05	0.89
152	10.75	-6.52	0
153	16.91	-2.33	0
154	20.71	0.68	0
155	22.3	4.83	0
156	25.35	3.69	0
157	28.3	4.19	0
158	30.83	8.1	0
159	32.24	8.3	0
160	32.98	8.76	0.01
161	31.76	8.21	0.07
162	28.6	5.06	0
163	26.97	5.71	0
164	24.59	2.97	0
165	22.23	4.72	0
166	19.37	1.45	0
167	19.42	-1.21	0
168	22.8	0.94	0
169	23.92	-0.16	0
170	26.7	1.2	0.07
171	27.62	2.83	0
172	28.67	3.16	0
173	26.88	3.47	0
174	23.99	4.15	0
175	20.49	-2.61	0
176	22.52	4.72	0
177	22.6	1.91	0
178	24.41	2.1	0
179	23.99	4.46	0
180	19.83	-0.62	0
181	22.9	-0.62	0
182	24.94	0.14	0
183	23.28	0.36	0
184	20.9	1.78	0
185	20.06	-0.32	0
186	23.34	-2.57	0
187	22.43	-3.53	0
188	22.91	0.79	0
189	24.62	0.98	0
190	22.21	7.71	0
191	22.53	3.93	0
192	24.37	6.81	0
193	29.07	4.05	0
194	30.84	7.97	0.17
195	31.61	10.69	0
196	30.24	13.41	0.07
197	28.79	13.71	0
198	28.81	6.83	0
199	30.78	5.41	0
200	31.95	8.55	0.07
201	31.33	12.03	0.09
202	29.03	12.63	0.23
203	29.66	8.85	0
204	29.66	10.46	0
205	30.87	5.9	0
206	28.48	3.2	0
207	27.91	0.98	0
208	27.36	1.7	0
209	26.37	3	0
210	27.91	2.9	0
211	29.26	4.75	0
212	30.57	5.16	0
213	31.39	4.25	0
214	32.56	5.45	0
215	33.22	7.66	0.03
216	32.29	9.05	0
217	30.86	8.34	0
218	30.34	11.47	0
219	31.42	7.47	0
220	30.75	7.23	0
221	31.32	3.84	0
222	31.27	3.43	0
223	31.88	1.66	0
224	32.4	5.37	0
225	29.15	3.56	0
226	29.43	1.99	0
227	29.48	2.51	0
228	28.52	7.92	0
229	29.16	3.32	0
230	29.82	6.42	0
231	30.1	3.89	0
232	31.2	5.44	0
233	31.29	5.54	0
234	32.04	5.06	0
235	30.6	3.82	0
236	29.7	8.51	0
237	27.73	2.15	0
238	26.43	0.29	0
239	26.16	0.13	0
240	30.07	1.77	0
241	30.79	-0.62	0
242	33.05	1.39	0
243	32.65	3.19	0
244	33.15	5.23	0
245	33.77	5.55	0
246	33.49	4.56	0
247	34.01	6.41	0
248	34.05	10.59	0
249	33.71	5.8	0
250	30.71	6.45	0
251	28.77	4.6	0
252	28.27	-0.47	0
253	28.8	1.28	0
254	30.82	1.42	0
255	29.37	3.76	0
256	27.49	4.63	0
257	24.69	2.74	0
258	21.69	5.29	0.05
259	20.71	0.37	0.39
260	17.88	-0.81	0.64
261	11.59	-1.01	4.3
262	10.67	0.37	0.31
263	16.62	-1.1	0.14
264	20.24	-0.18	0
265	20.48	-1.49	0.32
266	21.41	-0.93	0.02
267	18.92	-2.24	0.07
268	16.35	-4.01	0
269	18.8	-4.87	0
270	21.76	-4.07	0
271	22.01	1.09	0
272	20.61	-4.01	0
273	20.99	-4.39	0
274	22.61	-4.22	0
275	24.39	-3.04	0
276	24.55	-2.9	0
277	20.09	-2.59	0
278	16.84	-5.79	0
279	17.34	-7.37	0
280	20.14	-6.17	0
281	22.51	-0.59	0
282	23.32	-2.04	0
283	21.87	-1.12	0.01
284	18.07	-4.07	0
285	19.63	-3.96	0
286	21.92	-2.36	0.01
287	23.15	-1.56	0
288	23.06	-1.23	0
289	21.88	-2.36	0
290	22.01	-2.71	0.13
291	20.92	0.22	0.14
292	18.87	3.24	0.02
293	16.29	-3.27	0
294	16.14	-5.23	0
295	16.86	-5.76	0
296	16.78	-7.54	0
297	17.97	-9.63	0
298	19.81	-7.23	0.01
299	16.11	0.58	0
300	13.13	-11.73	0
301	15.55	-9.63	0
302	18.22	-6.5	0
303	19.19	-4.68	0
304	15.07	-8.18	0
305	10.66	-4.12	0
306	11.78	-12.12	0
307	14.32	-11.06	0
308	18.2	-5.74	0.04
309	15.5	-1.27	0.01
310	13.97	-1.59	0
311	13.5	-8.35	0
312	13.7	-9.32	0
313	15.81	-8.67	0
314	17.36	-9.39	0
315	15.3	-4.88	0
316	9.71	-10.16	0.03
317	6.5	-10.75	0.17
318	4.14	-8.32	0
319	1.38	-13.92	0.22
320	2.3	-9.58	0.89
321	1.38	-6.16	0.12
322	9.75	-7.38	0
323	14.27	-3.7	0.04
324	14.34	-3.86	0.04
325	10.61	-2.79	0.15
326	4.32	-11.27	0.03
327	5.14	-13.53	0.01
328	6.37	-15.12	0
329	10.13	-15.33	0
330	14.21	-8.17	0
331	13.88	-10.12	0
332	12.11	-11.42	0
333	11.98	-9.47	0
334	10.3	-10.22	0.18
335	9.4	-4.42	0.24
336	3.26	-9.93	0
337	1.68	-9.07	0
338	1.46	-14.56	0.16
339	2.25	-14.95	0.77
340	9.82	-4.84	0.05
341	8.24	-12.54	0.14
342	8.29	-9.15	0.4
343	6.76	-4.05	0
344	6.53	-10.75	0
345	8.77	-10.15	0
346	9.65	-6.87	0
347	10.93	-11.12	0
348	11.21	-8.4	0
349	8.91	-11.99	0
350	9.08	-7.91	0
351	7.74	-5.14	0.68
352	10.19	-5.11	1.52
353	10.23	0.18	0.82
354	10.22	-1.39	3.45
355	12.19	-1.76	5.63
356	11.77	4.45	7.58
357	9.65	2.52	10
358	4.27	-4.25	2.83
359	5.26	-7.47	0.51
360	5.53	-5.56	0.51
361	3.73	-7.05	0.02
362	-1.03	-9.89	0.04
363	-4.53	-10.2	0.26
364	-4.07	-20.28	0.05
365	-0.1	-17.23	0
