# weather for site: year =  1965
# DOY Tmax(C) Tmin(C) PPT(cm)
1	-5.98	-20.54	0
2	-1.06	-18.07	0.08
3	3.05	-7.81	0.2
4	4.78	-4.85	0.1
5	6.2	-3.7	0.48
6	5.95	-1.1	0.76
7	3.34	-12.52	0.53
8	-3.14	-21.26	0
9	1.12	-14.4	0.01
10	3.01	-11.78	0.19
11	2.29	-9.49	0.04
12	4.45	-4.05	0.26
13	2.16	-5.99	0
14	0	-7.99	0
15	-3.39	-7.1	0
16	-3.88	-6.91	0
17	-3.43	-6.79	0
18	2.64	-5.78	0.28
19	1.47	-6.76	1.38
20	3.78	-4.24	0.89
21	8.03	-5.24	0
22	6.5	-4.57	0
23	10.74	-6.73	1.71
24	9.06	-5.59	1.08
25	3.84	-9.62	0
26	5.13	-9.01	0
27	8.64	-8.6	0
28	8.08	-8.9	0
29	11.5	-7.92	0
30	12.54	-7.18	0
31	13.36	-5.94	0
32	11.22	-8.17	0
33	10.93	-11.01	0
34	11.39	-10.07	0
35	12.69	-9.29	0
36	12.56	-3.23	0
37	7.6	-5.56	0
38	3.67	-14.11	0
39	7.92	-12.93	0
40	6.5	-9.6	0
41	1	-15.18	0
42	0.58	-14.01	0
43	5.56	-15.9	0
44	5.74	-12.67	0
45	4.55	-7.63	0.02
46	5.15	-13.48	0
47	7.59	-13.49	0
48	10.76	-12.54	0
49	12.93	-11.17	0
50	15.4	-10.83	0
51	15.1	-10.27	0
52	17.27	-7.66	0
53	14.55	-1.58	0
54	5.59	-14.47	0
55	9.82	-14.73	0
56	13.26	-13.23	0
57	15.14	-10.37	0.4
58	13.53	-0.42	0.32
59	8.27	-11.29	0
60	6.03	-10.5	0
61	6.98	-13.84	0
62	9.55	-15.09	0
63	8.25	-11.92	0
64	9.54	-5.93	0
65	8.55	-2.76	1.56
66	8.23	-6.61	0
67	10.44	-10.14	0
68	11.44	-11	0
69	10.55	-5.21	0
70	11.69	-9.78	0.13
71	9.64	-3.84	0.41
72	5.08	-4.12	0.55
73	9.05	-10.67	0
74	11.01	-9.52	0
75	12.66	-8.71	0
76	11.26	-6.84	0
77	8.97	-11.51	0
78	8.65	-13.3	0
79	12.89	-12.69	0
80	16.32	-9.36	0
81	16.29	-1.22	0
82	12.49	-6.5	0.26
83	9.67	-3.45	0.59
84	6.82	-3.54	0.06
85	8.37	-1.69	0.39
86	8.13	-2.42	0.26
87	11.18	-9.14	0
88	13.97	-7.21	0
89	15.31	-1.2	0.04
90	14.4	-0.38	0.41
91	10.01	-4.99	0.09
92	7.19	-7.14	0.21
93	8.16	-2.94	0.03
94	11.32	-7	0
95	11.88	-3.73	0
96	7.77	-1.41	0.07
97	5.82	-7.4	0.02
98	7.22	-4.84	0.07
99	5.52	-5.92	0.12
100	4.48	-5.53	0.5
101	2.98	-6.79	1.47
102	1.19	-5.14	1.12
103	6.79	-5.44	0.18
104	10.77	-5.19	0.05
105	13.45	-5.57	0
106	11.36	0.95	0
107	12.8	-4.9	0
108	12.9	-0.15	0
109	17.99	3.6	0
110	18.46	4	0.08
111	13.94	2.89	0.18
112	13.29	0.15	0
113	16.52	-4.83	0
114	18.17	0.43	0
115	18.24	-1.94	0
116	18.01	-2.26	0
117	20.57	-2.14	0
118	21.45	-0.01	0
119	20.63	2.55	0
120	19.65	2.43	0
121	17.5	2.76	0.04
122	12.83	-4.46	0
123	9.37	-8.48	0
124	13.62	-4.77	0
125	12.55	-3.66	0.22
126	6.64	-6.62	0.12
127	3.68	-7.25	0
128	11.34	-4.58	0
129	13.57	-5.19	0
130	14.75	-4.08	0
131	16.62	-4.29	0
132	19.44	-2.5	0
133	19.98	4.45	0
134	17.18	-0.06	0
135	20.72	-2.7	0
136	23.02	1.56	0
137	21.96	1.3	0
138	22.38	-0.61	0
139	21.41	4.47	0
140	17.59	3.08	0
141	14.5	1.83	0.53
142	10.08	2.39	0.09
143	12.82	1.44	0.07
144	13.07	-2.44	0
145	15.27	-0.45	0
146	18.22	-1.4	0
147	19.95	-0.55	0
148	23.01	0.32	0
149	23.25	3.12	0
150	22.84	4.25	0.03
151	20.78	2.38	0.01
152	16.52	2.19	0.33
153	17.7	0.38	0.27
154	21.58	0.7	0
155	24.32	3.35	0
156	24.68	4.07	0
157	24.93	3.29	0
158	24.48	1.25	0.33
159	22.35	4.68	0.17
160	20.36	2.27	0.85
161	25.01	4.84	0
162	25.3	6.36	0
163	24.08	7.68	0
164	21.36	-0.73	0
165	19.72	1.83	0
166	14.82	-0.69	0.59
167	11.94	0.89	0.67
168	11.08	2.03	0.24
169	16.71	0.63	0.1
170	21.73	2.01	0
171	24.78	2.94	0
172	26.55	3.02	0
173	27.07	5.28	0.02
174	25.3	3.42	0
175	22.75	4.44	0.08
176	21.79	3.25	0.14
177	17.7	2.62	0.03
178	19.26	0.65	0
179	21.94	1.52	0
180	24.16	1.77	0.07
181	23.61	5.85	0
182	23	1.32	0
183	25.82	4.39	0
184	28.02	6	0
185	28.42	7.2	0.03
186	28.68	6.99	0.05
187	29.72	7.63	0.02
188	29.03	4.54	0
189	28.46	4.61	0
190	27.34	2.69	0
191	26.98	1.87	0
192	25.82	-0.36	0
193	25.68	-0.12	0
194	27.79	3.14	0
195	30.48	6.19	0
196	28.83	7.79	0
197	27.5	12.84	0.16
198	26.79	7.12	0.05
199	25.09	8.5	0
200	23.64	8.83	0.29
201	23.81	5.27	0
202	24.4	2.65	0
203	25.47	2.75	0
204	28.46	3.79	0
205	28.93	5.9	0.4
206	26.76	6.92	0.27
207	26.39	4.98	0.41
208	25.87	2.2	0
209	27.35	4.22	0
210	29.41	4.74	0.01
211	28.88	12.85	0.49
212	22.69	9.84	0.81
213	26.49	9.94	0.02
214	26.25	8.32	0
215	25.92	4.8	0
216	26.14	4.3	0
217	28.05	6.15	0
218	30.6	7.12	0
219	30.39	6.57	0
220	29.33	3.82	0.14
221	28.55	4.79	0.05
222	27.45	10.92	0.17
223	25.69	10.68	0.73
224	23.21	11.03	0.03
225	24	5.34	0.07
226	23.19	10.38	1.68
227	20.94	6.66	0.57
228	22.78	7.14	1.15
229	19.93	9.05	1.06
230	22.4	6.2	0.26
231	23.35	3.88	0
232	23.3	3.4	0
233	22.14	2.36	0
234	21.22	2.32	0
235	23.34	2.62	0
236	24.75	1.89	0
237	24.6	3.63	0
238	24.73	3.74	0
239	26.48	1.19	0
240	26.63	3.95	0
241	25.44	3.61	0
242	24.41	3.09	0
243	24.9	2.66	0
244	26.08	4.25	0
245	25.59	4.25	0
246	24.16	3.64	0
247	23.7	2.89	0
248	22.36	0.9	0.03
249	19.14	3.16	1.4
250	13.95	3.37	0.82
251	17.15	0.25	0.06
252	20.51	-0.05	0
253	22.7	0.64	0
254	22.21	-0.4	0
255	21.95	-0.95	0
256	22.54	-0.35	0
257	23.18	-1.53	0
258	23.49	0.33	0
259	19.76	4.16	0
260	11.44	-8.26	0
261	10.05	-9.68	0
262	13.01	-8.94	0
263	17.84	-7.09	0
264	21.18	-4.54	0
265	24.65	-2.37	0
266	23.05	2.28	0
267	24.64	3.13	0
268	24.3	3.96	0
269	23.6	2.37	0
270	18.78	3.14	0
271	12.18	1.35	0
272	16.15	-4.87	0
273	19.32	-4.06	0
274	22.24	-3.09	0
275	24.53	-0.59	0
276	24.3	-1.24	0
277	22.78	-2.33	0
278	21.37	4.78	0
279	22.77	1.48	0
280	23.88	0.69	0
281	26.06	0.75	0
282	26.71	1.93	0
283	25.07	0.71	0
284	23.89	1.22	0
285	23.49	0.13	0
286	22.12	0.27	0
287	19.55	-2.01	0.14
288	15.16	-1.25	0
289	6.97	-8.23	0
290	13.33	-9.22	0
291	18.4	-8.56	0
292	17.5	-4.78	0
293	17.9	-6.12	0
294	18.58	-6.78	0
295	19.59	-6.46	0
296	20.76	-7.59	0
297	20.8	-7.18	0
298	19.85	-7.89	0
299	20.63	-7.96	0
300	20.94	-7.71	0
301	20.81	-6.98	0
302	20.75	-7.16	0
303	20.41	-7.51	0
304	20.11	-8.46	0
305	20.74	-7.91	0
306	19.27	-5.86	0
307	18.2	-6.65	0
308	15.7	-4.19	0
309	13.63	-6.4	0
310	14.12	-12.02	0
311	15.52	-9.25	0
312	14.52	-4.1	0
313	10.79	-7.75	0
314	12.19	-8.75	0
315	13.68	-3.28	0
316	11.68	-0.38	0.01
317	8.4	-1.56	0.86
318	6.33	0.48	3.06
319	6.62	-3.85	0.78
320	6.23	-1.67	1.65
321	8.82	-3.82	1.42
322	8.75	-0.52	0.42
323	7.83	-4.86	0
324	7.8	-6.13	0
325	8.47	-10.15	0
326	7.1	-11.71	1.64
327	6.95	-4.23	5.43
328	2.54	-4	2.6
329	1.14	-5.73	0
330	-0.06	-11.82	0
331	1.74	-9.69	0
332	2.16	-11.66	0
333	3.21	-12.81	0
334	3.75	-12.12	0
335	6.1	-12.31	0
336	8.19	-11.13	0
337	8.91	-10.46	0
338	9.66	-9.37	0
339	12.37	-9	0
340	10.74	-11.39	0
341	10.26	-12.62	0
342	6.35	-11.95	0
343	6.61	-7.94	0
344	8.66	-6.75	0
345	7.02	-10.9	0.74
346	3.72	-5.76	1.16
347	1.38	-5.13	0.34
348	-2.77	-7.92	0.3
349	-4.47	-16.86	0
350	-6.27	-17.02	0
351	-4.84	-20.26	0
352	-4.15	-21.01	0
353	-2.21	-20.9	0
354	-2.09	-20.52	0
355	0.01	-14.64	0
356	-0.74	-11.78	0.39
357	-4.28	-20.59	0
358	5.38	-18.89	0.76
359	2.18	-5.5	0.04
360	-1.78	-12.68	0
361	8.33	-12.72	0
362	8.28	0.66	1.63
363	4.42	-7.25	1.42
364	0.58	-7.95	0.76
365	-1.29	-7.26	0
