# weather for site: year =  1974
# DOY Tmax(C) Tmin(C) PPT(cm)
1	-4.17	-16.43	0.77
2	-9.48	-26.46	0
3	-9.72	-29.11	0.03
4	-7.08	-19.86	0
5	-2.74	-24.62	0.35
6	-4.33	-17.22	0.11
7	-1.68	-10.56	0.53
8	-3.67	-9.3	0
9	-5.97	-16.55	0
10	-6.88	-22.21	0
11	-3.74	-22.73	0
12	6.59	-13.98	0
13	8.02	-9.84	0
14	8.89	-10.54	0.08
15	16.37	-0.31	0
16	13.34	-2.69	0.67
17	11.94	-1.07	1.94
18	12.1	-6.27	0.36
19	10.77	-0.66	0
20	6.32	-2.96	1.16
21	-1.13	-12.15	0.51
22	0.65	-13.68	0
23	4.29	-9.75	0
24	6.21	-9.84	0
25	9.76	-9.8	0
26	6.34	-8.28	0
27	6.74	-11.05	0
28	8.25	-10.31	0
29	9.67	-9.44	0
30	10.88	-7.22	0
31	11.74	-2.11	0
32	8.17	-1.19	0
33	7.98	-10.07	0
34	10.3	-12.35	0
35	12.13	-11.88	0
36	9.93	-9.47	0
37	1.64	-13.01	0
38	4.72	-11.07	0
39	5.48	-10.3	0
40	5.84	-9.81	0
41	7.68	-13.84	0
42	11.59	-13.68	0
43	9.74	-9.19	0
44	5.76	-12.31	0
45	3.47	-8.92	0
46	8.85	-10.96	0
47	7.45	-11.27	0
48	4.21	-14.14	0
49	9.47	-9.44	0.26
50	6.54	-8.43	0.07
51	4.9	-13.93	0.06
52	9.06	-13.83	0
53	4.48	-8.91	0
54	3.52	-15.12	0
55	8.81	-14.02	0
56	10.79	-12.9	0
57	10.61	-7.06	0.15
58	12.43	-5.02	0
59	11.12	0.35	0.17
60	12.08	-0.93	0.91
61	7.4	-6.94	0.51
62	0.41	-10.71	1.78
63	3.65	-14.68	0
64	11.66	-9.35	0
65	12.07	-2.12	0
66	9.72	-3.17	0
67	3.48	-5.95	0.07
68	7.83	-3.96	0
69	10.97	-8.54	0
70	12.94	-7.15	0
71	12.69	-6.54	0
72	14.03	-3.17	0
73	14.91	-1.5	0
74	16.39	-3.62	0
75	16.48	-0.13	0
76	13.79	-1.9	0.15
77	10.24	-1.33	0.32
78	13.05	-10.37	0
79	11.01	-7.6	0
80	14.08	-10.59	0
81	14.39	-6.24	0
82	13.56	-6.87	0
83	16.63	-9.02	0
84	13.15	-6.86	0
85	13.63	-2.57	0
86	12.33	-1.1	0.06
87	12.31	-0.37	0
88	16.84	0.91	0.02
89	13.03	1.79	0
90	10.48	-5.35	0.04
91	11.96	-3.63	0.32
92	8.79	-6.49	0
93	8.55	-7.38	0
94	15.45	-11.36	0
95	16.04	-8.08	0
96	13.84	-1.7	0
97	14.03	-8.64	0
98	19.51	-7.99	0.04
99	11.16	-4.41	0
100	10.63	-8.74	0
101	13.65	-6.75	0
102	12.91	-6.29	0
103	11.15	-10.76	0
104	15.18	-11.02	0
105	18.07	-8.91	0
106	17.93	-6.21	0
107	21.9	-6.65	0
108	15.98	-2.1	0
109	10.06	-2.49	0
110	11.31	-1.97	0
111	17.75	-6.32	0
112	20.83	-4.85	0
113	15.48	-2.1	0.04
114	9.43	-4.34	0
115	8.13	-8.85	0
116	9.79	-4.94	0
117	12.71	-7.89	0
118	12.38	-2.83	0
119	17.93	-3.86	0
120	22.64	-5.12	0
121	21.86	-0.02	0
122	19.99	2.59	0
123	19.01	2.78	0
124	19.04	0.77	0
125	21.98	-1.78	0
126	25.5	-1.61	0
127	26.79	1.48	0
128	25.95	1.08	0
129	24.04	3.45	0
130	22.67	0.74	0
131	24.87	-1.02	0
132	22.68	6.24	0
133	18.45	-0.7	0
134	20.76	-1.45	0
135	18.96	3.7	0
136	15.02	-3.26	0
137	11.29	-4.14	0
138	7.77	-8.38	0
139	9.37	-3.48	0
140	14.88	-6.94	0
141	19.64	-4.83	0
142	21.45	-1.87	0
143	23.53	-1.17	0
144	25.31	1.19	0
145	27.68	1.23	0
146	29.45	3.51	0
147	28.6	4.53	0
148	27.41	5.1	0
149	25.14	4.64	0
150	23.53	0.37	0
151	24.99	-1.95	0
152	26.49	0.51	0
153	26.7	2.26	0
154	26.96	3.97	0
155	25.94	4.16	0
156	24.42	6.1	0
157	23.96	4.43	0
158	22.4	2.48	0
159	23.26	-1.55	0
160	27.44	0.96	0
161	30.6	3.3	0
162	33.13	5.83	0
163	33.75	5.78	0
164	33.42	7.02	0
165	31.68	7.38	0
166	29.75	6.64	0
167	27.9	7.91	0
168	29.83	5.48	0
169	28.29	2.84	0
170	25.44	6.32	0
171	23.92	-0.13	0
172	28.77	2.21	0
173	29.56	9.15	0.45
174	29.79	5.11	0
175	29.9	4.31	0
176	29.43	4.54	0
177	27.63	-1.15	0
178	29.26	3.16	0
179	31.48	6.22	0
180	32.14	7.97	0
181	31.95	7.1	0
182	30.93	11.44	0
183	28.12	6.45	0
184	29.86	4.61	0
185	31.79	7.14	0
186	30.07	3.76	0
187	27.09	3.16	0
188	26.06	0.7	0
189	22.65	9.48	0.07
190	17.66	5.44	0.85
191	17.63	0.53	0.01
192	22.69	-1.06	0
193	28.52	1.85	0
194	30.58	4.74	0
195	30.13	6.17	0
196	28.27	11.24	0
197	28.67	4.98	0
198	30.07	3.43	0
199	30.81	4.84	0
200	30.17	5.6	0
201	30.42	6.14	0
202	31.89	7.05	0
203	31.19	10.04	0
204	29.61	10.73	0
205	32.65	10.8	0
206	29.9	12.64	0
207	29.8	11.66	0
208	31.36	9.66	0
209	32.07	10.64	0
210	31.52	12.2	0
211	31.78	8.47	0.3
212	28.16	8.17	0
213	29.99	7.74	0.45
214	29.1	7.71	1.4
215	29.9	7.76	0.11
216	28.66	10.88	0.03
217	27.18	10.66	1.21
218	26.87	7.33	0.39
219	26.73	6.4	0
220	28.16	6.66	0
221	26.79	5.94	0
222	28.29	4.8	0
223	29.7	6.08	0
224	29.51	4.79	0
225	27.33	2.7	0
226	25.13	-0.23	0
227	28.26	1.72	0
228	28.35	4.97	0
229	28.96	2.77	0
230	28.68	3.01	0
231	25.9	3.31	0
232	25.62	-0.77	0
233	26.81	-0.45	0
234	30.03	3.37	0
235	30.27	3.85	0
236	30.28	4.4	0
237	29.79	6.42	0
238	29.8	5.4	0
239	29.53	5.4	0
240	29.97	6.05	0
241	30.44	5.35	0
242	30.55	6.61	0
243	29.32	5.56	0
244	29.17	4.53	0
245	29.88	6.01	0
246	30.27	5.92	0
247	30.38	4.21	0
248	29.39	3.22	0
249	29.66	4.25	0
250	28.67	5.64	0
251	28.88	3.84	0
252	29.39	3.5	0
253	28.77	2.53	0
254	25.08	6.24	0
255	21.01	-4.44	0
256	20.31	-0.92	0
257	22.13	-4.88	0
258	23.87	-4.77	0
259	25.81	-2.74	0
260	27.04	-1.34	0
261	27.68	-0.77	0
262	27.49	-1.58	0
263	27.21	-1.05	0
264	27.51	-0.38	0
265	28.37	0.49	0
266	28.31	0.12	0
267	27.5	0.43	0
268	27.77	-0.88	0
269	26.7	-0.52	0
270	22.67	-1.25	0
271	22.38	-7.05	0
272	24.81	-2.44	0
273	23.77	-3.37	0
274	25.17	-2.99	0
275	22.31	-0.69	0
276	19.55	-0.77	0
277	15.6	-2.94	0
278	14.15	-7.22	0
279	15.36	-7.66	0
280	18.26	-6.3	0.04
281	16.79	-0.06	0.14
282	15.67	-1.74	0
283	17.51	-4.3	0
284	16.37	-4.03	0
285	17.41	-5.29	0
286	19.98	-6.76	0
287	20.07	-4.38	0
288	22.68	-5.85	0
289	23.33	-5.03	0
290	22.97	-4.75	0
291	24.53	-5.02	0
292	22.86	-3.98	0
293	22.49	-3.09	0
294	18.83	-7.39	0
295	10.83	-10.35	0
296	14.58	-8.91	0
297	15.04	-8.85	0
298	14.79	-6.18	0
299	16.74	-8.17	0
300	16.38	-4.14	0.33
301	9.57	-1.46	1.04
302	4.69	-4.41	0.38
303	13.38	-2.51	0.9
304	12.21	-0.82	0.56
305	4.87	-3.69	2.12
306	1.66	-3.24	0
307	8.6	-7.37	0
308	5.92	-6.94	0
309	8.43	-9.34	0
310	11.78	-9.37	0
311	12.94	-6.98	0
312	8.28	-3.48	0.06
313	9.25	-9.75	0
314	11.47	-8.63	0
315	13.7	-9.79	0
316	14.16	-9	0
317	16.97	-6.97	0
318	15.53	-5.77	0
319	15.27	-4.29	0
320	11.06	-8.4	0
321	13.63	-9.55	0
322	12.48	-2.47	0
323	8.27	-9.18	0
324	13.77	-9.92	0
325	12.88	-2.11	0.37
326	7.91	-6.82	0
327	8.04	-14.13	0
328	12.62	-13.46	0
329	10.12	-1.83	0
330	7.61	-12.73	0
331	9.46	-12.1	0
332	7.34	-11.43	0
333	5.22	-15.52	0
334	7.45	-12	0
335	6.32	-15.03	0
336	3.18	-12.99	0.01
337	8.64	-6.86	0.32
338	6.37	-5.2	0.98
339	4.82	-11.87	0
340	7.16	-15.27	0
341	5	-10.74	0
342	4.04	-14.06	0
343	4.16	-14.69	0
344	5.66	-14.92	0
345	4.56	-6.64	0.02
346	8.75	-9.27	0.04
347	3.87	-11.67	0
348	4.55	-9.93	0.14
349	10.85	-6.74	0
350	8.42	-9.28	0
351	9.33	-6.05	0
352	1.57	-13.33	0
353	6.79	-14.74	0
354	7.81	-10.25	0
355	5.84	-11.31	0
356	3.24	-16.52	0
357	-4.24	-15.15	0
358	-0.81	-19.62	0
359	-1.03	-17.06	0
360	1.5	-17.13	0
361	6.53	-9.29	0.26
362	-0.38	-9.32	0.29
363	-5.06	-24.73	0.09
364	-5	-19.43	0.46
365	-4.28	-23.75	0
