#DOY	Tmax_C	Tmin_C	PPT_cm
1	-3.73	-18.73	0.26
2	-4.46	-19.61	0.08
3	-2.34	-17.91	0
4	-4.42	-17.56	0.22
5	-1.5	-10.13	0.29
6	-0.06	-9.55	0.84
7	-8.34	-18.49	0.12
8	-10.36	-18.33	0.06
9	-9.07	-16.36	0.16
10	-2.22	-11.1	0.36
11	-2.07	-16.17	0.65
12	-11.28	-26.47	0
13	-11.81	-28.43	0
14	-11.09	-26.54	0.06
15	-8.16	-20.91	0.25
16	-6.72	-23.68	0
17	-5.08	-20.57	0
18	-3.58	-19.77	0
19	-2.91	-20.23	0
20	-3.47	-20.71	0
21	-2.58	-20.24	0
22	-1.53	-19.38	0
23	2.28	-12.26	0.05
24	-0.99	-9.07	0.84
25	-7.17	-16.46	0.12
26	-8.56	-25.16	0
27	-6.98	-26.27	0
28	-5.8	-21.02	0.22
29	-3.94	-20.74	0.02
30	0.39	-15.9	0
31	1.32	-16.4	0
32	5	-7.54	0.03
33	3.57	-15.84	0.77
34	-15.42	-22.7	1.62
35	-21	-28.17	1.6
36	-26.03	-32.67	0.14
37	-25.81	-43.47	0.02
38	-23.2	-41.35	0
39	-20.19	-37.73	0
40	-10.32	-32.04	0.03
41	-2.42	-14.39	0.46
42	-0.81	-7.26	0.78
43	-3.33	-12.74	0.18
44	-6.25	-18.9	0.11
45	-7.87	-16.16	0.26
46	-7.76	-22.43	0.1
47	-6.9	-23.96	0
48	-3.71	-19.67	0
49	-1.81	-12.85	0.24
50	1.88	-5.26	1.12
51	-0.83	-5.73	0.7
52	0.01	-9.57	0.22
53	-1.6	-18.7	0
54	3.14	-11.6	0
55	4.68	-11.65	0
56	6.59	-5.48	0
57	3.81	-3.13	0.06
58	0.31	-11.6	0
59	1.48	-8.76	0
60	3.44	-11.65	0
61	3.51	-7.6	0.66
62	3.13	-12.7	1.38
63	-9.05	-22.41	0.23
64	-7.03	-24.44	0
65	0.43	-17.09	0
66	2.49	-5.53	0
67	7.22	-2.08	0
68	11	-2.15	0
69	11.46	-3.15	0
70	9.73	-3.28	0
71	11.78	-2.92	0
72	10.35	-2.34	0
73	3.65	-6.72	0.08
74	3.23	-10.58	0
75	10.16	-5.59	0
76	8.78	-5.16	0.02
77	7.49	-8.8	0.11
78	6.55	-2.36	0.7
79	2.7	-6.31	0.29
80	5.01	-11.16	0
81	9.25	-3.05	0
82	8.33	-4.09	0
83	13.18	-2.25	0
84	14.14	-3.86	0
85	13.66	-3.06	0
86	9.88	-0.68	0
87	11.97	-5.71	0.02
88	10.22	-1.89	0.69
89	2.97	-5.88	0.39
90	10.83	-8.71	0.24
91	9.73	-2.59	0.67
92	7.77	-1.95	0.25
93	7.2	-4.56	0.53
94	4	-6	0.01
95	10.23	-4.52	0
96	15.91	0.26	0
97	18.58	0.13	0
98	16.28	2.44	0
99	13.26	-6.01	0
100	7.78	-13.37	0
101	11.06	-3.46	0.04
102	13.07	-6.97	0
103	15.31	-7.94	0
104	17.78	-4.91	0
105	18.96	-2.64	0
106	17.35	1.61	0.24
107	18.69	3.28	0
108	19.79	-0.66	0
109	21.69	-1.19	0
110	23.56	3.19	0
111	23.29	1.27	0
112	22.29	1.9	0
113	22.47	0.16	0
114	21.29	-1.65	0
115	20.06	0.56	0
116	17.5	0.06	0
117	11.66	-1.82	0.03
118	8.09	-4.9	0.05
119	6.87	-7.16	0.02
120	7.91	-5.51	0.01
121	13.54	-6.53	0
122	15.39	-1.2	0.11
123	13.97	0.99	0.66
124	14.52	0.54	0.57
125	18.08	-2.8	0
126	22.41	-0.59	0
127	23.77	0.73	0
128	22.87	4.03	0.08
129	24.14	1.91	0
130	21.03	4.91	0
131	21.16	1.57	0
132	19.05	-0.36	0.32
133	13.78	-4.51	0
134	11.88	-1.5	0.53
135	12.23	-1.97	0.66
136	13.36	-0.94	0.3
137	16.29	0.49	0.16
138	20.2	-1.37	0
139	20.77	0.14	0
140	20.76	-4.39	0
141	21.78	1.86	0
142	24.68	0.9	0
143	25.51	2.82	0
144	23.43	1.61	0
145	14.48	-0.16	0
146	16.39	-3.32	0
147	22.41	-0.93	0
148	25.25	1.98	0
149	24.54	5.09	0
150	22.5	2.06	0
151	19.47	-0.53	0
152	19.48	-2.38	0
153	21.53	-1.99	0
154	20.57	-0.18	0.02
155	19.9	-1.08	0.33
156	21.63	0.59	0.28
157	20.04	4.09	0.32
158	20.64	1.35	0
159	20.53	5.26	0.21
160	21.04	2.17	0.03
161	20.45	3.53	1.27
162	22.23	4.68	0.2
163	22.75	4.23	0
164	20.02	5.42	0.03
165	22.55	3.75	0
166	27	3.56	0
167	28.64	6.21	0.12
168	27.52	2.98	0.1
169	27.92	3.6	0
170	30.97	7.24	0
171	29.89	9.83	0
172	24.58	-0.09	0
173	17.1	-3.52	0
174	16.44	2.67	0
175	19.11	3.41	0
176	23.37	2.26	0.06
177	22.9	1.59	0
178	25.99	3.67	0
179	26.53	7.19	0.1
180	26.09	6.42	0
181	28.52	6.97	0
182	28.96	3.61	0
183	29.87	3.1	0
184	30.79	4.07	0
185	33.29	4.63	0
186	33.45	6.45	0
187	33.85	5.33	0
188	33.72	8.84	0
189	32.36	8.67	0
190	32.82	10.55	0.01
191	30.26	10.01	0.11
192	27.79	9.93	0.24
193	22.13	11.48	0.39
194	24.5	6.74	0.03
195	26.79	5.75	0
196	28.88	6.31	0
197	28.88	6.08	0
198	28.18	4.57	0
199	28.1	4.22	0
200	30.32	6.73	0
201	30.67	8.56	0
202	32.02	9.2	0
203	29.14	9.53	0.29
204	26.59	10.86	1.76
205	24.7	8.41	0.56
206	25.2	8.33	0.06
207	26.27	7.96	0
208	25.6	11.26	0
209	25.97	9.55	0.24
210	24.62	10.7	1.37
211	25.39	9.42	0
212	28.66	7.82	0
213	27.26	10.56	0.28
214	24.29	12.19	0.56
215	26.13	8.66	0.04
216	25.69	9.85	0.05
217	26.77	8.43	0
218	26.6	6.38	0
219	26.79	6.97	0
220	27.98	6.46	0
221	27.19	9.83	0.02
222	27.09	7.52	0
223	24.17	8.43	0.17
224	19.94	10.95	1.56
225	24.07	6.36	0.12
226	24.63	6.69	0
227	25.83	4.9	0
228	26.31	7.38	0
229	24.78	7.4	0.1
230	23.95	8.61	0.05
231	22.41	5.31	0.36
232	20.62	4.18	0.62
233	21.5	4.14	0.36
234	24.59	4.07	0
235	25.82	4.87	0
236	25.06	5.45	0
237	22.61	0.86	0
238	23.96	1.38	0
239	25.48	2.72	0
240	25.68	2.65	0
241	27.54	1.81	0
242	27.38	4.54	0
243	25.8	3.71	0
244	27.3	0.01	0
245	26.82	2.95	0
246	26.19	3.28	0
247	25.6	-0.41	0
248	25.42	2.45	0.01
249	26.59	7.54	0
250	26.67	5.35	0.28
251	24.61	5.35	1.3
252	16.58	2.93	0.23
253	16.61	3.09	0.08
254	14.96	-2.01	0.1
255	11.68	1.31	0.99
256	12.1	-1.68	0
257	18.44	-2.98	0
258	21.7	-0.52	0
259	23.77	-0.58	0
260	24.37	2.97	0
261	22.81	6.03	0
262	22.81	0.89	0.38
263	21.39	4.81	0.62
264	14.63	2.3	0.26
265	18.06	-1.81	0
266	21.07	-0.59	0
267	22.22	-0.44	0
268	23.37	0.13	0
269	23.55	2.59	0
270	23.54	4.27	0.07
271	24.76	2.75	0
272	25.28	2.42	0
273	24.73	2.29	0
274	20.72	1.33	0
275	20.52	-0.69	0
276	21.44	-1.2	0.09
277	17.47	-0.11	0.05
278	14.83	-5.52	0
279	16.22	-5.32	0
280	16.44	-3.78	0
281	17.24	-5.63	0
282	18.31	-3.91	0
283	20.83	-3.22	0
284	21.28	-3.01	0
285	21.91	-1.64	0
286	23.27	-2.72	0
287	23.2	0	0.02
288	21.39	2.22	0.08
289	10.36	-2.14	0.06
290	9.7	-6.64	0
291	11.1	-8.99	0
292	13.4	-9.31	0
293	17.06	-7.79	0
294	16.44	-1.96	0.12
295	13.63	1.68	0.07
296	16.26	-2.38	0
297	18.35	-4.19	0
298	18.47	-3.59	0.33
299	16.14	-3.11	0.52
300	9.07	-7.37	0.02
301	9.69	-6.35	0.39
302	2.14	-9.65	0
303	4.25	-7.51	0
304	5.28	-7.87	0.18
305	2.07	-14.19	0.34
306	5.12	-13.21	0
307	5.44	-10.12	0
308	6.97	-3.14	0
309	9.28	-1.45	0.12
310	6.9	-2.66	0.36
311	3.7	-5.36	0.06
312	4.47	-8.76	0
313	8.35	-3.11	0.06
314	12.77	-2.05	0
315	15.32	-5.46	0
316	16.44	-6.03	0
317	14.14	-5.66	0.13
318	8.62	-5.69	0.22
319	2.6	-12.24	0
320	3.93	-12.29	0
321	6.34	-7.99	0
322	8.13	-9.38	0
323	11.55	-7.43	0
324	15.35	-6.99	0
325	13.69	-8.48	0
326	10.2	-10.94	0
327	10.18	-8.83	0
328	7.29	-5.88	0.92
329	5.06	-5.33	0.88
330	2.71	-6.43	1
331	-0.88	-9.06	0.34
332	-4.93	-19.63	0
333	-4.05	-20.05	0
334	-2.31	-20.81	0
335	-2.67	-20.06	0
336	-0.91	-18.97	0
337	2.18	-16.38	0
338	2.69	-14.42	0
339	2.39	-9.71	0
340	2.25	-9.63	0.15
341	0.34	-9.26	0.01
342	0.5	-14.11	0
343	2.95	-10.33	0.32
344	0.96	-11.78	0.44
345	-7.63	-19.02	0
346	-7.72	-20.24	0.05
347	-5.74	-18.08	0.42
348	-2.48	-12.95	0.9
349	-1.25	-7.9	1.16
350	-4.87	-14.19	0.21
351	-8.01	-18.07	1.46
352	-8.48	-20.61	0.5
353	-11	-23.81	0
354	-5.32	-18.73	0
355	-3.07	-16.68	0.06
356	-5.33	-17.69	0.11
357	-4.51	-16.54	0
358	-4.36	-19.57	0
359	-4.13	-19.76	0
360	-3.9	-20.2	0
361	-2.75	-19.13	0
362	-5.08	-19.03	0
363	-3.56	-14.58	0.13
364	-4.08	-12.93	0.2
365	-4.57	-17.89	0.05
