#DOY	Tmax_C	Tmin_C	PPT_cm
1	-4.17	-18.65	0.08
2	-10.3	-24.99	0
3	-5.4	-29.9	0
4	-0.66	-13.21	0
5	-1.93	-18.13	0
6	-4.87	-17.89	0
7	-3.12	-18.46	0
8	-5.07	-19.84	0
9	-4.79	-19.94	0
10	-6.32	-24.17	0.01
11	-6.65	-21.13	0.59
12	-5.9	-18.78	0.12
13	-6.34	-21.61	0.26
14	-3.16	-14.89	0.52
15	-8.9	-22.55	0.32
16	-13.23	-31.61	0.04
17	-16.65	-26.37	0.19
18	-20.33	-40.34	0
19	-18.32	-36.8	0.01
20	-14.37	-34.14	0.02
21	-12.68	-29.99	0
22	-8.04	-24.99	0.02
23	-5.37	-19.54	0.25
24	-4.37	-19.35	0.23
25	0.29	-11.82	0.25
26	-1.96	-11.28	0.35
27	-4.45	-21.05	0
28	-1.87	-18.95	0
29	-3.62	-20.39	0
30	-5.62	-23.42	0
31	-5.6	-23.49	0
32	-5.56	-22.6	0
33	-4.23	-21.74	0
34	-4.15	-21.01	0
35	-3.97	-21.06	0
36	-3.73	-22.23	0
37	-3.6	-22.89	0.02
38	-3.27	-20.48	0.03
39	-1.94	-12.91	0
40	-3.05	-21.78	0.05
41	0.45	-16.86	0.08
42	-1.55	-13.82	0.04
43	-3.88	-19.86	0.06
44	0.65	-12.02	0.23
45	1.18	-5.79	1.31
46	-0.77	-12.04	0.1
47	-1.72	-17.34	0.13
48	-1.32	-12.3	0.17
49	-4.2	-16.4	0.02
50	-5.74	-18.58	0.09
51	-7.23	-26.41	0
52	-3.83	-23.06	0
53	-2.85	-21.06	0
54	-5.55	-21.89	0
55	-1.72	-16.48	0
56	-2.11	-13.21	0.41
57	-4.25	-14.12	0.15
58	-5.48	-22.92	0.01
59	-1.95	-21.57	0
60	-0.57	-20.31	0
61	1.13	-17.35	0
62	3.36	-14.48	0.02
63	-1.89	-11	0.32
64	-2.15	-15.25	0.37
65	-6.1	-26.46	0.02
66	-5	-20.99	0.02
67	-0.03	-16.88	0
68	1.17	-16.81	0.06
69	1.46	-10.72	0
70	2.51	-8.42	0.14
71	2.59	-7.1	0.43
72	2.09	-9.02	0.2
73	4.43	-13.08	0
74	4.98	-6.05	1.29
75	5.6	-6.29	0.4
76	2.42	-5.02	0.57
77	4.25	-10.5	0.43
78	3.54	-6.48	1.04
79	1.4	-9.41	0
80	4.37	-9.96	0
81	6.57	-9.45	0.88
82	3.01	-8.96	1.04
83	1.16	-11.17	0
84	3.8	-13.47	0.5
85	1.24	-9.4	0.42
86	1.66	-12.02	0.1
87	2.22	-9.78	0
88	1.06	-12.75	0.06
89	2.35	-10.93	0.08
90	4.91	-6.92	0
91	4.52	-7.26	0
92	4.14	-4.09	0.48
93	3.67	-5.86	0.26
94	1.95	-8.19	0
95	4.11	-11.11	0
96	8.57	-6.61	0
97	12.81	-2.57	0
98	9.36	-5.24	0
99	10.14	-7.09	0.1
100	6.82	-5.07	0.59
101	7.42	-8.86	0.82
102	4.97	-6.96	1.52
103	2.18	-11.73	0
104	4.54	-5.68	0.1
105	7.69	-10.54	0
106	10.12	-7.86	0
107	12.81	-6.29	0
108	15.86	-3.62	0.34
109	14.83	-2.41	0.67
110	13.73	0.9	0.13
111	6.88	-3.29	0.23
112	5.93	-7.76	0
113	8.34	-9.64	0
114	12.24	-4.82	0.19
115	10.78	-2.19	1.51
116	5.79	-4.52	2.06
117	0.7	-7.2	0.15
118	0.47	-10.09	0.02
119	4.54	-10.95	0.02
120	6.52	-4.61	0.16
121	7.07	-5.66	0.16
122	9.17	-1.36	0.45
123	7.28	-1.51	1.41
124	9.27	-2.42	0.11
125	10.71	-2.5	0.16
126	7.94	-2.86	0.88
127	5.82	-3.57	0.16
128	8.17	-7.24	0.05
129	14.72	-6.85	0
130	19.74	-1.92	0
131	21.64	1.5	0
132	22.04	2.29	0
133	23.38	1.08	0.04
134	25.07	1.65	0.01
135	25.25	3.49	0
136	23.77	5	0
137	20.27	5.44	0
138	20.5	-2.75	0
139	20.47	-0.8	0
140	20.23	-0.51	0
141	23.58	0.42	0
142	22.64	2.97	0
143	19.42	5.04	0
144	24.95	-0.01	0.04
145	24.63	4.1	0.12
146	19.95	1.72	0.37
147	19.99	-0.74	0
148	20.1	0.91	0
149	21.52	-2.79	0
150	25.55	-0.29	0
151	25.63	2.36	0
152	23.19	3.54	0.62
153	15.71	4.26	1.31
154	19.36	-1.16	0.11
155	19.51	2.29	0.53
156	18.13	-1.05	0.4
157	15.45	0.61	1.19
158	10	-2.37	1.17
159	10.87	0.72	0.91
160	8.13	-0.89	0.8
161	9.71	-0.92	0.32
162	18.62	-0.49	0.14
163	20.53	0.38	0
164	22.02	2.19	0
165	25.36	4.14	0
166	26.65	5.75	0
167	25.43	7.74	0.28
168	21.1	4.8	0.24
169	22.13	5	0
170	23.69	3.33	0.01
171	25.91	2.35	0
172	22.84	6.44	0.03
173	25.04	4.62	0
174	25.28	1.74	0
175	25.02	2.37	0
176	26.19	4.1	0
177	25.69	6.96	0.15
178	24.55	5.18	0
179	26.57	3.61	0
180	28.73	4.92	0
181	30.03	5.91	0
182	28.74	7.29	0.11
183	25.92	4.77	0
184	27.1	4.46	0
185	27.21	3.49	0
186	27.37	4.07	0
187	28.44	3.69	0
188	30.16	4.52	0
189	30.33	6.85	0.05
190	28.67	10.47	0.22
191	27.38	8.75	0.93
192	24.14	6.49	0.84
193	26.33	4.34	0
194	29.43	5.78	0
195	28.28	9.66	0.57
196	26.77	9.76	0.09
197	28.01	7.74	0
198	27.91	7.28	0
199	29.01	7.74	0
200	29.68	6.1	0
201	30.39	7.98	0.03
202	29.08	10.47	0.02
203	28.16	8.23	0
204	27.33	8.67	0.41
205	25	8.89	0.26
206	26.74	8.38	0.9
207	25.64	8.34	0.28
208	25.33	8.16	0
209	24.66	7.95	0
210	26.06	9.9	0
211	26.5	8.08	0.62
212	24.15	8.04	0.69
213	25.21	9.37	1.26
214	23.59	9.24	0.14
215	24.94	6.67	0
216	27.03	6.16	0
217	28.17	7.26	0
218	26.91	6.76	0.41
219	25.85	7.76	0.1
220	25.51	7.12	0.1
221	26.5	5.71	0
222	28.09	6.74	0.01
223	27.5	6.04	0
224	28.01	5.51	0
225	27.04	6.77	0
226	26.28	5.75	0.02
227	25.85	8.96	0.07
228	25.49	7.98	0.06
229	26.57	8.31	0.01
230	27.37	8	0
231	27.28	9.07	0
232	25.67	8.47	0.63
233	23.78	9.9	1.88
234	21.42	5.75	0.02
235	24.08	8.02	0.16
236	22.98	6.56	0.03
237	22.61	9.02	0.06
238	21.07	6.4	0.24
239	23.71	6.57	0
240	25.21	5.43	0
241	25.6	5.53	0
242	26.65	5.13	0
243	26.41	4.79	0
244	26.62	5	0.3
245	20.59	5.84	0.4
246	20.3	1.21	0
247	22.99	1.77	0
248	25	3.26	0
249	26.34	3.24	0
250	25.36	5.51	0.04
251	22.69	2.16	0.6
252	20.05	0	0
253	23.19	3.86	0
254	24.42	2.7	0
255	23.23	5.63	1.13
256	19.66	5.59	0.63
257	22.32	8.11	0.01
258	21.6	4.87	0
259	22.93	4.1	0.15
260	20.94	6.53	0.34
261	22.16	3.02	0.07
262	24.24	3.23	0
263	24.12	4.28	1.02
264	23.18	4	0.42
265	18.27	5.92	0.82
266	17.54	-1.91	0.07
267	20.59	2.21	0.11
268	18.5	-0.32	0.84
269	9.29	-6.17	0.43
270	13.31	-4.88	0
271	16.07	0	0
272	13.06	-2.94	0
273	10.98	-8.99	0
274	15.98	-6.18	0.08
275	15.53	-0.66	0.23
276	16.69	2.77	0.34
277	16.86	2.9	0.17
278	14.59	4.78	0.93
279	14.34	3.88	0.43
280	16.13	-0.07	0.01
281	16.25	-2.66	0
282	17.12	-2.08	0
283	17.74	-1.05	0.01
284	16.64	-0.41	0.04
285	18.96	0.32	0
286	15.27	0.56	0.51
287	8.03	-5.37	0.25
288	7.68	-3.94	0.27
289	2.5	-7.83	0.1
290	0.9	-7.18	0
291	2.44	-6.75	0.48
292	0	-5.97	0.57
293	-2.03	-9.29	0.63
294	0.42	-10.62	0.49
295	0.28	-7.22	0.12
296	1.08	-10.68	0.01
297	2.62	-7.88	0.04
298	4.37	-9.3	0
299	5.75	-11.82	0
300	8.97	-9.15	0.46
301	6.21	-7.08	0.92
302	2.38	-13.52	0
303	7.95	-6.66	0
304	9.49	-3.38	0
305	8.29	-3.47	0.25
306	7.52	-8.35	0.03
307	11.44	-7.86	0
308	7.66	-2.81	0.47
309	4.54	-7.05	0
310	7.71	-10.31	0
311	11.77	-3.41	0
312	10.47	-4.3	0
313	8.98	-4.42	0.55
314	2.3	-5.67	1.01
315	-0.69	-14.3	0
316	3.67	-6.14	0
317	8.39	-7.16	0
318	11.94	-5.03	0.18
319	7.21	-4.9	0.72
320	2.83	-13.14	0
321	3.44	-10.13	0
322	4.77	-7.53	0
323	4.4	-11.14	0
324	3.55	-12.57	0
325	4.26	-12.69	0
326	6.39	-12.16	0
327	8.42	-9.06	0
328	10.57	-10.28	0
329	7.57	-6.11	0
330	4.82	-8.88	0.96
331	-2.05	-11.33	0.47
332	-5.91	-16.43	0
333	-4.42	-12.11	0.55
334	-2.07	-11.7	0.55
335	-2.72	-15.34	0.26
336	-3.03	-15.74	0.42
337	-6.59	-20.64	0.12
338	-4	-20.11	0
339	-7.06	-25.42	0
340	-9.16	-26.38	0
341	-6.23	-23.72	0
342	-3.32	-20.76	0
343	-2.9	-16.27	0.52
344	2.24	-8.61	0.27
345	-1.44	-17.33	0.02
346	1.6	-8.83	0.22
347	-1.38	-10.53	0.97
348	-5.37	-12.72	0.4
349	-7.46	-18.36	0.03
350	-6.58	-19.26	0
351	-1.34	-11.4	0
352	-2.6	-19.82	0
353	-5.92	-16.96	0.05
354	-0.17	-11.45	0.08
355	-0.46	-9.12	0.84
356	-3.25	-14.84	0.31
357	-5.97	-18.1	0
358	-4.78	-21.91	0
359	-1.41	-14.34	0
360	-6.11	-21.35	0
361	-2.65	-18.25	0.09
362	0.25	-10.62	0.58
363	3.01	-2.66	0.27
364	1.78	-7.55	0
365	-2	-13.16	0.07
366	-3.08	-10.58	0.21
