# weather for site 002_-119.415_39.046 year =  1981
# DOY Tmax(C) Tmin(C) PPT(cm)
1	9.46	-12.02	0.00
2	9.01	-14.87	0.00
3	9.88	-7.56	0.10
4	6.57	-5.84	0.04
5	5.71	-10.70	0.00
6	5.02	-14.57	0.00
7	6.02	-14.97	0.00
8	5.30	-14.68	0.00
9	6.61	-15.04	0.00
10	6.06	-15.92	0.00
11	5.66	-15.42	0.00
12	7.33	-11.37	0.00
13	9.08	-11.50	0.00
14	8.80	-12.82	0.00
15	8.26	-11.53	0.02
16	6.97	-9.12	0.00
17	8.19	-8.70	0.00
18	9.00	-9.05	0.00
19	12.03	-8.26	0.00
20	10.19	-13.16	0.00
21	8.06	-5.42	0.00
22	15.71	-4.50	0.00
23	11.29	-0.70	0.00
24	5.63	-7.93	0.00
25	3.49	-9.36	0.00
26	4.59	-13.42	0.65
27	8.72	-5.62	1.59
28	5.37	-4.88	1.19
29	0.66	-8.69	0.35
30	0.52	-12.09	0.00
31	2.60	-11.18	0.00
32	4.58	-15.25	0.00
33	4.26	-11.72	0.00
34	5.22	-15.58	0.00
35	5.25	-14.97	0.00
36	9.77	-14.12	0.00
37	6.24	-10.97	0.00
38	5.92	-13.95	0.00
39	2.45	-9.63	0.20
40	6.70	-6.73	1.58
41	5.74	-9.30	0.00
42	10.78	-6.16	0.00
43	11.70	-7.00	0.00
44	10.63	-5.41	0.00
45	12.65	-1.37	0.54
46	12.52	-6.78	0.00
47	14.72	-6.02	0.00
48	14.71	-5.61	0.00
49	16.71	-5.05	0.00
50	16.85	-3.86	0.00
51	10.60	-5.24	0.00
52	7.68	-13.16	0.00
53	11.89	-13.03	0.00
54	15.67	-10.74	0.00
55	11.51	-2.10	0.00
56	4.76	-7.39	0.00
57	5.31	-9.24	0.00
58	7.26	-12.93	0.00
59	8.28	-11.82	0.00
60	6.10	-9.79	0.62
61	6.56	-4.90	0.39
62	10.76	-8.72	0.00
63	9.13	-5.57	0.00
64	4.93	-3.84	0.32
65	7.79	-3.81	0.02
66	10.42	-7.39	0.00
67	11.96	-7.84	0.00
68	13.56	-9.77	0.00
69	12.72	-9.77	0.00
70	11.50	-11.19	0.00
71	12.05	-9.44	0.00
72	7.12	-4.84	0.75
73	10.02	-8.52	0.20
74	13.02	-9.27	0.00
75	11.23	-3.44	0.00
76	8.47	-12.60	0.00
77	6.65	-10.41	0.21
78	8.54	-3.51	0.91
79	6.18	-6.20	0.00
80	11.74	-7.81	0.00
81	12.33	-6.57	0.00
82	13.61	-8.85	0.00
83	14.57	-9.49	0.00
84	13.75	-0.90	0.33
85	7.31	-6.29	0.58
86	5.27	-4.58	0.20
87	12.72	-8.75	0.00
88	12.87	-3.16	0.03
89	8.72	-10.63	0.00
90	14.42	-11.59	0.00
91	11.93	-1.48	0.03
92	8.17	-4.90	0.00
93	10.57	-6.43	0.00
94	12.63	-10.18	0.00
95	18.38	-7.80	0.00
96	15.02	-3.99	0.00
97	13.45	-4.52	0.00
98	15.67	-7.98	0.00
99	17.06	-5.50	0.00
100	15.82	-6.23	0.00
101	14.40	-5.27	0.00
102	14.81	-9.15	0.00
103	14.68	-7.29	0.00
104	20.68	-5.16	0.00
105	21.01	-3.59	0.00
106	20.53	-4.44	0.00
107	19.95	-2.46	0.00
108	16.31	0.00	0.28
109	10.19	0.46	1.62
110	13.31	-4.44	0.00
111	16.05	-1.65	0.00
112	19.84	-3.19	0.00
113	23.94	2.41	0.00
114	22.01	1.48	0.00
115	19.39	3.24	0.00
116	13.15	0.48	0.00
117	14.53	-2.78	0.00
118	21.78	-2.13	0.00
119	26.13	0.57	0.00
120	28.76	2.53	0.00
121	27.04	1.58	0.00
122	21.81	3.41	0.00
123	19.32	-4.33	0.00
124	20.14	-3.14	0.00
125	16.41	0.02	0.00
126	14.18	-3.03	0.00
127	17.11	-7.80	0.00
128	18.31	-4.71	0.00
129	22.31	-2.17	0.00
130	23.41	-1.81	0.00
131	21.41	-2.00	0.00
132	19.36	0.77	0.00
133	22.91	-3.31	0.00
134	20.10	2.93	0.25
135	15.66	3.82	0.00
136	10.71	-3.72	0.00
137	17.20	-5.66	0.04
138	16.09	2.98	0.41
139	15.15	1.43	0.61
140	12.05	-2.97	0.21
141	16.81	-1.82	0.01
142	18.99	0.91	0.00
143	21.99	2.07	0.00
144	22.02	7.66	0.00
145	18.45	10.63	0.29
146	16.29	4.05	0.64
147	21.03	2.92	1.20
148	23.31	0.16	0.00
149	26.91	1.40	0.00
150	25.03	3.18	0.01
151	25.08	1.18	0.00
152	26.84	2.83	0.00
153	23.09	9.70	0.00
154	24.61	2.14	0.00
155	27.21	4.14	0.00
156	31.18	5.19	0.00
157	28.76	8.22	0.00
158	26.18	10.41	0.00
159	25.83	9.92	0.00
160	26.73	8.11	0.00
161	25.73	7.49	0.00
162	24.10	3.08	0.00
163	22.74	5.38	0.00
164	16.81	-5.19	0.00
165	16.61	-1.24	0.00
166	23.72	-4.91	0.00
167	28.06	2.59	0.00
168	25.93	2.49	0.00
169	28.52	3.53	0.00
170	30.26	5.93	0.00
171	31.38	5.65	0.00
172	31.06	6.96	0.00
173	32.11	7.81	0.00
174	31.82	8.97	0.00
175	31.86	4.66	0.00
176	31.07	12.11	0.00
177	32.85	7.41	0.00
178	31.67	8.17	0.00
179	30.71	8.25	0.00
180	32.62	7.54	0.00
181	30.71	8.71	0.00
182	29.78	6.31	0.00
183	30.67	7.26	0.00
184	32.54	8.18	0.00
185	34.45	9.02	0.00
186	30.91	12.56	0.01
187	28.26	10.04	0.00
188	25.65	7.65	0.00
189	28.41	5.02	0.00
190	30.15	3.25	0.00
191	28.11	5.70	0.00
192	28.40	2.73	0.00
193	27.78	1.57	0.00
194	26.50	-0.88	0.00
195	30.96	1.41	0.00
196	32.46	5.73	0.00
197	32.30	6.88	0.00
198	31.84	5.23	0.00
199	31.85	1.79	0.00
200	32.99	2.26	0.00
201	32.66	3.92	0.00
202	32.09	2.87	0.00
203	31.81	4.29	0.00
204	31.16	4.39	0.00
205	32.06	4.30	0.00
206	32.05	3.22	0.00
207	29.29	4.74	0.00
208	31.99	3.69	0.00
209	33.13	5.04	0.00
210	30.90	5.59	0.00
211	29.91	2.25	0.00
212	29.68	2.75	0.00
213	29.99	2.90	0.00
214	28.94	0.48	0.00
215	28.56	-0.39	0.00
216	30.39	1.19	0.00
217	31.23	1.82	0.00
218	33.45	2.16	0.00
219	33.75	3.50	0.00
220	35.11	4.66	0.00
221	35.83	6.70	0.00
222	31.57	7.77	0.00
223	31.87	5.36	0.00
224	32.80	4.14	0.00
225	33.44	5.62	0.00
226	31.66	5.19	0.00
227	31.69	6.06	0.00
228	32.35	5.63	0.00
229	31.30	9.39	0.00
230	30.50	7.35	0.03
231	29.94	5.47	0.15
232	28.80	2.70	0.00
233	29.22	0.63	0.00
234	29.86	0.78	0.00
235	31.73	1.33	0.00
236	32.38	3.02	0.00
237	31.91	1.30	0.00
238	32.47	5.34	0.00
239	33.00	4.15	0.00
240	32.58	5.42	0.00
241	31.85	3.86	0.00
242	30.00	4.87	0.00
243	27.72	2.46	0.00
244	29.28	2.85	0.00
245	28.51	2.28	0.00
246	29.11	3.68	0.00
247	29.03	2.25	0.00
248	26.91	1.64	0.00
249	25.49	2.97	0.00
250	26.49	0.39	0.00
251	25.73	3.87	0.00
252	27.40	7.02	0.00
253	28.59	6.14	0.00
254	30.03	4.91	0.00
255	29.70	6.59	0.00
256	28.15	9.52	0.15
257	27.78	4.68	0.03
258	28.86	3.99	0.00
259	29.90	3.79	0.00
260	30.04	4.81	0.05
261	28.93	2.57	0.00
262	27.58	8.37	0.00
263	26.76	4.52	0.00
264	24.60	1.86	0.00
265	22.52	-1.86	0.00
266	20.92	-2.55	0.00
267	21.84	-3.36	0.08
268	19.54	2.74	0.00
269	24.48	-0.72	0.00
270	24.63	-0.30	0.00
271	22.69	0.84	0.00
272	19.00	2.85	0.00
273	18.26	-3.54	0.00
274	18.73	-3.23	0.00
275	19.56	-0.79	0.01
276	18.08	1.56	0.01
277	16.65	-7.20	0.02
278	16.27	-4.33	0.00
279	19.72	-5.73	0.04
280	18.70	2.65	0.15
281	15.74	-8.11	0.04
282	17.95	-6.63	0.00
283	15.05	0.91	0.00
284	9.92	-2.56	0.67
285	6.20	-7.24	0.00
286	5.78	-6.91	0.22
287	7.17	-5.14	0.06
288	7.73	-8.54	0.00
289	11.63	-9.83	0.00
290	16.94	-8.48	0.00
291	17.68	-6.91	0.00
292	19.20	-6.56	0.00
293	19.82	-7.03	0.00
294	18.75	-7.44	0.00
295	18.06	-7.76	0.00
296	18.34	-8.11	0.00
297	18.34	-6.69	0.00
298	19.90	-6.64	0.00
299	19.75	-3.99	0.00
300	17.99	-3.47	0.98
301	13.64	1.55	1.11
302	7.19	-4.26	0.00
303	10.46	-5.48	0.00
304	12.37	-9.19	0.00
305	14.03	-10.49	0.00
306	16.07	-10.14	0.00
307	17.17	-9.93	0.00
308	16.27	-8.58	0.00
309	14.42	-6.59	0.03
310	14.96	-3.24	0.00
311	14.55	-5.48	0.00
312	14.65	-8.33	0.00
313	14.84	-8.59	0.00
314	13.90	-5.34	0.00
315	12.56	-9.09	0.02
316	12.19	-5.05	0.97
317	8.50	-1.07	3.19
318	9.26	0.75	1.91
319	13.94	-2.67	0.00
320	15.96	1.06	0.55
321	14.92	0.22	0.00
322	5.24	-10.28	0.00
323	6.73	-7.67	0.00
324	14.40	-5.81	0.00
325	13.46	-4.96	0.62
326	12.81	0.38	0.05
327	12.89	0.59	0.51
328	9.47	0.59	0.01
329	4.93	-9.55	0.00
330	1.87	-10.02	0.00
331	0.56	-10.21	0.34
332	-1.83	-8.57	0.38
333	0.22	-13.33	0.00
334	2.10	-12.94	0.00
335	8.73	-9.59	0.00
336	10.77	-11.10	0.00
337	7.71	-11.92	0.00
338	9.41	-10.61	0.00
339	14.03	-8.79	0.00
340	16.32	-3.39	0.00
341	14.44	-4.27	0.00
342	12.77	-10.03	0.00
343	15.79	-8.01	0.03
344	13.71	-3.28	0.00
345	8.18	-11.13	0.00
346	9.07	-11.85	0.00
347	8.74	-6.11	0.07
348	12.93	-3.55	0.00
349	12.17	1.20	0.02
350	7.81	-10.87	0.00
351	5.34	-12.69	0.00
352	8.82	-7.41	0.00
353	14.07	0.10	0.42
354	11.93	0.26	1.70
355	4.61	-3.40	0.01
356	0.90	-12.64	0.00
357	1.38	-9.19	0.00
358	4.10	-10.58	0.00
359	7.55	-7.28	0.00
360	11.42	-6.34	0.00
361	8.40	-1.08	0.00
362	6.23	-11.45	0.00
363	6.81	-4.03	0.24
364	9.16	-1.37	0.02
365	7.27	-6.29	0.02
