# weather for site 002_-119.415_39.046 year =  1995
# DOY Tmax(C) Tmin(C) PPT(cm)
1	-2.41	-8.75	0.00
2	-3.09	-10.52	0.00
3	-2.57	-10.01	0.00
4	-4.40	-11.85	1.39
5	1.92	-10.12	0.24
6	0.93	-8.67	0.08
7	5.32	-6.38	1.47
8	7.49	-5.43	0.00
9	11.03	1.76	0.08
10	7.99	-0.35	4.88
11	5.68	-3.75	0.53
12	6.94	-6.17	0.02
13	9.81	-3.16	0.04
14	8.55	-0.18	1.08
15	3.64	-4.48	0.34
16	0.15	-9.27	0.00
17	0.27	-10.53	0.00
18	3.49	-7.21	0.00
19	2.62	-10.25	0.00
20	0.56	-8.85	0.00
21	2.96	-7.18	0.00
22	2.81	-7.68	0.00
23	3.69	-5.70	0.02
24	6.20	-5.84	0.00
25	5.59	-3.65	0.17
26	4.21	-4.37	0.38
27	0.40	-4.51	1.27
28	1.26	-3.57	0.02
29	5.15	-2.79	0.03
30	8.06	-3.05	0.02
31	13.46	-0.71	0.07
32	15.69	-2.48	0.12
33	13.32	-5.77	0.00
34	12.35	-7.11	0.00
35	13.07	-7.07	0.00
36	14.07	-8.48	0.00
37	10.64	-8.10	0.00
38	12.49	-6.04	0.14
39	7.57	-2.23	0.08
40	8.00	-1.80	0.00
41	10.37	-8.78	0.00
42	11.73	-8.34	0.00
43	9.69	-2.69	0.00
44	7.72	-2.88	0.00
45	4.06	-8.80	0.42
46	6.72	-12.71	0.00
47	10.43	-10.32	0.00
48	12.40	-8.13	0.00
49	13.61	-7.57	0.00
50	15.20	-8.36	0.00
51	16.41	-8.27	0.00
52	16.39	-6.54	0.00
53	15.37	-6.33	0.00
54	15.66	-6.80	0.00
55	17.14	-7.03	0.00
56	16.63	-6.10	0.00
57	15.76	-7.10	0.00
58	14.01	-5.32	0.00
59	12.23	-2.24	1.43
60	9.29	-0.42	0.82
61	9.41	-2.20	0.00
62	7.58	-0.97	0.71
63	9.22	-9.55	0.00
64	9.80	-1.64	0.00
65	8.10	-8.15	0.00
66	11.96	-11.66	0.00
67	12.99	-2.98	0.00
68	12.67	2.49	3.46
69	7.12	1.15	8.89
70	8.41	-1.22	0.94
71	8.86	-1.61	0.00
72	12.24	0.04	0.01
73	13.54	0.04	0.00
74	13.75	-0.54	0.00
75	10.93	-3.27	0.00
76	14.13	-6.07	0.00
77	13.99	0.13	0.10
78	13.79	-5.65	0.00
79	9.91	-2.40	1.50
80	5.31	-3.54	0.37
81	3.99	-5.75	0.72
82	3.11	-7.46	0.45
83	1.26	-7.50	0.10
84	1.49	-8.85	0.00
85	3.41	-10.79	0.00
86	5.33	-10.13	0.00
87	5.46	-8.73	0.00
88	6.71	-10.36	0.00
89	10.80	-9.38	0.00
90	15.81	-8.35	0.02
91	13.93	2.00	0.05
92	11.38	-3.45	0.00
93	16.36	-7.47	0.00
94	19.44	-5.02	0.00
95	18.13	1.78	0.00
96	15.58	2.59	0.00
97	13.94	2.71	0.02
98	8.66	0.25	0.00
99	5.38	-9.27	0.02
100	11.15	-10.32	0.00
101	16.46	-5.13	0.00
102	17.72	-1.92	0.00
103	10.17	1.95	0.20
104	5.88	-7.57	0.00
105	6.42	-7.06	0.12
106	2.50	-4.24	1.04
107	7.21	-4.88	0.00
108	6.12	-2.57	0.01
109	9.06	-4.44	0.00
110	7.55	-3.48	0.01
111	8.34	-7.44	0.00
112	12.73	-7.66	0.00
113	15.80	-6.20	0.00
114	19.53	-4.45	0.00
115	19.93	-2.87	0.00
116	20.04	-3.67	0.00
117	15.98	0.81	0.09
118	14.02	2.19	0.02
119	14.11	6.16	0.23
120	15.10	0.46	0.27
121	14.32	4.76	0.53
122	13.82	-2.12	0.00
123	15.26	-1.01	0.13
124	14.99	1.96	0.11
125	10.33	0.52	0.22
126	7.80	-2.51	0.52
127	13.16	-1.22	0.01
128	15.67	0.62	0.00
129	14.67	-1.21	0.03
130	16.67	-1.31	0.00
131	14.79	6.07	0.00
132	10.01	-4.36	0.26
133	5.09	-3.55	3.01
134	6.90	-3.20	2.36
135	9.30	-1.49	0.73
136	13.84	-3.37	0.06
137	17.21	3.38	0.03
138	19.66	1.93	0.00
139	22.04	1.84	0.00
140	22.11	0.93	0.00
141	21.22	3.11	0.71
142	17.14	5.11	2.48
143	13.79	4.42	1.45
144	11.99	1.35	1.17
145	15.56	-0.24	0.00
146	18.98	3.01	0.00
147	19.42	5.69	0.07
148	18.67	1.05	0.00
149	21.54	1.80	0.00
150	23.72	3.06	0.00
151	23.61	5.84	0.00
152	22.02	7.00	0.39
153	21.24	2.81	0.00
154	21.98	4.34	0.00
155	23.42	5.18	0.00
156	18.00	7.89	0.00
157	12.57	-1.65	0.26
158	8.82	-3.65	0.16
159	14.91	-0.61	0.01
160	18.97	0.66	0.00
161	24.75	2.28	0.00
162	26.26	4.75	0.00
163	27.37	2.26	0.00
164	26.09	4.76	0.00
165	20.84	6.10	0.00
166	15.39	3.68	1.32
167	14.48	-1.46	0.22
168	16.14	2.38	0.01
169	18.61	3.44	0.00
170	18.34	1.77	0.00
171	15.72	0.45	0.00
172	18.75	-2.03	0.00
173	23.02	1.61	0.00
174	26.83	3.28	0.00
175	28.49	5.66	0.00
176	29.96	6.51	0.00
177	29.80	9.04	0.14
178	28.89	6.15	0.00
179	27.54	8.75	0.02
180	26.70	6.42	0.02
181	24.55	6.63	1.03
182	23.57	5.62	0.01
183	25.69	4.64	0.00
184	26.73	7.84	0.00
185	27.26	6.67	0.00
186	29.53	6.89	0.00
187	27.98	9.58	0.00
188	27.95	6.20	0.00
189	28.20	8.94	0.06
190	27.08	10.71	0.00
191	27.09	7.12	0.00
192	26.04	5.78	0.00
193	21.57	7.27	0.00
194	22.19	1.51	0.00
195	26.80	3.11	0.00
196	31.05	6.33	0.00
197	31.89	8.79	0.00
198	28.43	12.12	0.04
199	26.19	9.52	0.25
200	27.29	7.00	0.00
201	27.63	7.88	0.76
202	27.40	6.97	0.00
203	26.80	5.03	0.00
204	28.93	3.68	0.00
205	30.59	4.79	0.00
206	31.16	6.09	0.00
207	31.86	4.35	0.00
208	32.88	6.90	0.00
209	32.19	9.67	0.00
210	28.73	15.78	0.00
211	26.86	5.58	0.00
212	29.57	6.30	0.00
213	32.17	7.03	0.00
214	32.13	8.58	0.03
215	31.73	7.95	0.00
216	32.34	9.42	0.00
217	32.17	11.45	0.20
218	30.92	9.66	0.00
219	28.15	9.59	0.00
220	24.82	4.47	0.00
221	28.94	4.20	0.00
222	27.77	11.13	0.00
223	27.33	3.47	0.00
224	28.76	5.50	0.00
225	28.31	5.33	0.00
226	30.49	4.90	0.00
227	30.43	7.85	0.00
228	27.34	9.77	0.00
229	23.60	7.49	0.00
230	24.09	0.54	0.00
231	28.09	2.49	0.00
232	30.62	5.91	0.00
233	30.29	12.18	0.00
234	29.65	11.59	0.39
235	28.77	9.68	0.09
236	27.38	10.44	0.00
237	28.76	6.45	0.00
238	28.48	3.94	0.00
239	28.28	3.50	0.00
240	27.78	3.13	0.00
241	28.03	1.47	0.00
242	29.67	2.45	0.00
243	31.06	4.61	0.00
244	30.79	4.41	0.00
245	29.05	10.73	0.20
246	29.11	8.15	0.00
247	28.27	6.35	0.00
248	26.83	1.98	0.00
249	28.28	0.82	0.00
250	27.73	2.35	0.00
251	25.46	2.83	0.00
252	26.52	2.39	0.00
253	26.31	4.73	0.00
254	27.68	4.07	0.00
255	28.17	3.92	0.00
256	29.00	6.41	0.00
257	30.96	3.59	0.00
258	30.02	4.87	0.00
259	27.87	7.66	0.00
260	25.28	1.73	0.00
261	25.95	3.59	0.00
262	28.33	3.63	0.00
263	28.08	5.32	0.00
264	22.84	4.22	0.00
265	23.08	1.17	0.00
266	24.76	3.73	0.00
267	23.66	2.05	0.00
268	22.17	3.51	0.00
269	22.05	1.42	0.00
270	22.26	-2.04	0.00
271	20.09	-0.81	0.00
272	16.45	-1.26	0.00
273	17.62	-4.16	0.00
274	18.94	-3.47	0.00
275	20.72	-2.73	0.00
276	24.03	-2.32	0.00
277	16.48	-4.10	0.00
278	16.63	-7.41	0.00
279	20.44	-6.50	0.00
280	19.44	1.50	0.00
281	21.60	-3.70	0.00
282	22.48	-3.19	0.00
283	25.00	-2.41	0.00
284	23.56	2.81	0.00
285	16.51	1.84	0.00
286	14.20	-6.38	0.00
287	19.00	-6.23	0.00
288	22.27	-3.86	0.00
289	21.73	-1.87	0.00
290	22.95	-2.40	0.00
291	20.62	-0.19	0.00
292	18.60	-3.43	0.00
293	22.96	-4.59	0.00
294	21.51	4.12	0.00
295	11.00	-9.01	0.00
296	11.22	-6.40	0.00
297	14.71	-9.91	0.00
298	16.85	-8.72	0.00
299	20.74	-2.51	0.00
300	19.32	-2.02	0.00
301	18.06	-0.50	0.00
302	18.70	1.57	0.00
303	19.56	-3.29	0.00
304	17.01	4.62	0.00
305	12.85	-3.47	0.00
306	9.81	-9.41	0.00
307	9.64	-9.21	0.00
308	11.21	-13.20	0.00
309	15.08	-8.04	0.00
310	14.41	-6.11	0.00
311	17.23	-4.57	0.00
312	18.85	-4.74	0.00
313	15.69	6.01	0.00
314	12.39	-4.71	0.00
315	18.33	-7.23	0.00
316	18.75	-0.75	0.00
317	17.58	-3.84	0.00
318	17.49	-5.36	0.00
319	17.45	-6.24	0.00
320	16.47	-3.08	0.00
321	18.44	-6.12	0.00
322	17.94	-2.23	0.00
323	13.49	-5.66	0.00
324	13.06	-7.74	0.00
325	15.47	-6.04	0.00
326	12.04	-7.72	0.00
327	13.08	-8.26	0.00
328	16.91	-8.18	0.00
329	18.10	-7.67	0.47
330	10.15	-3.52	0.27
331	5.02	-11.74	0.00
332	12.98	-5.94	0.00
333	15.74	-7.95	0.00
334	17.69	0.81	0.00
335	15.89	-6.48	0.00
336	13.57	-1.69	0.00
337	11.73	-6.86	0.00
338	13.44	4.21	0.04
339	14.78	0.22	0.00
340	13.02	-1.94	0.02
341	10.59	1.06	0.00
342	7.57	-8.84	0.00
343	9.72	-7.08	0.00
344	14.42	-8.86	0.02
345	9.55	-0.56	0.89
346	10.20	2.39	6.33
347	7.14	-3.03	1.57
348	7.85	-5.18	0.00
349	7.39	-1.99	0.04
350	2.19	-5.80	0.01
351	0.14	-12.24	0.00
352	-0.78	-8.77	0.00
353	0.93	-12.63	0.00
354	1.38	-13.11	0.00
355	1.15	-12.41	0.00
356	-2.48	-12.68	0.45
357	-2.32	-11.51	0.00
358	-2.53	-16.28	0.00
359	-0.68	-16.01	0.00
360	1.41	-14.90	0.00
361	4.03	-11.36	0.00
362	4.23	-7.99	0.00
363	1.21	-4.81	0.20
364	9.50	-1.82	0.01
365	11.25	0.87	0.00
