# weather for site maca example at -105.58 / 39.59 year =  1981
# DOY, Tmax_C, Tmin_C, PPT_cm, uas_mPERs, vas_mPERs, hursmax_pct, hursmin_pct, rsds_WPERm2
1	2.90	-12.88	0.17	4.07	-3.74	88.60	32.34	104.99
2	-6.43	-16.16	0.00	2.59	-3.29	63.83	32.60	109.03
3	2.30	-12.13	0.00	4.66	-1.15	65.00	33.60	111.17
4	1.95	-8.65	0.00	4.40	-1.64	99.99	41.51	101.51
5	0.98	-8.11	0.12	4.70	-0.19	99.97	49.00	98.79
6	1.62	-14.39	0.21	1.22	-3.08	99.94	54.40	99.31
7	-4.83	-18.65	0.00	1.76	-0.54	65.20	33.42	113.70
8	-0.32	-13.61	0.00	3.95	0.21	44.81	30.79	107.55
9	-0.42	-10.01	0.00	3.80	-2.00	74.80	34.04	92.42
10	1.53	-9.85	0.00	3.74	-1.49	74.50	47.42	103.25
11	2.58	-6.74	0.06	4.80	0.48	89.98	51.25	97.47
12	0.37	-9.88	0.16	1.96	-0.25	81.39	53.99	83.66
13	-5.22	-14.55	0.00	1.30	-1.94	95.15	46.71	82.04
14	-6.54	-14.96	0.21	-2.16	-1.05	99.91	57.94	60.66
15	-6.70	-11.84	0.76	-4.51	2.89	79.44	61.15	60.21
16	-5.76	-13.43	0.19	1.91	-0.18	73.35	54.25	98.41
17	-4.17	-16.20	0.06	3.54	-0.50	78.86	54.93	109.54
18	-1.60	-10.32	0.07	3.92	0.00	85.08	62.21	97.12
19	-1.56	-10.35	0.00	2.89	0.00	73.25	62.06	99.38
20	-2.43	-12.25	0.00	3.39	-1.07	99.97	56.13	101.14
21	-4.03	-14.94	0.05	2.32	-2.07	76.63	55.38	103.79
22	-4.94	-19.71	0.00	4.52	-1.17	84.26	42.61	131.63
23	-5.94	-16.07	0.00	2.37	0.08	92.20	48.92	102.61
24	-7.95	-20.08	0.21	-0.15	-2.80	99.93	39.81	133.23
25	-5.35	-18.43	0.00	5.11	-1.83	99.89	51.35	101.46
26	-4.70	-11.85	0.06	4.68	-1.41	80.42	47.29	104.60
27	-4.72	-14.74	0.13	4.17	0.12	99.98	54.47	98.46
28	-6.21	-13.98	0.15	-1.49	2.08	99.98	85.69	89.02
29	-5.81	-14.60	0.50	-0.90	2.25	99.98	68.79	84.89
30	-5.27	-13.77	0.00	2.54	0.96	98.46	56.65	106.18
31	-9.36	-20.87	0.18	2.43	-1.27	87.29	50.49	134.22
32	-11.09	-25.22	0.21	3.07	-0.18	83.73	39.95	149.11
33	-10.14	-25.62	0.11	3.42	-0.16	86.70	47.54	143.34
34	-8.91	-19.27	0.00	3.64	-2.19	77.51	53.03	131.14
35	-2.64	-18.55	0.00	4.56	-1.83	78.78	32.63	153.88
36	0.26	-12.87	0.00	5.63	-2.18	99.96	41.71	138.21
37	0.36	-11.11	0.00	4.44	-2.23	73.60	52.51	133.10
38	0.09	-12.22	0.00	3.72	-2.06	99.99	55.10	157.37
39	0.29	-7.92	0.00	4.34	-2.20	93.95	58.76	129.11
40	1.17	-7.93	0.03	3.98	-0.80	82.75	56.89	135.44
41	2.27	-8.60	0.00	3.75	0.59	96.06	52.77	134.98
42	1.40	-6.41	0.23	2.72	3.23	99.98	68.53	108.44
43	-0.17	-9.80	0.25	1.65	0.13	99.99	54.09	114.70
44	-2.27	-17.11	0.44	1.36	-1.94	88.64	35.22	156.53
45	-1.58	-15.77	0.12	2.63	-0.53	90.13	39.08	150.79
46	-0.26	-15.45	0.00	3.21	-1.88	65.77	35.94	170.87
47	2.45	-12.47	0.00	3.50	-1.20	65.08	36.39	164.91
48	4.16	-11.12	0.00	3.11	-1.17	77.01	41.61	179.35
49	5.43	-9.77	0.00	3.38	0.86	70.36	32.71	179.58
50	6.05	-9.40	0.03	2.50	2.09	99.99	33.85	183.91
51	4.49	-8.35	0.00	-1.06	1.53	73.63	44.41	151.69
52	1.99	-7.02	0.18	0.12	3.20	77.69	55.04	133.84
53	1.62	-7.59	0.19	2.24	0.54	90.89	52.30	143.58
54	0.85	-7.87	0.08	1.72	1.49	95.84	54.82	133.50
55	0.55	-6.98	0.49	1.81	-0.18	83.03	78.07	129.79
56	0.48	-10.66	0.00	1.15	1.38	82.24	53.50	151.23
57	0.14	-7.63	0.22	0.37	2.90	99.98	55.33	115.48
58	0.13	-6.99	1.52	-1.84	4.56	100.00	85.69	114.19
59	-0.74	-11.35	0.20	3.98	1.10	77.41	48.67	147.77
60	-1.68	-11.54	0.24	3.39	-2.07	99.98	46.72	160.69
61	-0.83	-10.92	0.25	-2.21	2.17	99.99	48.90	145.82
62	1.69	-8.51	0.71	1.81	2.53	100.00	57.51	151.62
63	2.57	-6.08	0.22	3.67	0.15	98.03	56.28	164.52
64	2.75	-5.82	0.00	2.12	-2.94	81.34	50.59	165.42
65	1.61	-10.95	0.06	1.93	-4.37	99.99	43.36	180.53
66	5.35	-9.59	0.06	3.44	-0.32	69.98	36.89	207.11
67	4.60	-4.23	0.04	4.43	0.63	75.43	45.40	162.41
68	5.83	-3.61	0.00	4.31	-0.54	92.95	44.51	175.52
69	5.61	-3.38	0.00	3.88	1.49	87.00	51.25	167.17
70	4.42	-5.81	1.05	1.24	-2.23	78.67	55.13	133.28
71	0.51	-9.94	0.32	0.36	-4.87	99.14	45.83	167.32
72	1.85	-11.86	0.07	2.04	-2.46	75.46	31.94	197.06
73	3.87	-8.39	0.00	2.75	1.95	82.26	31.98	191.94
74	5.55	-4.03	0.00	4.11	3.35	70.50	44.84	168.95
75	5.46	-4.45	0.09	3.47	2.97	89.16	43.74	190.09
76	4.11	-7.66	0.83	-0.99	-2.34	96.31	47.29	177.58
77	0.57	-9.01	0.31	-3.58	-4.36	100.00	51.87	169.33
78	3.83	-9.44	0.25	-1.27	-2.26	99.98	30.81	223.03
79	7.95	-8.10	0.00	1.31	-0.97	99.97	25.33	228.57
80	7.93	-6.43	0.00	2.43	-0.06	64.64	30.25	202.61
81	3.69	-5.95	1.06	-2.65	0.22	99.47	45.89	103.77
82	0.30	-7.73	1.81	-4.24	-4.21	99.98	61.45	101.88
83	1.25	-11.37	0.15	-0.35	-4.03	99.95	39.06	220.58
84	5.44	-11.04	0.00	3.21	0.54	72.21	31.94	220.39
85	7.20	-5.17	0.03	4.92	-0.97	77.22	32.17	225.37
86	9.69	-3.85	0.00	4.23	0.92	76.91	35.11	198.88
87	10.96	-3.32	0.00	3.85	1.38	83.90	31.54	212.84
88	9.48	-0.96	0.00	4.04	4.38	99.21	31.99	193.17
89	7.34	-8.20	0.00	4.70	-2.35	99.95	28.85	206.45
90	5.32	-9.09	0.00	3.87	1.40	55.86	22.73	201.77
91	2.66	-9.25	0.16	3.38	-2.74	71.78	29.38	221.25
92	2.20	-13.17	0.17	1.59	-2.89	64.61	21.35	237.62
93	10.52	-10.45	0.00	2.94	2.28	40.98	17.37	237.39
94	11.58	-2.86	0.00	4.39	2.34	43.53	20.49	219.36
95	11.10	-5.32	0.00	2.95	2.27	56.64	21.38	217.78
96	10.57	-3.91	0.00	3.04	0.11	52.50	23.26	222.01
97	6.12	-9.47	0.29	1.53	-6.34	67.48	22.46	213.73
98	7.27	-10.87	0.00	-2.01	-5.02	36.89	17.97	240.94
99	11.72	-8.85	0.00	1.68	-0.31	36.07	12.98	239.67
100	13.91	-1.75	0.06	5.03	0.40	31.61	13.25	243.65
101	12.60	-4.39	0.05	1.02	0.24	39.88	13.69	204.56
102	9.56	-1.44	0.25	-1.78	3.13	56.94	23.16	200.78
103	8.53	-2.66	0.94	2.05	1.38	99.95	37.69	195.46
104	7.10	-2.09	0.04	2.83	-2.20	90.15	39.93	222.33
105	7.76	-6.15	0.00	1.39	0.24	86.07	37.82	207.58
106	11.12	0.79	0.00	3.70	2.38	80.58	31.34	223.34
107	10.02	-0.51	0.86	1.75	4.01	59.05	33.61	216.43
108	7.89	-5.14	3.96	-0.99	3.09	91.52	47.62	195.66
109	3.50	-6.19	2.49	-4.42	-4.81	93.45	56.34	155.51
110	-1.40	-10.51	1.25	-1.25	-4.40	83.90	57.10	179.36
111	-3.85	-12.27	0.87	-1.43	0.06	93.41	54.48	180.48
112	-2.83	-9.97	1.17	-4.24	0.64	90.17	60.03	150.89
113	-1.22	-9.57	2.02	-3.43	-1.12	99.99	57.68	183.64
114	0.57	-7.34	0.12	0.28	2.35	90.27	48.02	193.39
115	2.45	-6.83	0.62	2.57	4.29	81.14	46.99	186.16
116	4.00	-1.62	0.49	2.69	1.10	79.73	54.03	206.17
117	3.92	-6.69	0.87	-1.75	-0.94	99.97	51.16	180.44
118	1.90	-5.09	0.44	-1.31	0.91	74.26	40.45	201.88
119	4.44	-7.18	0.05	-0.88	1.92	81.94	33.37	234.72
120	7.56	-5.28	0.20	2.39	0.19	79.35	32.05	236.87
121	7.00	-5.76	0.04	2.94	1.24	77.87	29.40	274.05
122	6.32	-2.16	0.10	2.79	2.06	76.41	29.72	200.65
123	11.50	-2.97	0.00	2.44	2.25	75.98	30.52	241.68
124	12.42	-2.38	0.00	3.40	1.04	77.47	26.48	265.14
125	12.05	0.74	0.05	4.54	1.85	60.01	24.79	263.77
126	9.08	-4.97	0.00	3.12	-4.82	70.54	25.52	289.76
127	6.11	-8.32	0.00	1.67	-3.14	53.72	20.10	300.58
128	12.56	-0.93	0.00	2.00	5.18	38.99	19.73	246.11
129	13.90	-1.31	0.00	2.84	-0.94	45.69	20.29	297.98
130	15.69	-0.98	0.00	0.64	3.70	45.39	17.89	288.32
131	14.98	0.95	0.04	3.83	-0.25	41.80	17.61	269.97
132	11.31	-3.90	0.07	1.83	-4.06	56.67	20.91	301.79
133	15.82	-0.71	0.00	1.91	4.03	40.95	18.85	296.48
134	18.91	4.95	0.07	5.06	6.90	41.96	18.63	292.57
135	16.50	4.35	0.05	4.51	6.00	47.35	19.09	251.39
136	15.00	2.36	0.00	4.11	6.10	42.39	17.72	292.02
137	13.21	-1.02	0.39	2.78	-0.60	67.61	23.48	268.24
138	8.81	-1.92	0.75	1.84	-4.17	86.84	28.96	275.06
139	13.80	-2.11	0.00	2.54	3.52	55.95	22.77	295.07
140	14.32	2.94	0.17	3.45	8.65	43.46	21.97	285.40
141	16.75	1.12	0.05	2.91	5.20	46.79	14.45	299.76
142	16.16	2.22	0.00	2.85	6.12	30.58	14.27	283.07
143	14.32	-0.87	0.06	4.64	2.17	37.16	15.43	297.72
144	12.75	-1.08	0.00	5.87	-1.46	49.88	17.41	276.55
145	9.86	-1.50	0.00	-0.33	0.18	65.05	28.13	239.92
146	8.94	0.53	0.21	-1.75	4.83	70.38	35.28	235.95
147	12.83	-1.17	0.27	2.62	2.21	72.24	30.40	290.73
148	15.49	2.23	0.00	3.04	5.12	54.62	17.63	298.27
149	16.48	-1.91	0.00	4.49	2.54	43.54	15.94	301.62
150	16.33	0.63	0.00	3.84	-0.93	47.06	16.79	292.77
151	14.16	0.97	0.00	1.41	-1.93	39.48	17.54	299.03
152	15.95	-0.21	0.00	-0.09	2.49	51.64	17.52	296.49
153	19.04	0.92	0.00	3.04	1.58	38.59	12.16	305.13
154	19.36	6.92	0.00	5.51	-1.22	28.65	12.80	301.75
155	16.98	0.68	0.00	1.97	-1.58	41.01	17.77	288.90
156	15.08	4.76	0.00	0.51	2.27	54.22	20.03	244.20
157	11.57	1.15	0.92	-1.19	-0.46	88.18	32.79	285.28
158	10.98	-0.66	0.30	-1.07	2.09	75.93	28.24	287.79
159	14.15	-1.14	0.16	2.64	2.66	67.73	25.37	293.53
160	16.31	4.69	1.68	2.92	3.16	69.57	23.91	280.07
161	18.76	3.35	0.00	2.63	0.30	57.16	22.82	300.21
162	18.89	3.98	0.00	1.66	-1.02	56.01	25.24	299.63
163	21.40	4.46	0.00	1.82	2.41	51.39	18.11	302.53
164	22.15	4.33	0.00	4.01	1.61	41.14	14.63	303.55
165	21.91	3.73	0.00	1.80	-1.86	36.99	15.47	301.13
166	23.47	5.79	0.00	-1.98	2.01	40.40	15.78	299.99
167	22.94	5.13	0.00	0.73	1.99	47.61	16.10	299.03
168	22.58	5.04	0.00	1.27	-1.67	49.15	19.23	300.31
169	19.46	5.35	0.22	-1.79	-0.55	76.22	25.20	284.14
170	18.77	4.41	0.07	1.16	4.20	69.86	24.39	293.74
171	21.64	7.21	0.04	2.59	4.98	66.53	18.87	291.92
172	24.43	7.34	0.00	3.48	4.50	39.16	12.04	305.69
173	23.85	4.91	0.00	4.44	1.21	30.64	11.81	304.19
174	23.74	5.83	0.00	3.69	2.22	29.65	11.99	305.82
175	24.63	4.80	0.00	4.43	0.99	28.57	10.12	306.28
176	24.02	6.36	0.00	4.67	1.48	20.96	9.92	303.15
177	23.90	6.64	0.00	3.61	2.60	28.23	11.74	301.29
178	23.64	8.66	0.08	3.18	3.05	39.22	14.57	292.22
179	21.59	8.62	0.00	3.45	2.74	56.86	20.91	297.59
180	20.53	8.26	0.03	3.63	-0.10	58.00	23.23	273.07
181	20.43	7.35	0.14	2.31	-2.88	66.37	24.24	257.92
182	20.06	5.14	0.22	0.90	-1.28	64.22	21.70	277.20
183	19.38	6.13	0.15	1.65	2.03	67.22	23.33	271.60
184	21.12	5.58	0.81	0.56	1.27	73.75	22.31	289.26
185	23.69	5.92	0.08	1.55	0.50	50.05	15.05	292.78
186	24.07	8.08	0.00	1.20	2.48	40.75	15.00	280.41
187	23.64	8.11	0.00	2.86	0.12	45.14	19.23	299.63
188	26.29	7.37	0.00	1.86	0.53	50.73	13.02	300.39
189	25.82	8.41	0.00	3.51	-1.22	28.68	12.50	300.32
190	19.93	4.31	0.08	-1.16	-3.46	46.21	13.68	282.24
191	19.76	5.26	0.15	-2.45	0.04	76.10	28.41	263.14
192	21.61	6.34	0.00	1.33	0.89	60.06	21.45	291.95
193	21.92	6.77	0.28	0.84	-3.65	63.03	22.61	257.41
194	15.45	-0.75	0.46	-1.94	-0.94	87.81	28.43	277.17
195	14.77	2.57	0.17	0.82	4.88	99.99	30.99	233.42
196	21.26	5.14	0.00	2.21	2.13	71.05	22.48	285.15
197	21.25	5.29	0.00	4.46	-0.89	41.99	18.01	288.23
198	21.17	5.44	0.00	4.19	-0.42	35.36	17.73	292.19
199	21.11	4.36	0.00	2.20	-0.31	45.02	16.79	266.96
200	21.46	8.47	0.00	2.29	1.99	44.03	20.01	256.22
201	21.37	9.55	0.00	3.07	0.67	49.56	23.90	262.61
202	21.46	8.54	0.35	2.74	0.36	58.98	25.32	258.91
203	22.04	8.94	0.06	3.10	1.36	63.21	24.64	275.95
204	22.49	9.42	0.41	3.14	1.83	54.60	21.86	269.86
205	22.02	9.64	0.06	4.81	1.77	37.71	19.62	286.15
206	21.52	5.11	0.09	3.51	0.28	39.33	18.98	285.67
207	21.15	4.29	0.06	2.11	2.05	44.31	19.57	264.61
208	21.65	8.78	0.14	3.53	2.12	54.17	23.93	272.28
209	20.93	8.01	0.06	2.67	-0.03	53.34	26.21	269.15
210	20.12	8.58	0.25	2.55	1.32	78.53	31.11	264.52
211	18.91	9.01	0.79	1.88	-0.19	88.60	36.38	248.69
212	19.12	7.51	1.11	-0.18	2.65	85.61	39.60	248.94
213	19.60	8.19	0.67	2.51	1.53	85.33	38.89	259.98
214	18.98	8.37	1.13	2.29	1.56	79.18	35.76	247.00
215	18.97	6.92	0.55	1.93	-0.13	85.38	36.10	257.48
216	19.53	6.72	0.64	2.93	0.89	83.98	33.20	263.95
217	19.53	6.85	1.16	2.19	-2.23	85.09	39.34	211.57
218	12.65	3.05	0.82	-1.72	-3.82	99.99	54.63	156.85
219	12.40	1.67	0.50	1.10	-1.88	96.23	45.37	242.89
220	17.08	2.84	0.00	1.81	1.24	96.85	35.63	263.87
221	20.12	4.31	0.08	2.64	1.19	94.96	32.00	277.19
222	19.62	6.95	0.03	2.08	0.39	85.75	33.11	237.05
223	20.31	7.02	0.08	2.39	0.38	80.45	30.14	256.75
224	20.87	5.54	0.00	2.50	-1.69	68.70	27.66	262.90
225	19.91	5.28	0.34	-1.17	-2.12	80.81	31.05	261.04
226	18.47	8.55	0.29	-2.74	1.19	95.50	36.82	215.52
227	16.88	7.49	0.22	-1.34	3.23	100.00	44.80	207.37
228	19.12	9.70	0.04	1.72	3.62	93.28	35.51	234.60
229	19.72	8.66	0.12	3.73	0.34	99.97	28.87	244.62
230	19.86	6.71	0.09	2.31	-2.47	62.81	28.58	229.04
231	19.47	5.53	0.23	1.79	-0.06	78.30	28.84	255.19
232	18.89	4.15	0.13	1.94	-2.66	63.99	26.75	269.99
233	17.93	3.75	0.09	-2.04	-0.20	99.99	27.70	244.95
234	17.35	5.00	0.73	-2.26	2.44	86.27	35.50	220.04
235	17.68	6.26	0.55	0.21	3.21	83.75	35.15	232.77
236	17.91	6.49	0.20	1.48	1.88	55.17	34.74	232.88
237	17.94	6.76	0.50	-0.11	2.21	75.79	34.03	236.46
238	19.43	7.50	0.04	1.75	1.87	81.15	28.36	246.53
239	19.31	4.13	0.00	1.81	-1.31	58.74	26.01	255.34
240	19.47	6.60	0.00	2.58	0.39	52.72	25.65	244.82
241	20.08	3.27	0.00	0.84	-2.50	52.86	23.09	246.38
242	18.41	3.49	0.00	-1.95	0.55	69.98	30.94	222.98
243	20.34	7.03	0.00	2.39	3.36	58.81	24.31	231.88
244	19.49	5.98	0.00	2.90	2.53	64.09	27.28	234.13
245	18.02	4.98	0.10	2.74	2.72	68.39	31.88	208.81
246	14.69	7.00	0.48	2.35	2.97	87.22	40.84	192.12
247	16.73	6.14	0.33	2.13	3.08	99.98	35.38	217.60
248	17.05	5.24	0.15	2.03	3.20	68.17	34.60	222.22
249	16.96	5.11	1.08	2.54	1.23	64.38	33.33	218.46
250	16.39	6.04	1.23	1.67	1.14	68.32	36.93	207.52
251	16.56	4.97	0.25	2.08	0.20	80.10	33.58	218.22
252	18.46	3.67	0.00	3.92	-2.05	82.67	24.94	238.94
253	18.05	2.80	0.00	4.71	-1.48	56.31	24.39	247.08
254	17.43	3.58	0.00	4.67	-2.08	53.93	25.51	232.79
255	16.39	1.36	0.00	1.40	-2.20	62.29	24.33	239.77
256	16.92	2.60	0.00	-0.03	4.04	54.76	24.30	210.76
257	16.02	4.74	0.00	1.87	3.06	47.11	24.73	194.80
258	14.37	3.23	0.00	1.78	2.42	54.51	27.38	203.15
259	13.95	2.21	0.37	1.93	2.65	59.53	27.90	209.29
260	16.16	2.21	0.33	3.32	2.39	66.13	29.25	213.42
261	14.99	5.17	0.61	3.86	0.39	64.59	31.20	186.78
262	12.38	2.71	0.33	3.48	-2.52	91.85	37.34	207.89
263	14.02	-0.64	0.00	2.50	-1.25	81.93	29.76	229.11
264	14.24	0.48	0.00	2.27	-0.07	64.08	30.24	205.30
265	15.53	2.87	0.00	3.67	2.59	59.65	28.46	203.74
266	15.36	3.50	0.15	2.90	-0.16	73.52	29.64	201.96
267	13.40	-1.12	0.52	-2.38	2.25	90.63	41.10	160.39
268	11.53	-0.50	0.89	-0.17	4.18	100.00	43.11	175.43
269	14.17	3.78	0.00	3.01	2.92	99.99	36.46	200.85
270	13.33	2.15	0.19	3.21	-0.17	76.23	34.48	214.45
271	15.19	1.77	0.00	2.06	1.02	80.02	28.99	194.61
272	15.98	2.12	0.00	3.18	0.37	82.65	26.13	204.25
273	15.70	3.77	0.00	2.58	1.67	85.20	28.49	165.68
274	15.21	3.08	0.00	3.79	0.09	84.85	30.13	198.52
275	15.52	1.82	0.08	4.29	0.29	68.43	26.04	180.33
276	15.10	-0.10	0.00	3.97	0.00	60.45	21.45	207.83
277	15.24	0.73	0.00	5.13	-0.58	42.72	19.79	211.79
278	14.79	-0.64	0.00	2.01	0.53	45.33	19.32	181.43
279	15.80	4.01	0.00	3.60	2.25	38.46	19.82	174.00
280	15.22	2.70	0.00	2.57	0.77	61.80	20.51	151.39
281	11.33	0.24	0.05	1.73	2.86	87.44	31.11	201.55
282	10.86	-3.04	0.35	1.78	-2.90	73.73	36.04	170.60
283	6.11	-6.26	0.06	1.61	-1.97	78.18	26.84	202.93
284	10.37	-6.39	0.00	2.24	1.45	61.26	24.98	205.30
285	13.01	-2.20	0.00	3.77	0.12	48.14	20.87	182.27
286	13.83	-0.23	0.00	5.40	-0.25	39.66	18.73	178.74
287	12.73	-2.99	0.00	4.32	-0.51	54.87	20.81	191.94
288	12.91	-2.98	0.00	3.69	-0.21	48.56	20.26	184.29
289	11.90	-1.05	0.00	0.80	0.31	43.13	21.10	145.93
290	11.44	-1.35	0.00	-1.48	1.23	46.86	23.31	178.52
291	11.70	-1.68	0.22	0.46	2.25	74.91	26.39	175.79
292	13.27	-1.04	0.00	2.40	1.92	99.98	30.98	180.63
293	14.44	0.73	0.00	3.53	0.58	100.00	28.97	174.79
294	13.68	1.18	0.00	3.51	0.66	97.77	32.71	188.27
295	12.34	0.53	0.47	2.21	-0.24	71.28	32.43	135.98
296	9.52	-0.21	0.00	0.12	2.39	89.08	37.83	143.78
297	10.68	-1.06	0.00	3.03	1.60	92.30	33.79	175.29
298	10.46	-0.73	0.15	1.86	0.51	71.00	30.34	159.45
299	9.40	-0.00	0.16	1.40	2.65	69.02	40.55	139.50
300	10.45	0.32	0.12	2.87	2.46	74.77	48.20	149.57
301	10.57	1.74	0.19	3.09	1.90	90.97	47.75	118.51
302	6.74	-2.71	1.40	2.21	-1.06	84.26	57.13	110.94
303	4.21	-4.23	0.30	4.07	-3.10	74.41	43.15	123.37
304	3.79	-6.39	0.08	4.07	-0.25	76.93	41.19	129.44
305	1.95	-11.95	0.00	7.22	-3.96	57.72	18.33	163.44
306	-1.59	-13.65	0.00	3.78	-1.80	39.19	12.60	169.01
307	0.84	-7.32	0.00	4.01	0.22	57.37	13.35	129.79
308	-0.07	-12.01	0.07	3.03	-4.45	50.13	19.09	166.57
309	1.75	-9.86	0.00	4.05	-0.28	45.54	22.00	121.89
310	1.38	-11.99	0.22	3.48	-5.11	60.12	26.29	140.13
311	-5.61	-12.84	0.38	3.43	-5.70	43.74	27.48	121.37
312	-9.23	-15.54	0.16	3.38	-4.82	60.35	33.48	122.35
313	-7.41	-15.77	0.18	1.24	-4.02	74.99	33.35	140.09
314	-4.11	-16.93	0.00	2.18	-1.51	68.35	29.41	156.42
315	-1.82	-14.14	0.00	3.32	-1.63	62.35	33.67	146.70
316	1.18	-13.01	0.00	3.16	-1.35	63.74	32.34	142.58
317	-0.76	-9.96	0.00	1.24	1.91	57.15	34.64	104.33
318	4.64	-6.59	0.00	3.05	2.61	92.44	42.69	113.97
319	3.34	-6.30	0.00	4.18	0.78	99.52	50.30	121.88
320	5.73	-3.12	0.00	3.35	1.67	99.98	55.98	114.10
321	7.67	-2.05	0.11	3.13	2.86	83.48	53.98	103.68
322	6.82	-2.00	0.00	3.64	1.43	78.98	56.55	96.01
323	3.81	-6.05	0.00	4.45	0.22	90.18	50.77	126.78
324	2.54	-5.70	0.00	3.83	1.93	96.12	59.45	106.75
325	5.60	-3.70	0.14	2.37	5.64	85.35	84.87	90.76
326	5.80	-6.89	0.28	4.99	1.74	99.93	34.69	121.39
327	-1.72	-13.58	0.00	4.00	0.14	99.93	33.38	133.24
328	5.23	-9.19	0.00	5.15	0.33	64.35	33.48	121.20
329	5.81	-5.51	0.00	4.54	1.06	69.13	24.81	123.39
330	2.69	-6.41	0.00	4.28	1.19	99.94	37.53	110.84
331	1.64	-10.98	0.00	2.92	0.73	89.48	28.75	123.58
332	1.25	-9.21	0.06	3.37	0.54	67.09	32.62	114.55
333	1.32	-8.59	0.00	4.06	-0.41	87.07	28.42	104.34
334	3.56	-7.44	0.00	6.81	-0.64	59.30	26.61	104.60
335	6.45	-4.58	0.00	7.14	-0.55	70.67	30.84	100.34
336	5.64	-3.70	0.00	8.39	-1.10	68.87	35.25	113.98
337	4.90	-4.86	0.05	4.22	1.68	77.40	44.41	90.80
338	8.48	-3.61	0.22	5.59	2.51	81.83	46.83	93.89
339	7.92	-4.83	0.58	5.26	2.42	67.14	45.08	100.28
340	-2.54	-15.34	0.00	4.25	-0.07	63.86	23.75	119.00
341	-7.07	-12.77	0.00	4.99	1.29	45.49	19.78	101.18
342	-3.74	-13.03	0.18	7.88	1.49	48.21	24.68	103.06
343	-3.68	-13.48	0.00	6.09	-1.76	51.62	32.40	89.50
344	1.34	-9.80	0.32	4.53	0.68	81.00	31.70	100.11
345	0.34	-10.40	0.00	5.40	-2.20	58.93	29.26	99.64
346	2.26	-11.13	0.06	5.02	-0.85	65.80	39.97	89.44
347	2.51	-6.72	0.00	4.48	-1.28	79.79	42.49	101.05
348	4.71	-6.40	0.00	4.35	-0.74	77.04	36.09	101.64
349	4.52	-4.40	0.00	4.23	0.30	98.02	45.73	102.40
350	-0.83	-9.18	0.19	3.14	0.40	92.36	49.42	84.88
351	-4.14	-12.76	0.57	2.79	-1.00	99.96	28.77	99.87
352	-5.36	-13.72	0.39	2.26	3.27	68.64	32.82	82.04
353	-6.03	-19.58	0.11	2.07	-2.03	81.39	43.80	97.57
354	-11.32	-23.77	0.13	2.43	-0.76	78.76	35.02	103.97
355	-1.80	-17.88	0.00	4.28	1.33	81.96	48.02	89.21
356	-3.38	-12.73	0.00	4.69	-1.58	78.41	43.07	98.89
357	-2.25	-12.88	0.41	5.13	-0.16	99.95	52.57	88.40
358	3.73	-4.98	0.35	8.56	0.26	99.98	37.84	102.32
359	1.47	-5.76	0.06	6.64	-0.28	99.99	44.58	97.92
360	4.23	-4.64	0.00	6.60	-1.25	68.40	45.88	104.11
361	4.33	-4.08	0.05	6.04	-0.92	92.00	50.68	102.54
362	3.23	-6.83	0.18	4.67	-0.34	90.38	38.17	100.36
363	-4.03	-13.57	0.34	5.26	-1.34	63.48	28.97	102.21
364	-10.55	-20.44	0.21	3.67	-1.81	54.00	27.03	100.21
365	-12.35	-22.83	0.00	2.39	-1.04	55.75	28.49	106.85
