   1   0.0000   0.1000    0.693    0.523
   2   0.3333   0.0370    0.460    0.608
   3   0.0000   0.0714    0.090    0.014
   4   0.0000   0.0714    0.066    0.051
   5   0.0000   0.0357    0.030    0.000
   6   0.0000   0.1034    0.097    0.029
   7   0.3333   0.0741    0.137    0.060
   8   0.0000   0.0741    0.575    0.559
   9   1.0000   0.0357    0.380    0.448
  10   0.3333   0.0000    0.150    0.000
  11   0.0000   0.0345    0.380    0.000
  12   1.0000   0.0690    0.275    0.308
  13   0.0000   0.0370    0.430    0.000
  14   0.0000   0.0690    0.419    0.485
  15   1.0000   0.0000    0.140    0.162
  16   0.0000   0.1429    0.310    0.259
  17   0.0000   0.1538    0.278    0.357
  18   0.5000   0.1154    0.210    0.212
  19   0.2000   0.0800    0.433    0.484
  20   0.3333   0.0370    0.125    0.035
  21   0.0000   0.0714    0.030    0
  22   0.0000   0.1071    0.237    0.120
  23   0.0000   0.0741    0.070    0.085
  24   0.0000   0.0714    0.058    0.059
  25   0.5000   0.0357    0.050    0.042
  26   0.0000   0.1429    0.515    0.843
  27   0.0000   0.0385    0.076    0.000
  28   0.0000   0.1034    0.079    0.061
  29   0.3333   0.0741    0.384    0.326
  30   0.3333   0.0000    0.010    0.000
  31   0.0000   0.0345    0.060    0.000
  32   0.0000   0.1379    0.529    0.741
  33   0.2500   0.0000    0.050    0.000
  34   0.0000   0.1034    0.143    0.101
  35   0.3333   0.0741    0.180    0.218
  36   0.6667   0.1481    0.222    0.254
  37   0.1667   0.1667    0.156    0.201
  38   0.6000   0.0400    0.036    0.018
  39   0.0000   0.0769    0.651    0.776
  40   0.0000   0.0357    0.100    0.000
  41   0.0000   0.1034    0.170    0.182
  42   0.6667   0.1852    0.272    0.296
  43   0.1429   0.1304    0.078    0.046
  44   0.5000   0.0769    0.166    0.074
  45   0.2500   0.0385    0.250    0.000
  46   1.0000   0.1786    0.260    0.268
  47   0.1429   0.0435    0.075    0.035
  48   0.0000   0.1429    0.502    0.498
  49   0.0000   0.0385    0.180    0.000
  50   0.0000   0.0690    0.065    0.021
  51   0.5000   0.1429    0.154    0.185
  52   0.2000   0.1600    0.148    0.119
  53   0.0000   0.0000    0.000    0.000
  54   0.0000   0.0000    0.000    0.000
  55   0.0000   0.1333    0.335    0.288
  56   0.0000   0.0769    0.126    0.034
  57   0.5000   0.0714    0.077    0.040
  58   0.3333   0.0370    0.520    0.552
  59   0.5000   0.0714    0.093    0.060
  60   0.3333   0.0000    0.030    0.000
  61   0.0000   0.0345    0.050    0.000
  62   0.0000   0.1724    0.474    0.306
  63   0.4000   0.1200    0.686    0.496
  64   0.4000   0.2000    0.860    0.866
  65   0.1429   0.1739    0.948    1.261
  66   0.6000   0.2000    0.375    0.329
  67   0.2500   0.0000    0.245    0.163
  68   0.0000   0.0357    0.460    0.000
  69   0.0000   0.1379    0.236    0.287
  70   0.5000   0.0385    0.320    0.233
  71   0.3333   0.1481    0.272    0.308
  72   0.0000   0.0400    0.510    0.000
  73   0.0000   0.1034    0.202    0.089
  74   0.3333   0.0741    0.264    0.213
  75   0.3333   0.1111    0.370    0.391
  76   0.5000   0.0000    0.395    0.516
  77   0.0000   0.2857    0.372    0.355
  78   0.3750   0.0909    0.270    0.200
  79   0.4000   0.1200    0.394    0.212
  80   0.2000   0.2000    0.250    0.108
  81   0.3333   0.0833    0.142    0.165
  82   0.5000   0.2308    0.386    0.266
  83   0.3750   0.1818    0.439    0.316
  84   0.4286   0.1739    0.252    0.351
  85   0.0000   0.0870    0.279    0.324
  86   0.0000   0.0714    0.215    0.233
  87   1.0000   0.1071    0.251    0.262
  88   0.2000   0.1200    0.120    0.040
  89   0.5000   0.1538    0.762    0.618
  90   0.3333   0.0833    0.180    0.175
  91   0.2500   0.1923    0.752    0.667
  92   0.5000   0.0417    0.444    0.330
  93   0.2500   0.3077    0.248    0.335
  94   0.4444   0.3810    0.475    0.343
  95   0.2500   0.1111    0.493    0.364
  96   0.0000   0.0000    0.000    0.000
  97   0.0000   0.1000    0.910    0.523
  98   0.6667   0.0370    0.220    0.157
  99   0.0000   0.1481    0.478    0.413
 100   0.5000   0.1154    0.218    0.213
 101   0.2000   0.1600    0.334    0.318
 102   0.8000   0.1200    0.226    0.173
 103   0.4286   0.0870    0.344    0.413
 104   0.0000   0.1600    1.298    1.199
 105   0.2500   0.1923    0.735    0.850
 106   0.3333   0.0000    0.190    0.198
 107   0.0000   0.1786    0.170    0.173
 108   0.2000   0.3600    0.671    0.613
 109   0.3000   0.3000    0.414    0.500
 110   0.7778   0.1905    0.196    0.203
 111   0.4545   0.1053    0.876    1.145
 112   0.5714   0.2174    0.894    0.930
 113   0.2222   0.0476    1.514    1.033
 114   0.3333   0.2222    0.349    0.316
 115   0.5714   0.2609    0.621    0.505
 116   0.5000   0.1500    0.649    0.551
 117   0.1250   0.3182    0.299    0.329
 118   0.3750   0.1364    0.570    0.725
 119   0.6667   0.2083    0.352    0.291
 120   0.4444   0.0476    0.395    0.415
 121   1.0000   0.2000    0.687    1.048
 122   0.3000   0.1500    0.626    1.225
 123   0.6667   0.2083    0.466    0.692
 124   0.6667   0.1429    0.122    0.131
 125   0.3333   0.3333    0.512    0.698
 126   0.5000   0.1000    0.533    0.689
 127   0.5714   0.1739    0.335    0.359
 128   0.2500   0.1818    0.332    0.365
 129   0.5000   0.2083    0.952    1.056
 130   0.7500   0.1818    0.350    0.415
 131   0.1000   0.3000    0.399    0.136
 132   0.5714   0.4348    0.457    0.569
 133   0.5714   0.1250    0.685    1.028
 134   0.4000   0.2000    0.192    0.186
 135   0.6250   0.1818    0.362    0.505
 136   0.5556   0.3333    0.423    0.485
 137   0.5833   0.3889    0.721    0.942
 138   0.7143   0.0625    0.501    0.463
 139   0.4545   0.0526    0.140    0.115
 140   0.5000   0.3333    0.505    0.702
 141   0.4545   0.1579    0.507    0.826
 142   0.8750   0.1818    0.639    1.006
 143   0.6364   0.1053    0.422    0.237
 144   0.4444   0.3333    0.322    0.433
 145   0.5455   0.1053    0.823    1.439
 146   0.6250   0.3182    0.475    0.450
 147   0.6667   0.3333    0.343    0.350
 148   0.3571   0.3125    0.464    0.674
 149   0.6000   0.3500    0.653    0.823
 150   0.6154   0.2941    0.769    0.911
 151   0.5385   0.2353    0.911    0.902
 152   0.7273   0.1053    0.385    0.372
 153   0.3000   0.3000    0.338    0.270
 154   0.7778   0.1429    0.382    0.292
 155   0.5000   0.2000    0.951    1.667
 156   0.5556   0.2857    0.698    0.743
 157   0.2727   0.0526    0.100    0.089
 158   0.7500   0.2308    0.943    1.271
 159   0.5556   0.4286    1.180    1.795
 160   0.6429   0.2500    0.744    0.747
 161   0.5385   0.5882    0.469    0.629
 162   0.4118   0.3846    0.571    0.980
 163   0.5833   0.3333    1.344    1.103
 164   0.5385   0.2941    0.282    0.601
 165   0.5000   0.1111    0.474    0.445
 166   0.5000   0.1364    1.283    1.484
 167   0.5714   0.2609    0.755    0.865
 168   0.5000   0.2500    0.650    0.540
 169   0.6000   0.2500    0.365    0.293
 170   0.4545   0.1053    0.663    0.671
 171   0.2857   0.1739    0.220    0.211
 172   0.3333   0.2083    0.914    1.335
 173   0.1429   0.0435    0.090    0.085
 174   0.0000   0.2857    0.338    0.443
 175   0.3750   0.1818    0.531    0.546
 176   0.1429   0.2174    0.593    1.143
 177   0.5000   0.2083    0.705    0.656
 178   0.6250   0.2273    0.579    0.632
 179   0.2000   0.0500    2.267    2.740
 180   0.6667   0.1852    0.287    0.342
 181   0.2857   0.1304    0.259    0.246
 182   0.4000   0.2000    0.763    1.357
 183   0.2857   0.1739    0.222    0.109
 184   0.5000   0.2500    0.751    1.128
 185   0.4444   0.2381    0.203    0.184
 186   0.3333   0.1429    1.098    1.604
 187   0.1667   0.1250    0.177    0.088
 188   0.5000   0.1923    0.226    0.154
 189   0.2857   0.1739    0.203    0.293
 190   0.6667   0.2500    0.941    1.270
 191   0.4000   0.2000    0.580    0.480
 192   0.6250   0.2273    0.369    0.414
 193   0.0000   0.1500    1.836    1.340
 194   0.0000   0.2963    1.201    1.470
 195   0.2500   0.2727    0.304    0.388
 196   0.3750   0.1818    0.540    0.690
 197   0.4286   0.1304    0.300    0.467
 198   0.1667   0.2917    0.159    0.060
 199   0.2500   0.2727    0.451    0.494
 200   0.5000   0.2273    0.499    0.700
 201   0.4444   0.2381    0.742    0.859
 202   0.6667   0.4762    0.549    0.681
 203   0.6875   0.2143    0.594    0.573
 204   0.4286   0.2500    0.378    0.384
 205   0.3000   0.2000    0.547    0.350
 206   0.8571   0.1739    0.456    0.606
 207   0.2000   0.2500    0.685    0.654
 208   0.5714   0.2609    0.898    2.058
 209   0.6000   0.4500    0.807    1.288
 210   0.2667   0.2667    0.874    1.104
 211   0.6250   0.1818    0.746    0.974
 212   0.4444   0.2857    0.493    0.627
 213   0.5000   0.2500    0.528    0.929
 214   0.5000   0.1500    0.391    0.599
 215   0.3750   0.2273    1.122    1.743
 216   0.6250   0.2273    0.271    0.317
 217   0.6000   0.3000    0.751    1.277
 218   0.5000   0.1111    0.436    0.495
 219   0.3750   0.2273    0.299    0.511
 220   0.3750   0.2273    0.635    0.686
 221   0.5000   0.2727    0.691    0.515
 222   0.5000   0.2000    1.161    1.418
 223   0.2222   0.0476    0.087    0.060
 224   0.3333   0.3704    0.370    0.288
 225   0.3636   0.1053    0.285    0.414
 226   0.5000   0.1667    0.404    0.327
 227   0.4286   0.1739    0.348    0.470
 228   0.2857   0.3043    0.596    0.695
 229   0.5556   0.1905    0.260    0.249
 230   0.6667   0.1429    0.302    0.548
 231   0.6667   0.0952    0.267    0.412
 232   0.5000   0.2727    0.404    0.446
 233   0.7000   0.2500    0.227    0.310
 234   0.5833   0.1667    0.297    0.287
 235   0.4000   0.2000    0.191    0.153
 236   0.2500   0.1818    0.123    0.098
 237   0.5000   0.0833    0.842    0.791
 238   0.8000   0.1600    0.514    0.576
 239   0.6250   0.1364    0.330    0.328
 240   0.5000   0.3182    0.407    0.538
 241   0.2727   0.0526    0.103    0.046
 242   0.2500   0.1923    0.271    0.189
 243   0.1667   0.2083    0.674    1.120
 244   0.5000   0.2083    0.231    0.164
 245   0.6250   0.2273    0.877    0.987
 246   0.4000   0.2500    0.225    0.146
 247   0.1111   0.1429    0.255    0.176
 248   0.5000   0.1154    0.202    0.071
 249   0.2000   0.1200    0.260    0.274
 250   0.5000   0.2692    0.344    0.260
 251   0.5556   0.1429    0.622    0.696
 252   0.3750   0.0909    0.728    0.881
 253   0.6000   0.1600    0.197    0.115
 254   0.7143   0.3043    0.606    1.191
 255   0.5000   0.1667    0.528    0.434
 256   0.4444   0.1905    0.474    0.592
 257   0.3750   0.1818    0.835    1.062
 258   0.7143   0.1304    0.420    0.493
 259   0.7500   0.2727    0.228    0.276
 260   0.4167   0.1111    0.721    0.668
 261   0.2857   0.1739    0.340    0.240
 262   0.5000   0.1250    0.379    0.417
 263   0.3333   0.1250    0.602    0.578
 264   0.6000   0.2000    0.743    0.628
 265   0.1250   0.1364    0.350    0.374
 266   0.7500   0.1538    0.465    0.554
 267   0.4286   0.1304    0.355    0.425
 268   0.0000   0.1250    0.423    0.201
 269   0.3333   0.0741    0.543    0.405
 270   0.6667   0.0000    0.381    0.072
 271   0.5000   0.0714    0.563    0.281
 272   1.0000   0.2222    0.471    0.342
 273   0.3333   0.0952    0.150    0.230
 274   0.6000   0.0400    0.150    0.209
 275   0.5000   0.0000    0.020    0.014
 276   0.5000   0.1429    0.368    0.350
 277   0.6000   0.1200    0.398    0.648
 278   0.3333   0.1667    0.405    0.607
 279   0.3333   0.1667    0.898    1.498
 280   0.1667   0.0000    0.100    0.000
 281   0.0000   0.2069    0.623    0.881
 282   0.3333   0.1667    0.348    0.262
 283   0.1667   0.1667    0.414    0.439
 284   0.4000   0.1200    0.224    0.147
 285   0.4000   0.0800    0.865    0.849
 286   0.2500   0.1538    0.320    0.415
 287   0.2000   0.2000    0.126    0.055
 288   0.3333   0.0833    0.298    0.259
 289   0.5000   0.1154    0.190    0.156
 290   1.0000   0.1600    0.369    0.460
 291   0.4444   0.0000    0.165    0.093
 292   0.2500   0.0769    1.270    1.654
 293   0.6667   0.1111    0.287    0.284
 294   0.0000   0.1200    0.473    0.390
 295   0.3333   0.1111    0.888    1.057
 296   0.7500   0.0000    0.197    0.144
 297   0.6667   0.0741    0.153    0.153
 298   0.2500   0.2308    0.227    0.285
 299   0.1429   0.0435    0.460    0.608
 300   0.5000   0.0714    0.063    0.058
 301   0.3333   0.0370    0.050    0
 302   0.0000   0.0714    0.205    0.219
 303   0.5000   0.1429    0.186    0.183
 304   0.4000   0.1600    0.342    0.406
 305   0.1667   0.1667    0.422    0.368
 306   0.4000   0.2400    0.296    0.350
 307   0.2500   0.0455    0.202    0.159
 308   0.3333   0.0741    0.178    0.137
 309   0.3333   0.0741    0.293    0.240
 310   0.3333   0.1111    0.122    0.140
 311   0.2500   0.1923    0.135    0.061
 312   0.5000   0.0833    0.340    0.197
 313   0.4000   0.2400    0.290    0.202
 314   0.2500   0.0455    0.078    0.088
 315   0.3333   0.0741    0.381    0.376
 316   0.3333   0.0741    0.365    0.437
 317   0.0000   0.1852    0.325    0.461
 318   0.4000   0.0800    0.433    0.419
 319   0.5000   0.1154    0.431    0.239
 320   0.4000   0.1200    0.332    0.283
 321   0.2000   0.1200    0.114    0.101
 322   0.2500   0.0769    0.099    0.073
 323   0.3333   0.0741    0.396    0.343
 324   0.3333   0.0370    0.105    0.106
 325   0.5000   0.0357    0.163    0.194
 326   0.0000   0.0714    0.430    0.141
 327   0.0000   0.1429    0.270    0.254
 328   0.0000   0.1154    0.390    0.207
 329   0.3333   0.0000    0.100    0.000
 330   0.0000   0.1034    0.440    0.066
 331   0.0000   0.0741    0.470    0.127
 332   0.5000   0.0714    0.087    0.040
 333   0.0000   0.0741    0.430    0.071
 334   0.0000   0.0714    0.115    0.092
 335   0.0000   0.1071    0.137    0.110
 336   0.0000   0.0741    0.049    0.043
 337   0.0000   0.0357    0.152    0.000
 338   0.0000   0.1034    0.288    0.230
 339   0.0000   0.0741    0.176    0.105
 340   0.0000   0.1071    0.067    0.029
 341   0.0000   0.0370    0.030    0.000
 342   0.0000   0.0690    0.355    0.035
 343   0.5000   0.1429    0.300    0.234
 344   0.2000   0.0400    0.355    0.106
 345   0.5000   0.0000    0.080    0.000
 346   0.0000   0.0000    0.000    0.000
 347   0.0000   0.0000    0.000    0.000
 348   0.0000   0.1000    0.213    0.088
 349   0.3333   0.0370    0.315    0.092
 350   0.5000   0.0357    0.220    0.198
 351   1.0000   0.1071    0.484    0.490
 352   0.2000   0.0800    0.095    0.030
 353   0.0000   0.0370    0.130    0.000
 354   1.0000   0.1034    0.310    0.221
 355   0.2500   0.1154    0.211    0.210
 356   0.0000   0.0000    0.000    0.000
 357   0.0000   0.0000    0.000    0.000
 358   0.0000   0.0333    0.180    0.000
 359   0.0000   0.0690    0.203    0.251
 360   0.5000   0.0714    0.345    0.371
 361   0.3333   0.0741    0.400    0.265
 362   0.3333   0.0741    0.162    0.037
 363   0.0000   0.0370    0.100    0.000
 364   0.0000   0.0690    0.100    0
 365   0.0000   0.0357    0.127    0.000
 366   0.0000   0.0357    0.127    0.000
