# weather for site 002_-119.415_39.046 year =  1986
# DOY Tmax(C) Tmin(C) PPT(cm)
1	8.32	-7.19	0.00
2	8.45	-12.25	0.00
3	6.31	-6.87	0.04
4	3.12	-4.92	1.64
5	6.33	-7.09	0.27
6	7.31	-6.67	0.00
7	4.23	-11.88	0.00
8	6.28	-9.91	0.00
9	8.29	-10.68	0.00
10	9.89	-11.61	0.00
11	9.99	-9.05	0.00
12	6.96	-11.80	0.00
13	5.17	-8.82	0.00
14	5.97	-8.80	0.00
15	7.52	-5.00	0.01
16	11.24	-0.64	0.04
17	12.02	0.07	0.02
18	12.93	-7.30	0.00
19	15.87	-3.97	0.00
20	9.85	-6.59	0.01
21	4.35	-9.87	0.00
22	8.88	-8.73	0.00
23	8.37	-2.53	0.03
24	5.53	-13.25	0.00
25	6.50	-13.34	0.00
26	8.81	-13.07	0.00
27	10.13	-12.16	0.00
28	11.70	-8.77	0.00
29	14.54	-7.73	0.00
30	12.64	-2.87	0.00
31	9.19	-8.33	0.00
32	9.46	-8.65	0.00
33	7.09	-3.89	0.11
34	6.17	-3.55	0.00
35	4.94	-8.20	0.00
36	6.38	-13.22	0.18
37	1.33	-9.69	0.26
38	-0.79	-14.58	0.26
39	-1.66	-10.16	0.00
40	0.49	-17.72	0.00
41	7.78	-16.52	0.00
42	5.87	-13.05	0.00
43	8.83	-6.79	0.52
44	10.61	-0.35	0.58
45	14.57	-2.54	3.36
46	7.37	-0.32	4.72
47	6.96	-0.83	2.62
48	7.63	-0.02	3.55
49	7.66	3.66	6.12
50	6.17	-0.86	4.50
51	6.14	-3.44	0.66
52	8.58	-5.12	0.00
53	12.02	-2.63	0.00
54	15.13	-4.51	0.00
55	17.18	-5.14	0.00
56	18.65	-4.08	0.00
57	17.90	-3.84	0.00
58	18.07	-3.96	0.00
59	19.57	-4.34	0.00
60	19.32	-1.84	0.00
61	15.45	-1.36	0.00
62	15.69	-1.37	0.00
63	17.27	-3.31	0.00
64	18.30	-3.22	0.00
65	16.91	-2.38	0.00
66	14.58	2.74	2.93
67	9.33	0.77	2.21
68	5.97	-4.70	0.47
69	6.66	-2.80	0.14
70	7.67	-4.18	0.14
71	7.35	-3.89	0.00
72	5.09	-5.04	0.00
73	6.58	-10.59	0.00
74	4.29	-10.66	0.20
75	3.85	-7.13	0.12
76	4.55	-7.70	0.10
77	6.69	-10.11	0.00
78	11.05	-9.31	0.00
79	16.24	-6.22	0.00
80	17.38	-4.86	0.00
81	18.01	-6.12	0.00
82	18.52	-3.71	0.00
83	14.41	-2.78	0.00
84	14.72	-6.67	0.00
85	18.45	-5.69	0.00
86	21.17	-3.26	0.00
87	20.90	-3.28	0.00
88	21.13	-0.83	0.00
89	20.33	2.23	0.04
90	16.80	-0.58	0.09
91	14.60	-2.49	0.45
92	7.80	-9.39	0.42
93	9.29	-10.56	0.00
94	13.76	-7.77	0.02
95	13.07	-0.76	0.21
96	13.14	-0.34	0.00
97	12.52	0.86	0.45
98	11.44	-2.31	0.12
99	15.20	-4.55	0.00
100	16.89	-3.32	0.00
101	17.93	-2.68	0.06
102	13.45	0.75	0.00
103	8.42	-6.04	0.00
104	12.16	-6.09	0.00
105	13.60	-3.32	0.00
106	8.11	-3.77	0.00
107	7.84	-5.93	0.00
108	10.93	-9.44	0.00
109	15.69	-7.82	0.00
110	19.95	-4.47	0.00
111	24.23	-1.12	0.00
112	21.98	-0.01	0.00
113	18.01	2.35	0.00
114	14.60	-4.72	0.00
115	13.02	-2.15	0.00
116	11.25	-6.67	0.00
117	17.88	-3.94	0.00
118	19.32	-1.23	0.00
119	18.03	-5.58	0.00
120	20.44	-4.90	0.00
121	19.26	1.53	0.00
122	19.71	1.81	0.00
123	17.68	1.61	0.00
124	12.50	-4.07	0.00
125	10.95	-6.09	0.00
126	7.46	-5.65	0.07
127	10.66	-8.69	0.07
128	11.96	-3.11	0.00
129	17.81	-6.40	0.00
130	16.74	-1.03	0.00
131	15.44	-3.30	0.00
132	16.96	-5.06	0.00
133	20.22	-5.04	0.00
134	18.63	-0.88	0.00
135	19.12	-4.35	0.00
136	18.19	-2.34	0.00
137	21.66	-3.19	0.00
138	25.42	-0.89	0.00
139	25.25	1.82	0.00
140	21.61	3.78	0.00
141	15.38	3.33	0.00
142	15.12	-7.34	0.00
143	18.94	0.34	0.00
144	24.41	-1.99	0.00
145	28.75	1.19	0.00
146	29.61	4.53	0.00
147	28.72	5.05	0.00
148	30.03	6.11	0.00
149	31.04	7.88	0.00
150	30.94	10.40	0.01
151	31.32	10.93	0.00
152	28.98	7.43	0.01
153	28.37	7.61	0.02
154	29.08	6.18	0.00
155	27.85	4.28	0.00
156	24.54	2.62	0.00
157	24.32	0.75	0.00
158	20.93	3.39	0.00
159	22.20	0.25	0.00
160	22.33	0.95	0.00
161	26.19	1.52	0.00
162	28.17	3.40	0.00
163	27.35	10.08	0.01
164	28.30	7.42	0.00
165	26.20	6.21	0.00
166	27.01	2.01	0.00
167	28.13	3.37	0.00
168	28.24	4.02	0.00
169	24.69	7.49	0.00
170	23.30	-0.58	0.00
171	24.92	-0.22	0.00
172	26.82	3.40	0.00
173	29.45	5.67	0.00
174	31.41	5.58	0.00
175	30.94	10.89	0.00
176	30.58	4.94	0.00
177	31.37	6.53	0.00
178	30.38	9.45	0.00
179	28.07	7.09	0.00
180	26.49	1.67	0.00
181	27.61	5.17	0.00
182	31.55	5.54	0.00
183	30.90	6.24	0.00
184	30.34	7.54	0.00
185	27.81	11.94	0.00
186	24.04	0.25	0.00
187	25.75	3.91	0.05
188	24.96	2.78	0.08
189	25.60	4.71	0.00
190	26.70	3.42	0.00
191	27.35	4.69	0.00
192	30.25	6.81	0.00
193	30.95	7.38	0.00
194	31.18	8.25	0.00
195	30.78	7.70	0.00
196	28.72	6.34	0.00
197	25.01	5.51	0.00
198	24.71	1.35	0.00
199	26.13	3.01	0.00
200	29.17	4.65	0.00
201	31.34	4.69	0.00
202	30.49	5.68	0.03
203	29.00	8.88	0.93
204	23.05	9.00	0.14
205	25.51	5.18	0.02
206	24.72	4.09	0.15
207	24.76	2.82	0.00
208	25.95	4.14	0.00
209	25.69	6.56	0.00
210	27.41	2.55	0.00
211	29.05	4.22	0.00
212	30.83	5.68	0.00
213	32.06	7.42	0.00
214	32.10	7.58	0.00
215	31.78	5.75	0.00
216	32.41	5.27	0.00
217	32.83	7.06	0.00
218	31.69	7.58	0.00
219	31.30	5.75	0.00
220	31.67	6.34	0.00
221	33.05	5.96	0.11
222	31.86	7.58	0.23
223	31.31	6.99	0.00
224	31.02	6.60	0.00
225	30.25	4.91	0.00
226	30.85	5.09	0.00
227	31.47	8.85	0.00
228	30.32	8.26	0.00
229	30.94	5.80	0.00
230	31.51	5.07	0.00
231	29.77	9.29	0.27
232	26.35	11.14	0.08
233	28.76	7.14	0.02
234	29.97	5.95	0.00
235	29.72	5.87	0.00
236	30.43	4.57	0.00
237	30.59	5.04	0.01
238	30.95	6.61	0.00
239	27.75	7.67	0.31
240	27.53	4.33	0.00
241	26.91	5.09	0.00
242	26.39	3.12	0.00
243	25.11	2.19	0.00
244	25.44	2.62	0.00
245	25.55	3.56	0.00
246	27.04	3.06	0.00
247	29.37	4.71	0.00
248	30.69	6.78	0.00
249	30.08	8.48	0.00
250	29.17	7.19	0.00
251	24.61	10.33	0.00
252	21.30	1.50	0.00
253	19.79	-1.36	0.00
254	23.29	-0.73	0.00
255	22.77	2.52	0.00
256	20.33	8.02	0.00
257	19.16	-0.59	0.00
258	17.94	-2.68	0.00
259	15.29	-2.97	0.00
260	15.70	-0.40	0.00
261	16.22	-4.72	0.00
262	13.83	-1.38	0.00
263	13.12	-6.54	0.00
264	15.41	-6.24	0.00
265	15.84	-4.01	0.00
266	16.50	-2.94	0.00
267	13.90	2.38	0.01
268	12.34	-3.23	0.00
269	11.16	0.71	0.00
270	10.19	-1.96	0.32
271	10.58	-4.74	0.00
272	14.44	-6.51	0.00
273	16.67	-2.69	0.00
274	11.43	-0.04	0.82
275	9.26	1.01	0.10
276	10.95	-5.54	0.00
277	13.94	-6.55	0.00
278	16.60	-4.30	0.00
279	18.53	-2.56	0.00
280	20.72	-3.55	0.00
281	21.40	-2.92	0.00
282	22.13	-1.71	0.00
283	22.34	-1.99	0.00
284	16.60	-3.07	0.00
285	12.14	-9.81	0.00
286	16.13	-10.36	0.00
287	18.24	-8.48	0.00
288	18.75	-7.03	0.00
289	18.57	-7.43	0.00
290	14.63	-1.72	0.00
291	11.80	-5.16	0.00
292	13.50	0.55	0.00
293	13.81	-3.72	0.00
294	15.66	-6.09	0.00
295	16.71	-6.21	0.00
296	15.85	-5.75	0.00
297	17.97	-0.65	0.00
298	19.36	-3.93	0.00
299	20.89	-2.50	0.00
300	20.86	1.25	0.00
301	15.80	-5.34	0.00
302	17.86	-1.73	0.00
303	15.75	4.50	0.00
304	9.50	-4.72	0.00
305	8.82	-9.69	0.00
306	10.37	-11.37	0.00
307	12.55	-9.63	0.00
308	15.00	-9.59	0.00
309	18.57	-9.76	0.00
310	14.74	-9.22	0.00
311	5.96	-12.25	0.00
312	5.92	-11.61	0.00
313	9.94	-13.42	0.00
314	8.54	-11.63	0.00
315	10.49	-11.48	0.00
316	10.68	-11.73	0.00
317	13.88	-12.87	0.00
318	14.53	-5.13	0.00
319	12.93	-9.97	0.00
320	14.74	-8.59	0.00
321	15.79	-5.86	0.00
322	15.62	-3.57	0.00
323	14.99	0.55	0.00
324	16.36	-8.04	0.00
325	10.80	-0.48	0.03
326	9.97	-11.71	0.00
327	8.71	-9.86	0.00
328	15.10	-11.78	0.00
329	11.32	-8.41	0.00
330	6.48	-14.65	0.00
331	16.45	-9.14	0.00
332	16.57	-3.75	0.00
333	7.43	-3.37	0.00
334	3.26	-16.58	0.00
335	5.77	-16.59	0.00
336	8.73	-14.29	0.00
337	11.31	-10.04	0.00
338	8.80	-7.48	0.00
339	9.85	-5.38	0.00
340	4.14	-3.06	0.24
341	2.90	-4.05	0.00
342	5.13	-14.85	0.00
343	3.09	-15.62	0.00
344	2.89	-17.56	0.00
345	4.58	-17.24	0.00
346	7.16	-14.22	0.00
347	7.23	-9.74	0.00
348	7.77	-12.65	0.00
349	6.48	-15.28	0.00
350	5.63	-15.17	0.00
351	3.20	-15.06	0.00
352	5.91	-13.24	0.00
353	1.32	-12.51	0.05
354	2.42	-4.72	0.04
355	2.47	-7.68	0.00
356	7.90	-13.74	0.00
357	3.27	-7.47	0.05
358	4.89	-13.76	0.00
359	3.91	-15.13	0.00
360	1.86	-12.00	0.00
361	3.42	-11.76	0.00
362	2.80	-16.70	0.00
363	8.46	-14.32	0.00
364	5.31	-17.13	0.00
365	6.23	-11.75	0.00
