# weather for site 002_-119.415_39.046 year =  1983
# DOY Tmax(C) Tmin(C) PPT(cm)
1	0.84	-16.52	0.00
2	-2.49	-15.08	0.00
3	2.45	-13.53	0.00
4	10.01	-7.60	0.00
5	11.04	-9.18	0.00
6	9.79	-8.79	0.00
7	11.88	-6.35	0.00
8	14.30	-7.50	0.00
9	11.38	-9.84	0.00
10	9.35	-11.48	0.00
11	8.09	-13.39	0.00
12	7.80	-14.22	0.00
13	10.08	-13.96	0.00
14	7.53	-12.77	0.00
15	6.59	-10.63	0.04
16	4.48	-6.63	0.42
17	6.59	-5.82	0.39
18	8.09	-6.48	0.08
19	3.40	-4.29	0.14
20	2.14	-9.43	0.00
21	0.75	-12.86	0.66
22	1.12	-11.88	1.13
23	3.67	-11.81	1.76
24	4.07	-7.06	1.14
25	2.12	-9.09	0.00
26	10.65	-7.51	1.03
27	5.93	-3.29	0.53
28	1.48	-9.65	0.02
29	3.05	-5.89	0.00
30	4.60	-8.94	0.01
31	4.22	-11.16	0.00
32	3.36	-11.51	0.00
33	1.64	-11.87	0.00
34	0.71	-7.30	0.15
35	1.64	-10.92	0.02
36	0.34	-7.88	0.01
37	4.29	-6.81	0.49
38	6.73	-0.08	1.28
39	8.50	-3.31	0.15
40	7.60	-1.47	0.00
41	9.39	0.27	0.02
42	10.22	-6.43	0.12
43	12.13	0.36	0.58
44	8.03	-4.41	0.11
45	7.09	-9.87	0.00
46	10.89	-7.31	0.00
47	10.49	-6.40	0.00
48	15.58	-7.77	0.78
49	15.01	-4.27	0.30
50	6.98	-8.92	0.00
51	8.00	-8.78	0.00
52	13.06	-5.74	0.00
53	14.02	-2.83	0.00
54	12.15	-1.27	0.00
55	11.38	-8.05	0.00
56	9.05	-5.15	0.43
57	8.13	-3.42	0.41
58	6.72	-3.31	0.23
59	6.71	-6.20	1.64
60	7.35	-2.85	0.32
61	9.47	-5.13	0.06
62	7.74	-1.11	0.11
63	8.82	-5.45	0.20
64	10.98	-6.95	0.02
65	12.47	-4.74	0.00
66	11.82	1.57	0.00
67	13.94	-2.82	0.01
68	16.92	-4.33	0.00
69	16.16	-2.63	0.00
70	13.71	-0.88	0.31
71	11.79	0.12	0.91
72	10.60	1.77	0.03
73	7.72	-7.25	0.00
74	5.89	-9.76	0.01
75	6.02	-10.65	0.00
76	5.91	-7.76	0.99
77	3.16	-4.55	0.42
78	6.49	-5.79	0.12
79	5.95	-9.37	0.00
80	6.06	-4.09	0.16
81	8.22	-7.78	0.24
82	6.89	-7.26	0.41
83	5.28	-6.72	0.04
84	5.85	-4.20	0.00
85	7.46	-10.08	0.00
86	8.33	-3.79	0.79
87	3.73	-5.23	0.55
88	10.58	-3.98	0.03
89	14.86	3.18	0.45
90	9.88	-0.54	0.00
91	14.60	-7.12	0.00
92	10.66	2.01	0.00
93	2.42	-8.26	0.06
94	4.14	-6.97	0.01
95	4.08	-8.42	0.00
96	6.33	-11.54	0.00
97	10.96	-11.55	0.00
98	14.87	-7.19	0.00
99	13.68	-5.33	0.00
100	8.79	-2.72	0.00
101	5.02	-8.10	0.00
102	3.55	-7.96	0.20
103	5.45	-7.02	0.01
104	8.17	-9.67	0.00
105	11.47	-8.80	0.00
106	14.40	-4.86	0.00
107	15.72	-6.28	0.00
108	13.65	-3.92	0.00
109	14.49	-5.27	0.05
110	11.17	0.79	1.59
111	11.42	0.10	0.94
112	14.80	-4.16	0.01
113	15.21	-2.58	0.00
114	10.52	-4.73	0.23
115	9.20	-4.92	0.01
116	9.23	-6.47	0.00
117	12.44	-5.92	0.45
118	13.59	-0.14	0.88
119	11.78	-0.90	2.90
120	10.78	-2.70	0.60
121	7.98	-5.54	0.01
122	11.90	-4.66	0.00
123	15.17	-5.28	0.00
124	15.09	-2.01	0.00
125	10.57	-1.54	0.00
126	12.22	-3.75	0.00
127	17.14	-5.88	0.00
128	15.34	-4.01	0.00
129	11.43	-2.84	0.16
130	7.56	-4.67	0.04
131	11.45	-2.81	0.04
132	13.93	-6.17	0.00
133	13.84	-5.70	0.00
134	17.17	-5.44	0.00
135	17.04	1.63	0.00
136	14.17	-2.44	0.00
137	15.85	-5.11	0.00
138	20.04	-2.82	0.00
139	18.29	0.00	0.00
140	21.20	-2.69	0.00
141	24.97	-0.58	0.00
142	25.93	1.58	0.00
143	27.05	1.65	0.00
144	28.49	3.47	0.00
145	29.49	3.79	0.00
146	29.84	5.18	0.00
147	30.42	5.02	0.00
148	30.71	5.62	0.00
149	27.36	7.43	0.00
150	27.62	4.17	0.00
151	22.29	3.98	0.00
152	19.06	-0.14	0.00
153	17.74	4.79	0.16
154	19.25	3.79	0.55
155	19.62	2.58	0.21
156	22.17	1.71	0.19
157	24.09	1.47	0.03
158	22.29	7.16	0.16
159	23.16	4.22	0.05
160	24.85	2.83	0.00
161	24.68	3.54	0.00
162	20.74	6.77	0.00
163	19.41	2.98	0.00
164	22.10	0.20	0.00
165	25.69	1.36	0.00
166	26.19	5.36	0.00
167	27.09	3.58	0.00
168	26.92	5.38	0.00
169	24.70	5.90	0.00
170	23.78	-0.71	0.00
171	23.83	2.36	0.00
172	23.85	4.05	0.00
173	27.21	3.78	0.00
174	26.13	6.86	0.00
175	25.48	3.45	0.00
176	27.10	4.40	0.00
177	26.34	4.55	0.00
178	25.45	3.13	0.00
179	26.76	3.83	0.00
180	25.17	7.53	0.00
181	25.47	4.45	0.00
182	22.34	8.75	0.00
183	22.70	7.09	0.00
184	25.80	2.70	0.00
185	30.23	5.45	0.00
186	30.73	12.42	0.00
187	28.78	10.99	0.00
188	26.79	8.05	0.00
189	23.76	6.77	0.00
190	19.13	3.24	0.00
191	20.96	-1.00	0.00
192	26.41	0.69	0.00
193	31.26	4.82	0.00
194	33.30	7.17	0.00
195	30.98	9.14	0.00
196	25.14	3.85	0.00
197	23.74	1.53	0.00
198	24.89	3.51	0.00
199	25.97	3.01	0.00
200	24.39	2.58	0.00
201	23.73	0.21	0.00
202	28.40	1.38	0.00
203	29.78	6.35	0.12
204	29.79	3.32	0.00
205	28.57	4.49	0.00
206	26.25	8.42	0.00
207	26.00	3.72	0.00
208	27.90	5.47	0.00
209	29.36	5.75	0.00
210	30.54	7.39	0.00
211	33.30	6.18	0.00
212	31.57	9.98	0.19
213	31.33	6.69	0.00
214	31.22	8.93	0.00
215	30.62	9.18	0.00
216	31.44	6.13	0.00
217	32.60	6.43	0.00
218	34.55	7.42	0.09
219	32.60	14.12	1.18
220	27.92	11.02	0.00
221	27.06	8.09	0.21
222	24.42	12.10	0.26
223	25.37	6.03	0.24
224	28.09	9.39	0.00
225	29.29	9.66	0.18
226	26.14	7.70	0.07
227	24.93	9.62	0.02
228	27.53	6.90	0.00
229	25.60	10.16	0.01
230	25.43	8.40	0.30
231	23.28	9.43	2.57
232	20.28	7.96	0.73
233	20.34	5.11	0.49
234	19.54	6.83	0.18
235	21.06	6.36	0.05
236	23.02	4.38	0.00
237	24.47	3.90	0.00
238	26.04	1.56	0.00
239	28.56	3.56	0.00
240	27.80	5.82	0.00
241	25.60	2.23	0.00
242	26.07	2.76	0.00
243	24.98	5.96	0.03
244	26.67	8.45	0.00
245	25.01	5.79	0.00
246	23.78	5.11	0.00
247	26.75	1.83	0.00
248	29.05	3.31	0.00
249	29.96	5.43	0.00
250	27.97	3.38	0.00
251	25.11	9.60	0.00
252	22.23	3.80	0.00
253	25.63	-0.05	0.00
254	28.69	2.43	0.00
255	29.24	2.68	0.00
256	29.33	5.55	0.00
257	28.61	5.03	0.00
258	29.15	2.16	0.00
259	28.98	5.80	0.00
260	28.16	6.93	0.00
261	26.26	5.26	0.00
262	18.70	4.47	0.00
263	17.84	-2.67	0.00
264	22.44	-3.43	0.13
265	22.44	4.00	0.31
266	18.69	4.61	0.06
267	18.48	4.20	0.56
268	19.85	1.81	0.34
269	21.53	2.16	0.12
270	19.48	2.29	0.14
271	15.44	4.64	0.44
272	13.92	3.03	2.26
273	12.17	2.69	1.76
274	14.64	3.45	0.28
275	13.63	3.28	0.27
276	15.17	-2.26	0.03
277	18.46	-2.42	0.00
278	21.14	-0.87	0.00
279	22.44	1.50	0.00
280	21.95	3.56	0.00
281	21.51	1.88	0.00
282	19.93	3.98	0.00
283	17.42	-2.33	0.00
284	17.00	-2.69	0.00
285	18.90	-2.54	0.00
286	18.05	1.96	0.14
287	13.05	-3.75	0.08
288	13.90	-5.67	0.00
289	14.61	-5.91	0.00
290	16.26	-3.54	0.00
291	16.97	-4.79	0.00
292	18.84	-5.01	0.00
293	20.12	-3.98	0.00
294	19.92	-3.78	0.00
295	21.42	-4.18	0.00
296	17.11	2.95	0.00
297	13.74	3.09	0.03
298	15.30	-6.37	0.00
299	17.90	-6.79	0.00
300	19.46	-6.30	0.00
301	19.08	-4.11	0.03
302	18.00	-0.67	0.01
303	17.15	3.13	0.12
304	12.29	0.51	0.26
305	10.58	-1.26	0.21
306	15.03	-4.31	0.00
307	17.61	-4.77	0.00
308	16.18	0.03	0.00
309	16.53	1.36	0.00
310	17.61	-2.84	0.00
311	14.00	2.60	0.00
312	7.32	-10.38	0.00
313	10.93	-6.71	0.00
314	15.88	-2.46	0.99
315	12.16	0.80	0.68
316	11.91	-5.75	0.10
317	7.65	-5.34	0.22
318	7.45	-8.73	0.02
319	10.24	-9.05	0.10
320	12.30	-4.84	0.88
321	8.16	0.75	2.12
322	5.49	-7.77	0.04
323	10.82	-6.39	0.83
324	2.74	-5.66	0.86
325	0.43	-9.47	0.77
326	-3.27	-11.84	0.14
327	-2.06	-7.85	0.26
328	5.17	-5.28	1.71
329	-1.21	-8.77	0.27
330	0.17	-11.20	0.00
331	2.72	-11.85	0.00
332	3.80	-11.83	0.00
333	3.93	-11.58	0.00
334	4.63	-7.25	0.00
335	6.28	-4.67	0.01
336	8.25	-4.41	0.03
337	5.42	-3.29	1.69
338	1.89	-6.72	0.59
339	2.02	-12.50	0.00
340	6.86	-6.16	0.00
341	12.48	-2.68	0.00
342	11.76	-1.27	0.00
343	8.82	-4.02	0.03
344	7.85	-2.47	0.20
345	6.90	-4.08	0.67
346	2.81	-9.06	0.10
347	8.38	-5.26	0.00
348	11.93	-2.93	0.01
349	11.37	-6.26	0.00
350	9.45	-5.68	0.00
351	7.65	-6.62	0.16
352	8.25	-9.65	0.00
353	8.41	-2.84	0.00
354	2.20	-6.81	0.00
355	-1.28	-14.68	0.00
356	2.19	-8.75	0.03
357	-2.43	-10.16	0.00
358	-5.37	-11.50	0.84
359	0.68	-7.95	0.27
360	7.16	-4.58	0.02
361	6.70	-0.51	0.08
362	1.43	-13.54	0.07
363	-0.92	-8.10	0.08
364	6.14	-6.35	0.05
365	5.73	-4.65	0.19
