# weather for site 002_-119.415_39.046 year =  1998
# DOY Tmax(C) Tmin(C) PPT(cm)
1	12.16	-8.22	0.00
2	7.06	-2.74	0.44
3	7.29	-9.08	0.00
4	2.30	-6.53	0.04
5	0.66	-15.50	0.00
6	-3.24	-18.11	0.00
7	4.41	-10.49	0.03
8	3.50	-13.37	0.00
9	2.38	-5.58	0.01
10	7.87	-8.65	0.00
11	9.02	-3.02	0.00
12	8.99	-1.03	0.23
13	4.37	-6.57	0.00
14	5.37	-7.83	0.07
15	6.70	-2.95	0.26
16	10.78	-3.83	0.16
17	11.67	2.54	0.00
18	13.98	-9.36	2.37
19	4.06	-6.01	0.00
20	0.13	-9.69	0.00
21	1.55	-11.01	0.00
22	6.91	-8.04	0.00
23	8.56	-8.17	0.00
24	11.43	-6.60	0.00
25	11.79	-8.97	0.00
26	10.94	-9.39	0.00
27	11.60	-4.24	0.00
28	10.83	-8.99	0.00
29	7.17	-2.74	0.08
30	4.47	-12.40	0.03
31	2.15	-10.15	0.00
32	4.72	-10.68	1.13
33	1.19	-5.30	3.26
34	4.30	-4.57	0.24
35	5.88	-4.61	0.04
36	2.89	-8.02	0.11
37	5.73	-4.23	0.57
38	4.69	-5.52	1.64
39	4.14	-4.81	0.63
40	2.59	-6.79	0.08
41	3.57	-8.93	0.17
42	6.33	-4.36	0.00
43	2.39	-6.26	0.55
44	6.19	-5.92	0.15
45	7.12	-4.29	1.10
46	4.64	-7.55	0.08
47	-0.76	-10.74	0.04
48	3.11	-7.19	0.26
49	6.47	-9.38	0.00
50	6.53	-6.12	0.12
51	6.01	-8.21	0.08
52	6.83	-3.65	0.90
53	5.21	-3.33	0.53
54	1.00	-4.74	0.97
55	1.43	-14.62	0.00
56	3.26	-11.87	0.00
57	2.71	-6.88	0.00
58	6.37	-6.10	0.00
59	8.80	-6.80	0.00
60	10.44	-6.84	0.00
61	11.99	-6.42	0.00
62	9.39	-2.72	0.00
63	5.64	-12.87	0.64
64	2.99	-12.70	0.18
65	-0.12	-6.98	1.41
66	0.06	-17.26	0.00
67	7.26	-7.11	0.00
68	9.43	-8.81	0.00
69	12.95	-9.13	0.00
70	14.83	-6.11	0.00
71	15.30	-6.73	0.01
72	10.18	1.15	0.07
73	14.06	-2.40	0.00
74	17.74	-3.03	0.00
75	12.91	-1.83	0.97
76	13.61	-5.35	0.00
77	11.61	-9.88	0.00
78	15.05	-8.48	0.00
79	16.70	-4.30	0.00
80	17.38	-4.06	0.00
81	16.67	1.40	1.40
82	16.97	6.06	2.54
83	10.82	1.20	3.74
84	8.03	-0.29	0.62
85	10.88	-0.06	0.00
86	8.11	1.66	0.05
87	3.90	-5.92	0.00
88	0.53	-6.27	0.15
89	7.36	-9.89	0.43
90	4.00	-2.58	3.17
91	3.05	-4.68	0.37
92	9.27	-6.00	0.00
93	7.48	-2.10	0.15
94	5.63	-5.89	0.00
95	6.71	-4.06	0.00
96	5.74	-4.42	0.00
97	7.72	-7.70	0.00
98	9.68	-7.16	0.00
99	12.20	-4.06	0.00
100	12.30	-6.46	0.00
101	8.27	-3.40	0.00
102	6.85	-4.56	0.00
103	5.63	-6.85	0.15
104	4.81	-7.17	0.00
105	6.22	-10.50	0.00
106	8.14	-8.32	0.00
107	12.58	-9.18	0.00
108	15.81	-5.65	0.00
109	18.93	-3.04	0.00
110	20.82	-3.37	0.00
111	23.09	-1.77	0.00
112	22.14	1.15	0.00
113	17.18	-0.87	0.00
114	13.88	-1.10	0.00
115	11.82	-1.20	0.00
116	13.94	-6.44	0.00
117	16.91	-4.95	0.00
118	20.83	-3.83	0.00
119	22.83	-1.81	0.00
120	22.51	-0.51	0.00
121	21.66	-0.79	0.00
122	18.56	0.41	0.00
123	15.32	1.63	0.12
124	13.96	-2.26	0.22
125	13.01	2.35	2.36
126	8.39	0.57	1.76
127	14.48	3.12	0.97
128	15.58	4.39	0.25
129	13.02	2.16	0.01
130	12.07	-3.14	0.00
131	12.09	-3.68	0.00
132	8.84	-3.03	1.86
133	8.26	-3.13	1.16
134	10.82	-2.49	0.47
135	14.49	-3.61	0.00
136	10.93	-1.00	0.00
137	8.82	-3.52	0.01
138	13.83	-4.74	0.00
139	17.50	-1.81	0.00
140	14.45	2.72	0.00
141	11.63	-3.12	0.00
142	14.86	-4.00	0.00
143	15.10	-1.29	0.00
144	19.94	-1.86	0.00
145	17.52	7.56	0.00
146	9.67	-2.47	0.00
147	12.25	-5.20	0.00
148	18.54	2.07	0.00
149	14.17	-5.49	0.00
150	16.34	-5.20	0.00
151	20.05	-0.18	0.00
152	23.07	0.82	0.01
153	19.26	6.21	0.11
154	16.29	3.61	0.77
155	16.24	1.84	0.12
156	17.93	1.61	0.05
157	18.92	4.82	1.56
158	18.53	4.68	0.45
159	17.15	3.07	0.53
160	17.10	2.77	0.14
161	15.34	4.83	0.48
162	11.58	5.67	1.16
163	16.92	4.16	0.30
164	20.24	5.14	0.15
165	21.33	4.39	0.00
166	23.78	2.84	0.00
167	17.95	4.06	0.00
168	19.58	-0.63	0.00
169	25.01	1.91	0.00
170	25.24	5.87	0.00
171	23.87	4.53	0.00
172	24.86	6.25	0.00
173	23.85	6.59	0.00
174	22.54	2.60	0.00
175	23.81	4.92	0.00
176	22.77	12.02	0.00
177	24.15	4.25	0.00
178	25.07	2.65	0.00
179	27.50	4.87	0.00
180	28.49	5.15	0.00
181	28.38	3.66	0.00
182	28.25	2.79	0.00
183	27.64	4.27	0.00
184	27.34	4.91	0.00
185	27.92	6.22	0.00
186	28.70	5.57	0.00
187	29.69	7.66	0.00
188	30.79	5.74	0.00
189	30.66	8.80	0.21
190	29.77	6.71	0.00
191	28.48	6.68	0.00
192	29.67	4.00	0.00
193	31.68	5.23	0.00
194	31.04	5.87	0.00
195	31.01	2.89	0.00
196	32.53	3.98	0.00
197	34.76	7.24	0.00
198	35.91	10.02	0.00
199	36.32	9.39	0.00
200	35.76	8.52	0.00
201	34.23	9.46	0.00
202	32.76	10.09	0.01
203	28.74	13.81	0.09
204	27.66	12.58	0.94
205	26.81	10.41	0.35
206	29.17	7.39	0.00
207	29.56	7.51	0.00
208	31.44	7.24	0.00
209	32.29	8.32	0.00
210	31.73	7.18	0.06
211	28.04	3.95	0.00
212	26.13	3.87	0.00
213	27.02	4.58	0.00
214	29.73	6.62	0.00
215	31.81	6.93	0.00
216	33.62	7.21	0.00
217	34.28	10.27	0.00
218	33.82	11.79	0.00
219	32.27	10.50	0.00
220	31.36	5.27	0.00
221	31.13	4.89	0.00
222	31.39	6.72	0.00
223	32.20	10.14	0.00
224	33.31	10.34	0.00
225	34.06	10.04	0.00
226	33.25	11.46	0.05
227	31.19	10.07	0.00
228	30.49	9.25	0.00
229	27.99	7.37	0.00
230	26.19	5.18	0.00
231	26.09	6.75	0.00
232	26.63	5.67	0.00
233	27.87	3.15	0.00
234	29.58	3.53	0.00
235	28.46	2.77	0.00
236	29.88	2.77	0.00
237	29.38	4.86	0.00
238	27.02	4.79	0.00
239	29.25	4.48	0.00
240	32.12	7.11	0.00
241	34.26	8.03	0.00
242	33.33	11.69	0.00
243	31.45	9.45	0.00
244	31.22	7.50	0.00
245	31.30	6.55	0.00
246	30.45	7.36	0.03
247	26.94	9.50	0.30
248	26.65	9.43	0.23
249	26.29	8.70	0.45
250	25.91	10.15	0.42
251	25.56	6.63	0.14
252	22.18	9.04	0.72
253	18.44	2.65	0.00
254	20.31	1.57	0.65
255	21.60	3.85	0.00
256	23.89	4.70	0.00
257	26.67	4.53	0.00
258	27.34	5.55	0.00
259	28.95	5.74	0.00
260	26.76	6.58	0.00
261	24.71	5.87	0.00
262	21.26	-0.27	0.00
263	19.80	1.99	0.00
264	18.92	1.08	0.00
265	19.31	-0.69	0.00
266	19.60	2.66	0.27
267	20.39	0.95	0.21
268	18.06	1.76	0.12
269	10.02	3.37	1.47
270	13.82	2.84	0.19
271	17.56	0.42	0.40
272	18.51	3.32	0.29
273	16.47	2.97	0.01
274	21.54	1.04	0.00
275	19.27	4.46	0.00
276	14.15	-1.49	0.00
277	12.49	-5.06	0.00
278	13.27	-4.71	0.00
279	16.32	-5.47	0.00
280	20.14	-5.10	0.00
281	20.32	-0.92	0.00
282	19.45	-6.23	0.00
283	14.37	-5.87	0.00
284	18.21	-6.48	0.00
285	19.52	-4.71	0.00
286	19.13	-2.70	0.00
287	15.25	-2.93	0.00
288	10.66	-0.50	0.00
289	7.31	-4.66	0.00
290	10.65	-11.63	0.00
291	12.45	-9.73	0.00
292	13.18	-7.34	0.00
293	13.78	-7.40	0.00
294	15.45	-6.57	0.00
295	17.99	-2.48	0.00
296	18.81	-5.25	0.00
297	13.05	-1.29	0.11
298	5.06	-1.99	0.47
299	12.44	-2.70	0.04
300	14.18	-4.01	0.00
301	14.20	-1.40	0.00
302	5.43	2.02	1.07
303	6.39	-6.03	0.05
304	9.20	-9.99	0.00
305	11.26	-2.23	0.17
306	9.24	-8.37	0.00
307	11.75	-6.71	0.00
308	10.67	-7.32	0.00
309	8.43	-7.48	0.00
310	5.91	-9.49	0.00
311	9.71	-5.23	0.00
312	5.27	-3.37	0.00
313	4.26	-12.48	0.00
314	5.14	-6.81	0.37
315	1.92	-4.24	0.03
316	5.26	-10.07	0.00
317	9.36	-9.14	0.00
318	12.58	-8.47	0.00
319	13.09	-7.58	0.00
320	8.96	-8.86	0.40
321	7.27	-8.83	0.40
322	5.91	-9.93	0.00
323	6.71	-11.88	0.00
324	9.36	-11.56	0.00
325	16.39	2.48	0.00
326	11.42	1.10	0.27
327	14.44	-0.73	0.25
328	8.18	-2.73	0.39
329	13.95	-6.87	0.00
330	16.81	-7.67	0.01
331	8.25	-3.98	0.00
332	6.86	-1.41	0.00
333	10.04	-1.36	0.00
334	11.76	-1.65	0.17
335	9.20	-2.74	0.33
336	12.95	-7.22	0.00
337	9.42	-0.74	0.00
338	5.77	-11.82	0.00
339	0.33	-16.50	0.17
340	-1.96	-16.05	0.36
341	-2.54	-19.02	0.00
342	4.53	-9.42	0.00
343	-0.01	-15.58	0.00
344	0.68	-15.61	0.00
345	-0.14	-12.70	0.00
346	6.15	-12.21	0.00
347	11.95	-10.83	0.00
348	6.17	-8.75	0.00
349	5.40	-12.54	0.00
350	6.57	-12.51	0.00
351	7.77	-12.40	0.00
352	10.15	-13.48	0.00
353	-7.45	-15.58	0.28
354	-4.97	-20.46	0.03
355	-10.17	-26.15	0.00
356	-9.93	-22.67	0.00
357	-9.38	-27.34	0.00
358	-5.86	-23.54	0.00
359	0.99	-17.95	0.00
360	6.73	-9.00	0.00
361	10.57	-8.74	0.00
362	13.61	-2.93	0.00
363	11.50	-11.90	0.00
364	8.33	-11.20	0.00
365	7.92	-7.06	0.00
