# weather for site 002_-119.415_39.046 year =  1982
# DOY Tmax(C) Tmin(C) PPT(cm)
1	4.03	-7.48	0.02
2	-0.76	-9.76	0.00
3	-0.51	-14.63	0.69
4	1.39	-5.61	4.83
5	2.29	-5.54	0.90
6	-3.34	-12.20	0.00
7	-7.46	-28.21	0.00
8	-8.48	-26.66	0.00
9	-6.26	-24.49	0.00
10	-3.52	-23.43	0.00
11	-1.55	-21.07	0.00
12	-0.54	-19.46	0.00
13	-0.74	-20.76	0.00
14	0.71	-19.63	0.00
15	1.09	-19.41	0.00
16	4.10	-17.83	0.00
17	8.16	-12.85	0.00
18	6.10	-4.57	0.21
19	0.57	-10.70	0.00
20	-1.30	-11.60	0.12
21	-0.71	-11.97	0.05
22	-1.80	-17.51	0.00
23	3.34	-11.88	0.00
24	6.17	-12.11	0.00
25	7.91	-8.97	0.00
26	7.43	-4.03	0.19
27	4.24	-11.29	0.00
28	3.70	-9.89	0.03
29	2.48	-8.04	0.11
30	3.11	-12.15	0.00
31	6.98	-11.55	0.00
32	4.42	-11.83	0.00
33	7.47	-10.42	0.00
34	6.29	-7.59	0.27
35	0.24	-9.61	0.02
36	-3.67	-17.59	0.00
37	-1.50	-18.39	0.00
38	3.62	-16.24	0.62
39	-0.06	-9.49	0.14
40	1.93	-12.90	0.00
41	1.69	-11.04	0.00
42	5.12	-12.39	0.00
43	7.53	-12.23	0.00
44	9.99	-7.58	0.18
45	11.19	-0.58	0.11
46	11.90	0.65	1.95
47	11.81	1.03	0.08
48	10.23	-2.85	0.00
49	9.93	-8.82	0.00
50	14.50	-4.13	0.00
51	18.22	-4.71	0.00
52	19.42	-2.21	0.00
53	15.45	-2.23	0.00
54	9.66	-10.17	0.00
55	7.91	-11.99	0.00
56	10.24	-11.08	0.00
57	11.28	-10.27	0.00
58	12.14	-6.82	0.00
59	14.07	-8.40	0.00
60	12.14	-1.50	0.43
61	7.67	-5.17	0.39
62	6.16	-7.80	0.00
63	5.68	-9.75	0.00
64	6.25	-12.95	0.00
65	8.69	-14.49	0.00
66	8.32	-9.16	0.00
67	12.69	-8.97	0.00
68	12.31	-7.41	0.09
69	13.72	-1.13	0.07
70	12.13	0.86	0.22
71	9.75	-6.08	0.00
72	13.95	-10.19	0.00
73	10.26	-0.37	0.24
74	7.93	-5.98	0.00
75	3.93	-8.21	0.28
76	1.42	-7.31	1.02
77	2.50	-12.54	0.05
78	4.22	-9.21	0.01
79	5.30	-11.35	0.00
80	7.42	-9.99	0.00
81	7.48	-11.09	0.00
82	10.66	-10.45	0.00
83	14.22	-9.34	0.00
84	13.38	-3.75	0.15
85	11.03	-1.32	0.00
86	13.41	-4.31	0.00
87	7.17	-3.16	0.10
88	2.97	-8.85	0.20
89	6.65	-7.24	0.13
90	5.44	-5.13	1.19
91	3.91	-9.09	0.24
92	7.63	-7.15	0.00
93	9.51	-1.07	0.00
94	6.60	-4.64	0.00
95	9.08	-9.12	0.03
96	5.36	-5.77	0.00
97	5.32	-11.58	0.00
98	8.00	-8.54	0.00
99	11.82	-8.90	0.00
100	15.27	-5.66	1.45
101	12.19	2.04	1.29
102	12.40	-0.55	0.00
103	13.71	-3.75	0.00
104	12.70	-0.72	0.00
105	10.50	-3.30	0.00
106	10.97	-7.76	0.00
107	15.64	-8.16	0.00
108	15.46	-5.66	0.00
109	12.36	-6.10	0.00
110	9.68	-6.02	0.00
111	13.39	-11.49	0.00
112	17.77	-9.30	0.00
113	19.41	-6.71	0.00
114	17.97	-1.79	0.00
115	18.18	-3.61	0.02
116	17.11	3.96	0.00
117	19.44	-4.05	0.00
118	20.44	-2.37	0.00
119	17.22	-6.09	0.00
120	20.65	-5.40	0.00
121	22.37	-1.73	0.00
122	22.71	0.99	0.00
123	22.90	-0.77	0.00
124	19.50	1.48	0.00
125	17.40	-5.28	0.00
126	20.62	-4.84	0.00
127	21.31	0.09	0.00
128	18.59	-2.70	0.00
129	7.91	-2.57	0.17
130	9.83	-4.66	0.36
131	11.07	-6.28	0.51
132	16.73	-3.25	0.00
133	20.01	-1.79	0.00
134	17.71	3.11	0.06
135	17.52	2.35	0.00
136	21.51	-1.47	0.00
137	21.00	2.51	0.06
138	16.73	1.51	0.06
139	17.30	-3.58	0.00
140	22.00	-2.48	0.00
141	24.32	3.62	0.00
142	24.21	4.10	0.06
143	24.29	3.64	0.00
144	24.00	6.25	0.00
145	26.90	2.74	0.00
146	27.01	10.08	0.00
147	23.37	10.64	0.00
148	19.26	-4.52	0.00
149	17.24	-0.92	0.00
150	19.49	-2.69	0.00
151	20.64	-1.52	0.00
152	20.40	-2.16	0.00
153	20.06	-1.13	0.00
154	20.23	-3.51	0.00
155	17.89	1.49	0.04
156	15.23	-1.93	0.00
157	17.74	-3.53	0.00
158	20.17	-2.04	0.00
159	19.35	0.33	0.00
160	23.49	-1.48	0.00
161	26.99	1.46	0.00
162	26.19	5.81	0.00
163	21.66	7.36	0.00
164	20.59	1.21	0.00
165	23.00	5.92	0.00
166	26.06	4.64	0.00
167	29.28	6.06	0.00
168	27.93	8.78	0.10
169	26.65	6.51	0.31
170	25.48	5.94	0.08
171	26.54	6.44	0.21
172	25.65	6.92	0.16
173	25.53	4.92	0.28
174	25.63	4.53	0.03
175	24.07	9.14	0.03
176	25.06	2.57	0.00
177	27.31	5.19	0.00
178	26.82	6.08	0.00
179	21.03	11.11	0.85
180	14.34	4.34	1.29
181	14.07	4.17	1.00
182	19.30	4.75	0.05
183	23.59	4.60	0.00
184	21.66	4.06	0.00
185	20.28	8.01	0.00
186	21.23	3.05	0.00
187	25.54	3.33	0.46
188	24.94	11.03	0.00
189	23.77	5.20	0.00
190	26.52	3.93	0.00
191	28.51	5.49	0.00
192	29.75	7.43	0.00
193	31.15	8.47	0.00
194	27.91	9.59	0.00
195	28.33	7.93	0.00
196	27.52	5.78	0.00
197	26.64	5.89	0.00
198	27.08	4.87	0.00
199	30.12	7.74	0.00
200	30.70	7.62	0.00
201	30.88	7.45	0.00
202	31.22	8.21	0.00
203	30.06	8.70	0.00
204	30.91	12.77	0.05
205	29.28	13.41	0.03
206	30.57	9.77	0.72
207	28.98	9.12	0.30
208	28.33	12.57	0.01
209	29.08	8.67	0.15
210	31.37	10.19	0.12
211	33.28	9.08	0.00
212	32.57	5.88	0.00
213	28.61	11.80	0.00
214	28.02	2.14	0.00
215	27.73	5.01	0.00
216	28.39	5.15	0.00
217	28.84	5.97	0.00
218	29.21	6.40	0.00
219	30.99	13.16	0.07
220	27.93	7.96	0.02
221	29.39	7.81	0.00
222	29.33	3.53	0.00
223	27.80	6.67	0.00
224	28.43	4.27	0.00
225	29.39	5.99	0.00
226	28.48	5.01	0.00
227	28.19	4.63	0.00
228	29.00	6.18	0.00
229	30.76	6.03	0.00
230	30.62	9.09	0.00
231	28.49	6.37	0.24
232	30.34	7.47	0.00
233	32.26	10.19	0.00
234	32.25	10.10	0.00
235	26.00	15.21	0.00
236	28.02	8.23	0.00
237	30.97	7.55	0.00
238	30.62	9.40	0.00
239	28.96	5.47	0.01
240	25.38	10.01	0.07
241	24.76	7.93	0.00
242	25.58	3.49	0.00
243	26.44	3.77	0.00
244	29.03	2.94	0.00
245	30.37	5.20	0.00
246	28.55	5.43	0.00
247	26.28	3.06	0.00
248	28.07	3.25	0.00
249	27.87	7.08	0.00
250	28.33	4.41	0.00
251	29.65	4.16	0.00
252	29.75	4.13	0.00
253	28.27	4.35	0.00
254	19.66	-3.78	0.00
255	21.19	-1.23	0.00
256	18.34	5.68	0.00
257	17.08	-1.95	0.16
258	13.36	-0.81	0.87
259	12.78	1.42	0.30
260	15.72	0.44	0.05
261	18.42	0.98	0.00
262	18.23	3.56	0.00
263	19.38	-1.97	0.00
264	22.64	-1.83	0.00
265	25.87	-0.41	0.00
266	25.68	0.24	1.71
267	19.77	7.28	0.88
268	17.36	9.36	0.09
269	17.80	6.63	0.29
270	12.55	0.48	0.08
271	14.36	-4.40	2.35
272	10.96	-4.30	1.04
273	9.05	-3.93	0.00
274	13.93	-5.47	0.00
275	17.16	-4.11	0.00
276	18.26	-2.18	0.00
277	17.02	-2.47	0.00
278	14.09	-5.58	0.00
279	19.32	-5.05	0.04
280	17.00	-2.81	0.00
281	11.19	-7.59	0.00
282	12.81	-6.97	0.00
283	13.41	-6.27	0.00
284	16.52	-7.78	0.00
285	16.52	-5.86	0.00
286	17.50	-4.22	0.00
287	19.02	-3.01	0.00
288	19.55	-3.21	0.00
289	20.03	-4.06	0.00
290	18.90	-3.89	0.00
291	15.08	-7.91	0.00
292	9.47	-3.17	0.00
293	12.77	-3.67	0.00
294	15.05	-3.18	0.01
295	18.06	4.25	0.00
296	18.13	3.94	0.00
297	12.77	1.06	3.29
298	13.98	2.46	2.91
299	10.40	1.16	0.35
300	7.82	-7.37	0.00
301	9.71	-7.79	0.00
302	14.14	-0.21	0.64
303	12.16	1.33	0.70
304	10.13	-0.80	0.20
305	10.10	-7.80	0.00
306	7.09	-8.44	0.00
307	10.62	-9.29	0.00
308	12.17	-9.47	0.00
309	13.81	-7.66	0.00
310	15.68	-8.05	0.00
311	10.69	-6.33	0.00
312	6.69	-7.52	0.73
313	5.11	-8.46	0.48
314	1.89	-7.06	0.22
315	4.91	-7.84	0.00
316	3.69	-10.27	0.00
317	3.72	-11.78	0.00
318	4.76	-12.45	0.00
319	6.86	-10.07	0.00
320	11.19	-11.91	0.00
321	10.33	-3.02	0.08
322	8.19	-0.86	2.19
323	6.79	-5.13	0.14
324	5.34	-8.20	0.00
325	5.40	-12.99	0.06
326	0.72	-8.19	0.96
327	-1.95	-5.77	0.67
328	0.90	-5.56	0.00
329	1.13	-4.59	0.00
330	-1.03	-6.85	0.00
331	6.49	-9.45	0.00
332	5.51	-6.75	0.42
333	5.34	-0.61	2.79
334	3.28	-3.87	0.94
335	1.54	-5.70	0.00
336	1.25	-8.94	0.00
337	7.20	-8.56	0.00
338	9.85	-8.15	0.00
339	8.97	-10.34	0.00
340	9.79	-7.54	0.00
341	2.21	-10.21	0.02
342	-0.61	-9.95	0.00
343	1.15	-13.36	0.00
344	4.79	-11.46	0.00
345	5.77	-11.65	0.00
346	8.31	-11.76	0.12
347	5.49	-7.75	0.00
348	2.15	-12.32	0.00
349	10.46	-6.04	0.00
350	14.99	-0.61	0.08
351	10.04	1.23	0.00
352	6.62	-12.00	0.00
353	7.26	-12.84	0.00
354	9.80	-10.01	0.01
355	9.34	1.32	0.97
356	5.04	-2.53	2.38
357	1.16	-7.22	0.21
358	-2.10	-10.07	0.43
359	-1.19	-15.06	0.00
360	0.20	-8.64	0.00
361	-2.40	-8.28	0.00
362	-1.91	-12.88	0.12
363	-2.30	-12.79	0.00
364	-2.47	-16.01	0.01
365	-0.82	-15.55	0.00
