# weather for site 002_-119.415_39.046 year =  1950
# DOY Tmax(C) Tmin(C) PPT(cm)
1	10.06	-11.61	0.28
2	4.72	-12.31	0.02
3	-4.03	-24.53	0.00
4	-3.48	-21.72	0.00
5	-2.43	-21.66	0.00
6	0.69	-22.23	0.00
7	3.45	-20.81	0.11
8	2.17	-13.35	0.34
9	-0.74	-14.54	0.00
10	2.00	-13.04	1.24
11	1.16	-12.57	0.65
12	-1.80	-21.08	0.00
13	-0.15	-22.32	0.96
14	-0.38	-14.42	0.38
15	-1.84	-26.04	0.49
16	4.42	-13.01	2.36
17	10.71	0.75	0.21
18	12.59	1.00	0.00
19	11.99	-5.94	0.00
20	13.62	-7.21	0.00
21	15.73	-1.02	0.16
22	13.87	2.31	1.33
23	9.05	-1.19	1.16
24	2.70	-9.89	0.01
25	-3.76	-19.33	0.00
26	-0.57	-20.03	0.00
27	8.03	-13.94	1.89
28	3.80	-9.47	0.15
29	2.64	-16.71	0.01
30	-0.78	-12.96	0.10
31	-1.22	-18.41	0.00
32	-3.13	-19.06	0.00
33	-3.29	-23.33	0.00
34	-0.44	-19.16	0.30
35	9.09	-11.62	0.28
36	9.94	-5.08	0.94
37	8.75	-2.02	0.26
38	5.92	-10.65	0.00
39	7.89	-15.36	0.00
40	6.51	-15.44	0.00
41	8.27	-6.86	0.01
42	6.73	-8.95	0.00
43	7.43	-14.45	0.00
44	8.72	-11.67	0.00
45	12.35	-8.88	0.00
46	15.05	-9.76	0.00
47	15.30	-7.71	0.00
48	12.67	-11.89	0.00
49	14.38	-11.98	0.00
50	14.74	-8.50	0.00
51	11.58	-7.06	0.00
52	9.56	-12.60	0.00
53	10.87	-12.04	0.00
54	14.62	-9.16	0.00
55	15.19	-7.16	0.00
56	17.00	-9.30	0.00
57	18.81	-7.77	0.00
58	16.45	-6.76	0.00
59	15.03	-11.60	0.00
60	13.83	-11.48	0.00
61	15.06	-9.36	0.00
62	15.27	-9.07	0.00
63	19.17	-7.84	0.07
64	15.79	-0.99	0.11
65	5.64	-11.76	0.00
66	7.69	-15.56	0.00
67	9.14	-8.82	0.00
68	7.90	-10.13	0.00
69	8.58	-11.42	0.10
70	4.61	-10.24	0.23
71	1.21	-20.07	0.00
72	8.14	-15.19	0.00
73	10.86	-7.33	0.09
74	9.96	-11.54	0.00
75	13.04	-10.97	0.17
76	11.34	-1.36	0.10
77	10.06	-7.95	0.05
78	11.29	-3.12	0.35
79	11.45	-10.24	0.00
80	13.53	-6.75	0.39
81	11.79	-3.67	0.21
82	10.20	-12.65	1.76
83	8.44	-4.12	0.93
84	3.84	-9.99	0.00
85	5.78	-6.76	0.00
86	8.24	-8.13	0.00
87	9.73	-12.35	0.00
88	12.60	-12.16	0.00
89	17.40	-4.69	0.00
90	20.06	-5.38	0.00
91	19.94	-5.64	0.00
92	19.27	-0.96	0.00
93	15.74	-3.09	0.00
94	14.74	-9.75	0.00
95	15.03	-6.84	0.00
96	13.31	1.31	0.04
97	10.59	-2.20	2.08
98	5.14	-8.41	1.04
99	5.43	-9.05	0.73
100	9.16	-9.39	0.00
101	13.68	-9.56	0.00
102	16.94	-6.71	0.01
103	13.70	-0.78	0.02
104	8.48	-7.31	0.00
105	12.30	-8.89	0.00
106	19.80	-6.04	0.00
107	22.11	-2.29	0.00
108	19.55	-4.44	0.00
109	21.11	-5.73	0.00
110	25.15	-2.34	0.00
111	24.43	-1.85	0.00
112	21.90	0.43	0.00
113	18.83	-4.72	0.00
114	16.36	-6.11	0.00
115	17.89	-7.02	0.00
116	20.80	-3.80	0.00
117	19.20	5.82	0.00
118	13.68	-3.70	0.00
119	11.82	-10.35	0.00
120	16.88	-6.95	0.01
121	14.79	-0.53	0.20
122	8.24	-4.60	0.20
123	5.34	-8.82	0.04
124	7.43	-6.42	0.00
125	12.01	-5.99	0.00
126	9.86	-5.78	0.14
127	5.85	-10.38	0.04
128	8.87	-9.61	0.00
129	13.97	-9.81	0.00
130	17.50	-7.58	0.00
131	20.64	1.44	0.00
132	21.42	-2.50	0.00
133	22.57	0.96	0.00
134	23.47	0.61	0.00
135	24.13	-0.64	0.00
136	23.90	-1.26	0.00
137	22.76	0.59	0.00
138	19.16	-4.18	0.00
139	20.71	-6.61	0.00
140	23.66	-4.32	0.00
141	26.14	-0.04	0.00
142	25.76	1.03	0.00
143	26.21	0.64	0.00
144	24.64	2.56	0.00
145	23.51	-1.00	0.00
146	24.35	-3.02	0.00
147	26.10	2.16	0.00
148	23.81	1.12	0.00
149	25.58	-0.72	0.00
150	28.26	2.44	0.00
151	28.52	5.59	0.00
152	28.47	2.95	0.00
153	27.75	7.05	0.00
154	23.28	-0.75	0.00
155	26.02	0.06	0.00
156	27.83	4.58	0.00
157	25.76	5.72	0.13
158	13.21	-2.10	0.01
159	16.04	-6.49	0.00
160	20.38	-2.46	0.00
161	20.55	2.14	0.00
162	19.78	2.25	0.00
163	17.54	-3.56	0.00
164	17.21	1.53	0.10
165	20.47	0.35	1.16
166	20.81	2.67	0.18
167	20.76	3.97	0.08
168	20.33	1.68	0.00
169	24.08	1.68	0.00
170	26.64	5.11	0.00
171	29.22	5.50	0.00
172	27.75	7.49	0.00
173	26.99	4.88	0.00
174	25.81	6.90	0.00
175	19.60	4.07	0.00
176	22.05	-1.92	0.00
177	25.46	0.48	0.00
178	27.01	2.15	0.00
179	30.35	5.04	0.00
180	33.17	5.97	0.00
181	34.76	9.40	0.00
182	34.19	10.94	0.00
183	32.48	9.12	0.00
184	32.64	10.46	0.00
185	32.01	9.12	0.00
186	31.55	6.34	0.00
187	30.41	8.07	0.00
188	29.74	7.42	0.00
189	29.26	6.80	0.19
190	27.17	8.40	0.03
191	24.67	11.17	0.40
192	23.91	7.03	0.00
193	28.98	4.19	0.00
194	31.58	5.72	0.00
195	31.72	9.25	0.00
196	29.96	6.91	0.00
197	30.61	8.52	0.00
198	30.05	6.62	0.00
199	29.27	5.37	0.00
200	28.31	3.84	0.00
201	28.36	2.28	0.00
202	30.82	6.01	0.00
203	31.00	7.38	0.00
204	30.88	5.50	0.00
205	31.82	5.93	0.00
206	32.55	8.91	0.01
207	30.60	7.66	0.04
208	28.79	9.60	0.00
209	26.91	10.20	0.00
210	24.75	1.54	0.00
211	25.37	0.89	0.00
212	26.72	2.02	0.00
213	30.07	5.22	0.00
214	29.71	9.44	0.13
215	27.08	7.10	0.00
216	25.83	6.46	0.00
217	22.78	-0.54	0.00
218	23.85	0.48	0.00
219	26.02	3.14	0.00
220	26.55	4.06	0.00
221	25.70	0.52	0.00
222	26.31	3.02	0.00
223	26.27	3.27	0.00
224	27.03	2.56	0.00
225	27.67	3.11	0.00
226	28.24	2.35	0.00
227	29.40	3.51	0.00
228	31.12	5.12	0.00
229	32.66	5.97	0.00
230	33.27	5.99	0.00
231	33.45	4.93	0.00
232	33.26	6.98	0.00
233	32.71	6.66	0.00
234	31.31	5.15	0.00
235	28.46	2.14	0.00
236	28.14	3.39	0.00
237	28.34	3.94	0.00
238	30.51	5.61	0.00
239	31.93	6.62	0.00
240	32.36	5.23	0.00
241	33.70	5.59	0.00
242	33.58	7.75	0.00
243	32.29	7.04	0.00
244	33.46	7.05	0.00
245	34.26	6.47	0.00
246	32.91	9.22	0.00
247	30.41	5.87	0.00
248	29.29	6.02	0.01
249	28.18	6.86	0.03
250	24.04	9.17	0.69
251	19.55	4.31	0.05
252	22.94	2.89	0.22
253	21.71	1.80	0.42
254	20.19	2.35	0.06
255	21.99	0.98	0.01
256	23.90	1.18	0.00
257	23.36	1.57	0.00
258	20.79	-0.97	0.00
259	20.05	0.02	0.16
260	16.50	0.14	0.24
261	14.90	3.58	0.74
262	14.53	-1.04	0.00
263	18.10	-2.03	0.00
264	20.63	-1.80	0.00
265	22.53	1.54	0.00
266	23.65	-0.38	0.00
267	24.75	0.22	0.00
268	24.48	2.58	0.00
269	22.66	2.85	0.00
270	22.28	0.25	0.00
271	20.75	-3.05	0.00
272	19.77	1.62	0.00
273	13.71	-9.65	0.00
274	12.52	-10.11	0.00
275	16.78	-9.21	0.00
276	22.80	-6.38	0.00
277	23.85	1.09	0.00
278	20.46	3.04	0.00
279	17.34	-3.03	0.00
280	20.14	-4.41	0.00
281	24.17	-2.86	0.00
282	22.19	-1.68	0.00
283	22.97	-2.80	0.00
284	25.70	-2.61	0.00
285	26.48	-1.13	0.00
286	26.34	-0.56	0.00
287	24.42	1.81	0.00
288	21.31	2.06	0.00
289	21.18	-0.94	0.00
290	19.93	-2.29	0.00
291	19.33	-3.52	0.00
292	22.19	-5.57	0.00
293	23.38	-1.32	0.00
294	20.98	-5.82	0.00
295	20.26	-5.55	0.13
296	16.16	-0.93	0.09
297	13.97	0.49	0.02
298	13.39	-0.70	1.12
299	13.49	-0.38	1.67
300	13.24	-1.43	2.66
301	14.41	3.50	0.00
302	17.54	3.22	1.24
303	16.39	2.78	0.07
304	13.05	-4.28	0.07
305	15.66	-1.52	0.00
306	16.81	-2.48	0.00
307	15.34	-2.98	0.00
308	17.96	-4.89	0.00
309	18.12	-4.50	0.00
310	18.47	-6.00	0.00
311	18.89	-5.19	0.00
312	17.71	-4.77	0.00
313	12.03	-3.50	0.00
314	5.51	-15.52	0.00
315	11.86	-13.85	0.00
316	10.52	-6.24	0.00
317	10.45	-5.95	0.01
318	5.88	-3.78	0.05
319	7.17	-8.85	0.05
320	9.14	-4.38	0.75
321	12.43	0.94	3.04
322	10.07	2.04	9.31
323	13.94	2.56	2.02
324	14.42	2.66	1.86
325	13.64	5.76	0.00
326	12.46	-1.82	0.00
327	10.47	-7.28	0.00
328	13.44	-6.73	0.00
329	12.21	-5.69	0.00
330	13.85	-7.05	0.00
331	13.70	-6.87	0.00
332	11.77	-7.93	0.00
333	10.10	-9.27	0.15
334	12.14	-3.92	0.03
335	7.66	-4.01	0.00
336	2.10	-12.74	3.01
337	6.40	-6.56	5.11
338	8.71	0.58	0.34
339	5.51	-6.93	0.07
340	4.77	-3.74	1.32
341	11.30	0.45	1.16
342	11.27	1.04	0.98
343	9.61	-3.80	0.02
344	8.07	-7.04	0.00
345	12.15	-5.35	0.01
346	10.14	-6.69	0.00
347	5.40	-8.49	0.51
348	8.54	-2.32	0.10
349	10.85	-4.25	0.00
350	9.77	-8.61	0.00
351	7.61	-8.22	0.00
352	3.99	-8.29	0.00
353	8.54	-7.98	0.00
354	9.36	-9.59	0.00
355	8.60	-10.44	0.00
356	8.65	-10.83	0.00
357	8.15	-11.07	0.00
358	8.85	-11.81	0.00
359	7.81	-9.96	0.00
360	8.55	-11.50	0.00
361	6.16	-11.44	0.00
362	7.63	-9.69	0.00
363	10.37	-6.30	0.00
364	6.47	-8.78	0.32
365	0.59	-10.83	0.06
