# weather for site 002_-119.415_39.046 year =  1954
# DOY Tmax(C) Tmin(C) PPT(cm)
1	8.67	-11.57	0.00
2	7.10	-12.88	0.00
3	9.75	-11.36	0.00
4	9.36	-7.69	0.00
5	11.12	-12.80	0.00
6	13.65	-11.24	0.00
7	10.69	-5.29	0.00
8	3.15	-16.61	0.00
9	3.83	-17.93	0.00
10	3.39	-14.77	0.00
11	2.62	-11.37	0.08
12	0.32	-9.17	0.20
13	-0.77	-16.14	0.00
14	3.71	-12.58	0.00
15	8.38	-4.91	0.00
16	10.62	-0.90	0.20
17	7.79	-3.25	0.02
18	7.28	-5.32	0.00
19	3.48	-8.58	0.00
20	2.75	-13.15	0.00
21	6.27	-14.92	0.00
22	10.87	-11.15	1.30
23	9.59	-1.71	1.40
24	5.24	-4.08	3.38
25	-0.65	-8.82	0.39
26	-0.84	-18.17	0.00
27	5.61	-13.34	0.00
28	6.54	-3.20	0.00
29	9.68	-7.05	0.00
30	10.41	-7.90	0.00
31	8.90	-9.15	0.00
32	9.39	-8.96	0.00
33	9.94	-9.64	0.00
34	9.96	-11.81	0.00
35	11.05	-12.24	0.00
36	11.31	-12.36	0.00
37	11.48	-11.62	0.00
38	12.25	-11.74	0.00
39	12.43	-12.74	0.00
40	14.24	-11.99	0.00
41	15.54	-8.83	0.00
42	14.70	-1.40	0.00
43	11.34	0.98	1.53
44	6.27	-2.30	3.96
45	2.71	-5.80	0.06
46	2.60	-11.52	0.00
47	5.99	-9.14	0.00
48	8.52	-6.14	1.29
49	3.50	-8.96	0.96
50	4.34	-12.34	0.00
51	8.58	-10.94	0.00
52	13.80	-7.49	0.00
53	12.96	-8.71	0.00
54	13.60	-9.09	0.00
55	15.77	-9.35	0.00
56	16.18	-7.91	0.00
57	16.28	-4.65	0.00
58	10.90	-11.63	0.00
59	11.71	-11.61	0.00
60	11.53	-11.20	0.00
61	9.06	-12.66	0.00
62	11.78	-10.19	0.00
63	14.01	-9.44	0.00
64	14.16	-11.26	0.00
65	15.85	-5.83	0.00
66	14.63	-8.89	0.39
67	15.17	-0.18	0.41
68	13.15	3.69	0.58
69	9.50	-4.91	0.41
70	-1.27	-10.60	0.00
71	-0.51	-17.17	0.00
72	1.52	-16.05	0.00
73	6.08	-15.75	0.00
74	10.90	-11.13	0.03
75	8.26	-6.64	0.01
76	3.54	-8.34	0.00
77	3.77	-14.82	0.00
78	3.83	-9.06	0.17
79	4.49	-11.03	0.42
80	4.20	-9.76	0.84
81	5.72	-6.85	0.74
82	2.30	-5.00	2.91
83	0.97	-5.92	0.00
84	2.74	-11.78	0.00
85	7.02	-9.45	0.00
86	13.36	-6.59	0.00
87	14.43	-8.03	0.00
88	10.57	-6.23	0.39
89	4.72	-3.82	0.16
90	8.26	-10.18	0.00
91	12.61	-11.06	0.00
92	16.38	-8.27	0.00
93	16.91	-4.64	0.00
94	16.23	-4.91	0.00
95	15.16	-0.39	0.00
96	12.28	-1.76	0.00
97	12.15	-8.27	0.00
98	14.99	-1.90	0.00
99	13.33	-5.30	0.00
100	13.38	-7.93	0.00
101	15.24	-8.03	0.00
102	19.40	-6.25	0.00
103	20.19	-1.62	0.00
104	18.64	-2.99	0.00
105	19.78	-4.38	0.00
106	22.82	-4.47	0.00
107	24.77	-1.86	0.00
108	24.49	-0.30	0.00
109	22.53	-3.54	0.00
110	21.29	-3.21	0.00
111	21.68	-2.99	0.00
112	23.24	-3.42	0.00
113	23.54	0.77	0.01
114	21.39	1.61	0.52
115	19.24	-2.46	0.32
116	20.45	-2.20	0.00
117	17.55	6.14	0.38
118	12.14	1.13	0.00
119	14.30	-2.94	0.04
120	12.06	-2.62	0.31
121	6.33	-10.97	0.00
122	14.02	-8.53	0.00
123	20.03	-1.62	0.00
124	22.51	-0.24	0.00
125	24.58	0.43	0.00
126	25.70	0.16	0.00
127	27.38	1.04	0.00
128	27.33	5.97	0.00
129	22.57	5.63	0.61
130	19.14	-1.22	0.00
131	22.89	-0.18	0.00
132	24.04	-1.06	0.00
133	24.34	-0.61	0.00
134	25.20	0.68	0.00
135	25.24	2.89	0.00
136	26.70	3.10	0.00
137	28.29	5.10	0.00
138	30.07	6.65	0.00
139	30.48	8.21	0.00
140	27.27	8.11	0.00
141	21.34	3.08	0.00
142	18.04	-2.85	0.00
143	23.51	-3.04	0.00
144	24.01	5.77	0.00
145	21.57	3.05	0.00
146	20.44	-2.98	0.00
147	19.00	-2.17	0.00
148	21.45	-3.10	0.00
149	21.05	6.88	0.00
150	18.68	1.91	0.00
151	20.84	-0.53	0.00
152	18.98	-0.25	0.00
153	22.87	-2.72	0.00
154	24.51	5.77	0.00
155	19.76	7.27	0.00
156	11.87	-0.62	0.01
157	14.19	-7.45	0.00
158	18.43	-3.65	0.01
159	16.61	2.14	0.76
160	10.72	-0.45	0.34
161	12.61	-2.08	0.00
162	20.74	-2.09	0.00
163	19.20	1.39	0.11
164	18.26	-1.54	0.00
165	20.94	4.62	0.00
166	22.08	5.47	0.00
167	22.03	4.74	0.00
168	20.67	0.55	0.00
169	23.24	-1.55	0.00
170	25.65	1.28	0.00
171	27.75	4.24	0.00
172	31.70	5.53	0.00
173	33.70	9.27	0.00
174	32.12	9.82	0.00
175	31.39	7.46	0.00
176	30.75	4.19	0.00
177	27.36	8.19	0.00
178	24.36	1.88	0.00
179	23.66	1.01	0.00
180	27.25	2.07	0.00
181	27.15	12.57	0.00
182	25.97	1.09	0.00
183	27.76	3.56	0.00
184	30.74	4.62	0.00
185	29.48	8.69	0.00
186	29.49	4.03	0.00
187	28.59	4.81	0.00
188	28.89	9.30	0.00
189	28.00	3.95	0.00
190	28.65	7.06	0.00
191	29.50	5.31	0.00
192	30.96	5.81	0.00
193	32.79	5.67	0.00
194	32.59	8.41	0.00
195	30.07	14.60	0.00
196	29.55	13.01	0.06
197	30.42	8.50	0.00
198	30.92	9.51	0.00
199	30.10	8.64	0.00
200	29.03	8.65	0.00
201	28.28	3.96	0.00
202	25.95	4.58	0.00
203	25.74	2.45	0.00
204	28.55	2.58	0.00
205	30.74	8.04	0.20
206	28.61	10.11	0.06
207	27.36	6.14	0.15
208	29.00	6.04	0.00
209	31.04	7.46	0.00
210	30.02	6.61	0.00
211	30.15	5.30	0.00
212	32.30	6.78	0.00
213	33.28	6.54	0.00
214	34.00	8.45	0.00
215	29.94	5.67	0.00
216	28.10	3.40	0.00
217	24.42	-0.55	0.00
218	24.81	0.30	0.00
219	27.87	1.27	0.00
220	29.99	3.63	0.00
221	30.24	3.32	0.00
222	29.05	3.60	0.00
223	27.68	5.73	0.00
224	27.16	3.66	0.00
225	25.53	2.50	0.00
226	23.87	4.43	0.00
227	22.73	-0.47	0.00
228	22.48	-1.59	0.00
229	23.76	-1.48	0.00
230	26.64	-1.06	0.00
231	26.49	3.84	0.00
232	23.74	2.42	0.00
233	22.59	-0.62	0.00
234	24.95	-0.25	0.00
235	27.57	4.12	0.00
236	25.35	6.86	0.00
237	21.04	7.58	0.00
238	19.29	0.95	0.00
239	21.93	-1.62	0.00
240	24.47	0.77	0.00
241	28.02	5.90	0.00
242	29.18	7.49	0.00
243	27.77	2.60	0.00
244	30.51	3.42	0.00
245	29.34	3.14	0.00
246	26.73	6.49	0.00
247	25.65	0.17	0.00
248	23.88	-1.59	0.00
249	26.25	-1.37	0.00
250	23.76	5.00	0.00
251	23.58	-2.23	0.00
252	27.07	-1.25	0.00
253	26.78	3.77	0.00
254	23.49	1.81	0.00
255	21.73	-1.16	0.00
256	23.91	-3.22	0.00
257	24.78	-1.92	0.00
258	20.17	-1.45	0.00
259	21.17	-5.08	0.00
260	19.62	-3.22	0.00
261	20.33	-5.30	0.00
262	23.10	-5.55	0.00
263	25.06	-4.82	0.00
264	28.11	-4.15	0.00
265	24.31	4.94	0.00
266	19.97	-3.47	0.00
267	21.06	-3.28	0.00
268	24.02	-1.82	0.00
269	25.93	-1.74	0.00
270	27.59	-0.45	0.00
271	26.07	6.29	0.00
272	18.62	-5.56	0.00
273	17.19	-8.47	0.00
274	20.68	-7.11	0.00
275	20.18	-5.59	0.00
276	20.93	-5.57	0.00
277	20.57	-3.85	0.00
278	22.96	-5.68	0.00
279	23.26	-3.57	0.00
280	22.16	-0.05	0.00
281	18.79	-1.52	0.00
282	18.94	-3.81	0.00
283	21.54	-3.95	0.00
284	24.39	-4.07	0.00
285	23.16	-1.72	0.00
286	22.46	0.00	0.00
287	17.47	-5.14	0.00
288	20.70	-6.00	0.00
289	22.53	-3.36	0.00
290	20.48	-2.54	0.00
291	22.01	-6.56	0.00
292	21.26	1.00	0.00
293	19.24	-5.45	0.00
294	21.39	-6.37	0.00
295	23.63	-4.21	0.00
296	17.27	-2.50	0.00
297	6.22	-12.17	0.04
298	9.05	-10.67	0.00
299	8.23	-13.09	0.00
300	9.40	-13.85	0.00
301	9.53	-13.10	0.00
302	14.48	-11.26	0.00
303	13.96	-11.99	0.00
304	14.75	-11.61	0.00
305	16.60	-9.41	0.00
306	16.37	-9.17	0.00
307	16.66	-7.68	0.00
308	15.87	-9.60	0.00
309	16.95	-10.83	0.00
310	16.84	-10.89	0.00
311	16.65	-7.52	0.00
312	15.00	-6.70	0.00
313	15.20	-2.18	0.00
314	15.23	-7.31	0.00
315	11.90	-2.07	0.14
316	11.58	-1.47	0.13
317	10.90	-12.10	0.00
318	14.52	-12.05	0.78
319	7.86	-3.38	3.43
320	6.64	-3.25	1.21
321	9.15	-9.07	0.00
322	11.02	-10.62	0.00
323	12.41	-10.52	0.00
324	10.84	-9.71	0.00
325	11.69	-9.69	0.00
326	14.82	-9.94	0.00
327	15.17	-8.71	0.00
328	15.67	-8.96	0.00
329	15.69	-10.07	0.00
330	14.11	-9.65	0.00
331	12.68	-9.96	0.00
332	7.33	-10.24	0.00
333	1.37	-6.97	0.00
334	-0.65	-18.15	0.00
335	2.04	-16.55	0.70
336	5.80	-10.80	0.99
337	3.18	-6.98	0.95
338	7.34	-4.78	0.00
339	8.00	-12.37	0.26
340	7.71	-5.74	0.23
341	5.91	-5.05	0.00
342	4.52	-14.29	0.00
343	4.95	-12.91	0.28
344	3.47	-7.01	0.57
345	1.56	-13.36	0.00
346	0.15	-13.90	0.00
347	8.34	-11.18	0.00
348	6.91	-12.24	0.00
349	7.80	-9.32	0.00
350	6.13	-12.24	0.00
351	2.23	-15.02	0.00
352	2.86	-15.59	0.00
353	3.05	-16.33	0.00
354	4.08	-17.25	0.00
355	4.57	-17.80	0.00
356	4.66	-16.14	0.00
357	6.51	-14.89	0.00
358	11.32	-12.62	0.00
359	4.20	-15.34	0.00
360	0.56	-17.92	0.00
361	-2.58	-22.43	0.00
362	-3.92	-18.39	0.00
363	2.11	-14.98	0.00
364	1.55	-10.99	0.74
365	7.02	-1.95	1.05
