# weather for site 002_-119.415_39.046 year =  1985
# DOY Tmax(C) Tmin(C) PPT(cm)
1	2.12	-18.51	0.00
2	2.23	-16.40	0.00
3	2.70	-17.42	0.00
4	3.28	-18.43	0.00
5	2.32	-13.33	0.00
6	-0.11	-7.08	0.34
7	-0.80	-6.62	0.24
8	1.67	-9.83	0.23
9	0.89	-10.08	0.00
10	2.83	-5.78	0.00
11	0.45	-10.41	0.00
12	-0.63	-12.80	0.00
13	0.21	-18.08	0.00
14	0.49	-16.70	0.00
15	1.50	-14.63	0.00
16	2.51	-15.70	0.00
17	5.21	-14.73	0.00
18	9.34	-14.31	0.00
19	9.61	-12.30	0.00
20	9.57	-12.91	0.00
21	6.16	-12.75	0.00
22	2.67	-14.92	0.00
23	0.87	-12.03	0.00
24	1.11	-17.29	0.00
25	1.63	-15.62	0.05
26	-0.66	-8.75	0.08
27	1.55	-13.08	0.00
28	-0.08	-10.32	0.50
29	-0.42	-15.64	0.06
30	-1.80	-11.53	0.00
31	-1.84	-17.83	0.00
32	-3.00	-18.19	0.01
33	-2.56	-12.14	0.01
34	-1.56	-15.64	0.02
35	-3.94	-14.30	0.32
36	-1.96	-18.83	0.02
37	3.65	-16.78	0.00
38	5.62	-9.41	0.06
39	5.16	-4.40	0.99
40	3.47	-12.35	0.00
41	3.31	-15.71	0.00
42	7.45	-11.19	0.00
43	11.34	-8.55	0.00
44	11.41	-10.63	0.00
45	11.50	-11.65	0.00
46	15.35	-10.69	0.00
47	14.52	-8.74	0.00
48	10.33	-7.10	0.00
49	9.21	-10.51	0.00
50	13.31	-10.53	0.00
51	8.87	-8.53	0.00
52	4.81	-13.82	0.00
53	10.20	-10.19	0.00
54	10.18	-11.35	0.00
55	13.53	-12.42	0.00
56	11.28	-9.54	0.00
57	8.08	-12.76	0.00
58	8.13	-7.87	0.00
59	11.34	-10.79	0.00
60	12.86	-9.95	0.00
61	3.11	-10.25	0.12
62	-0.28	-14.12	0.40
63	4.01	-13.44	0.00
64	4.66	-11.64	0.00
65	2.17	-10.78	0.10
66	1.99	-8.46	0.26
67	5.60	-15.55	0.00
68	12.00	-13.24	0.00
69	9.35	-4.94	1.42
70	5.65	-4.31	0.40
71	7.89	-6.83	0.05
72	8.24	-9.95	0.00
73	10.14	-10.51	0.00
74	10.75	-10.01	0.00
75	12.94	-9.95	0.00
76	13.51	-7.48	0.01
77	12.02	-0.64	0.64
78	11.42	-5.70	0.44
79	14.61	-7.38	0.00
80	10.60	-2.73	0.00
81	9.63	-12.39	0.00
82	14.73	-8.76	0.00
83	14.07	-3.57	0.00
84	7.42	-5.60	0.00
85	5.49	-12.10	1.56
86	2.81	-6.40	0.46
87	2.49	-8.39	0.29
88	3.02	-7.05	0.10
89	10.64	-9.16	0.00
90	14.64	-7.29	0.00
91	17.93	-5.80	0.00
92	21.16	-4.19	0.00
93	21.11	-3.45	0.00
94	17.68	-2.13	0.00
95	19.84	-4.77	0.00
96	22.36	-1.74	0.00
97	23.11	-1.55	0.00
98	22.64	0.18	0.00
99	23.08	-1.33	0.00
100	21.54	-0.96	0.00
101	19.94	-1.49	0.00
102	20.47	-3.67	0.00
103	23.18	-3.99	0.00
104	24.95	-1.23	0.00
105	22.71	1.47	0.00
106	18.21	2.44	0.00
107	12.58	0.36	0.37
108	15.18	-2.14	0.19
109	12.54	0.34	0.00
110	9.09	-6.13	0.00
111	11.00	-2.89	0.00
112	14.73	-2.53	0.00
113	16.62	-4.40	0.00
114	16.88	-7.19	0.00
115	9.55	-4.94	0.00
116	10.98	-10.39	0.00
117	17.17	-6.52	0.00
118	19.56	-3.48	0.00
119	21.01	0.24	0.00
120	24.25	-2.28	0.00
121	26.13	0.57	0.00
122	24.01	6.31	0.00
123	20.86	1.99	0.00
124	18.50	-4.86	0.00
125	20.48	-4.65	0.01
126	21.81	-0.76	0.00
127	20.13	1.21	0.00
128	17.73	0.06	0.00
129	15.04	-2.70	0.01
130	12.45	-4.06	0.21
131	15.09	-5.29	0.00
132	16.30	-2.92	0.00
133	19.73	-4.50	0.00
134	20.72	1.70	0.00
135	16.94	-1.42	0.00
136	19.25	-4.39	0.00
137	22.53	-1.18	0.00
138	22.83	0.98	0.00
139	23.21	2.20	0.00
140	20.42	-2.51	0.70
141	20.97	-1.04	0.00
142	24.24	1.02	0.00
143	26.22	4.96	0.00
144	26.61	3.73	1.38
145	23.33	4.35	0.14
146	22.36	1.25	0.00
147	21.47	1.57	0.00
148	19.02	-0.05	0.00
149	15.08	1.87	0.00
150	18.69	-5.88	0.00
151	15.64	2.11	0.00
152	15.80	-4.29	0.01
153	13.64	1.18	0.45
154	19.30	1.86	0.09
155	23.09	3.26	0.00
156	24.61	5.18	0.00
157	29.32	7.09	0.00
158	29.35	6.09	0.00
159	29.84	7.32	0.00
160	29.38	6.51	0.00
161	27.17	3.74	0.00
162	28.22	4.63	0.00
163	30.97	5.17	0.00
164	30.89	8.20	0.00
165	30.62	6.49	0.00
166	32.78	6.79	0.00
167	32.29	10.22	0.00
168	32.70	9.94	0.00
169	34.55	8.63	0.00
170	33.51	11.96	0.85
171	31.08	9.58	0.04
172	29.51	8.69	0.00
173	31.40	8.43	0.00
174	29.00	7.73	0.00
175	25.50	8.70	0.00
176	21.39	2.20	0.00
177	25.76	-1.43	0.00
178	29.05	3.54	0.00
179	29.09	8.50	0.00
180	27.45	5.14	0.00
181	28.10	0.79	0.00
182	27.40	5.87	0.00
183	28.21	9.36	0.00
184	30.22	9.85	0.00
185	30.67	9.62	0.00
186	31.22	12.72	0.00
187	31.36	11.07	0.05
188	29.54	11.29	0.32
189	31.12	11.73	0.00
190	32.46	11.82	0.03
191	32.17	13.04	0.02
192	28.25	10.02	0.11
193	28.51	10.97	0.01
194	30.80	11.38	0.00
195	32.21	11.93	0.00
196	32.48	11.18	0.00
197	31.31	10.40	0.00
198	29.44	10.32	0.00
199	30.03	9.58	0.00
200	29.73	10.36	0.00
201	29.48	11.87	0.02
202	24.25	13.09	0.25
203	25.33	8.40	0.54
204	26.45	10.00	0.00
205	28.24	10.65	0.00
206	29.77	10.55	0.00
207	30.37	10.11	0.00
208	29.55	9.01	0.00
209	29.61	11.02	0.00
210	26.89	6.68	0.00
211	24.74	7.23	0.00
212	23.23	6.25	0.00
213	23.11	2.22	0.00
214	22.67	3.09	0.00
215	25.17	3.56	0.00
216	27.95	6.59	0.00
217	28.91	5.09	0.00
218	29.33	5.44	0.00
219	29.58	4.63	0.00
220	28.58	7.40	0.00
221	24.33	2.29	0.00
222	26.14	2.85	0.00
223	27.41	3.86	0.00
224	23.74	-0.03	0.00
225	27.11	3.65	0.00
226	28.05	6.22	0.00
227	29.78	5.23	0.00
228	30.40	5.72	0.00
229	28.13	6.32	0.00
230	24.41	3.87	0.00
231	24.68	1.63	0.00
232	25.71	0.66	0.00
233	25.76	1.12	0.00
234	26.75	2.51	0.00
235	28.42	3.90	0.00
236	31.12	5.04	0.00
237	30.99	6.04	0.00
238	30.48	6.06	0.00
239	29.77	5.25	0.00
240	28.05	5.55	0.00
241	27.90	7.30	0.00
242	28.26	7.19	0.00
243	28.19	9.84	0.00
244	27.17	11.86	0.11
245	22.26	7.30	0.00
246	20.09	5.70	0.44
247	20.92	4.73	0.30
248	19.62	6.06	0.00
249	20.44	8.88	0.08
250	18.82	6.54	0.03
251	18.63	2.22	0.04
252	14.12	2.89	0.02
253	12.35	1.47	2.96
254	11.17	-3.59	1.33
255	17.71	-3.97	0.00
256	18.46	-0.73	0.00
257	20.93	2.21	0.00
258	19.84	-0.09	0.00
259	19.15	-0.93	0.00
260	18.70	0.04	0.00
261	13.69	0.94	0.31
262	13.13	-3.73	0.00
263	18.97	-2.53	0.00
264	22.42	-4.53	0.00
265	21.15	0.27	0.00
266	20.67	-1.91	0.00
267	24.17	-1.63	0.00
268	23.06	-0.70	0.00
269	24.46	-0.27	0.00
270	24.28	2.74	0.00
271	21.20	0.06	0.00
272	17.71	-5.65	0.00
273	18.54	-3.02	0.00
274	19.12	-4.68	0.00
275	20.11	-2.48	0.00
276	23.15	-1.89	0.00
277	22.70	-1.40	0.00
278	25.02	-2.01	0.00
279	20.50	2.12	1.48
280	14.89	3.43	0.54
281	10.01	-3.56	1.50
282	0.71	-5.96	0.71
283	7.21	-7.22	0.00
284	13.98	-6.29	0.00
285	12.64	-2.83	0.00
286	8.61	-4.68	0.00
287	10.92	-9.95	0.00
288	14.26	-9.09	0.00
289	18.92	-7.85	0.00
290	17.66	-6.40	0.00
291	18.27	-5.39	0.00
292	19.83	-5.69	0.00
293	19.57	-0.58	0.02
294	13.66	-1.88	0.14
295	10.17	-6.08	0.00
296	17.19	-1.12	0.00
297	17.68	-3.92	0.00
298	17.97	-4.04	0.00
299	16.68	-5.64	0.00
300	19.20	-6.78	0.00
301	18.92	-3.36	0.00
302	17.29	-6.06	0.00
303	16.13	-2.48	0.00
304	13.34	-8.26	0.00
305	14.25	-8.08	0.00
306	16.47	-8.08	0.00
307	17.50	-7.17	0.00
308	17.34	-1.05	0.00
309	12.77	0.58	0.00
310	12.96	-9.09	0.00
311	15.56	-6.78	0.00
312	13.49	1.34	0.00
313	9.49	-5.93	0.00
314	3.46	-6.65	2.08
315	-3.30	-11.60	1.33
316	-6.66	-11.09	0.00
317	-1.30	-16.00	0.00
318	1.19	-15.98	0.00
319	1.58	-15.46	0.00
320	4.35	-7.79	0.04
321	3.28	-10.47	0.03
322	-0.02	-8.63	0.00
323	-2.92	-17.34	0.00
324	3.27	-17.00	0.00
325	4.70	-14.86	0.00
326	8.59	-12.77	0.03
327	5.46	-6.63	0.03
328	2.93	-6.69	0.33
329	9.22	-4.56	0.03
330	8.31	-12.57	0.00
331	6.06	-5.97	0.01
332	7.13	-3.23	0.53
333	4.97	-3.29	1.01
334	4.16	-9.97	0.00
335	3.97	-8.29	0.90
336	6.91	-2.54	1.05
337	8.48	-2.22	0.06
338	5.94	-9.77	0.00
339	7.46	-8.25	0.00
340	7.05	-10.01	0.02
341	8.20	-4.52	0.00
342	2.89	-11.70	0.02
343	-2.39	-9.87	0.00
344	-4.62	-10.71	0.19
345	-5.95	-19.77	0.00
346	-3.93	-20.27	0.00
347	-0.95	-17.70	0.00
348	-0.72	-17.66	0.00
349	1.69	-15.68	0.00
350	3.74	-14.94	0.00
351	4.01	-14.99	0.00
352	5.82	-14.82	0.00
353	6.57	-14.65	0.00
354	6.21	-15.20	0.00
355	5.53	-16.32	0.00
356	4.79	-16.21	0.00
357	4.17	-15.49	0.00
358	-2.63	-13.52	0.00
359	-1.74	-14.31	0.00
360	-3.47	-14.85	0.00
361	-2.87	-14.88	0.00
362	-0.34	-14.66	0.00
363	0.91	-8.93	0.40
364	2.44	-6.62	0.31
365	0.92	-5.58	0.00
