# weather for site 002_-119.415_39.046 year =  2005
# DOY Tmax(C) Tmin(C) PPT(cm)
1	1.75	-8.78	0.14
2	-1.59	-11.30	0.00
3	-3.99	-10.25	0.19
4	-4.01	-6.93	0.09
5	-2.77	-10.07	0.18
6	-0.80	-10.63	0.00
7	-0.20	-12.57	2.32
8	-0.30	-4.62	2.37
9	3.05	-3.76	1.34
10	0.74	-5.30	0.65
11	-0.48	-7.61	0.39
12	-1.21	-18.27	0.00
13	-2.55	-20.45	0.00
14	-0.60	-17.29	0.00
15	1.35	-12.52	0.00
16	2.41	-9.69	0.01
17	1.52	-11.66	0.00
18	1.99	-12.02	0.00
19	0.96	-9.62	0.00
20	-1.75	-11.03	0.00
21	0.46	-10.42	0.00
22	-2.95	-10.00	0.00
23	-3.71	-10.43	0.00
24	-4.20	-9.43	0.14
25	0.05	-8.18	0.42
26	0.96	-5.44	0.84
27	0.96	-6.23	0.39
28	3.06	-6.72	0.08
29	1.51	-10.78	0.08
30	2.10	-11.18	0.00
31	2.74	-11.53	0.19
32	2.15	-8.81	0.00
33	-1.18	-9.68	0.00
34	0.81	-12.03	0.00
35	1.33	-10.18	0.00
36	2.53	-9.10	0.00
37	3.89	-6.22	0.00
38	1.67	-4.14	0.00
39	0.77	-6.01	0.00
40	2.53	-8.67	0.00
41	3.76	-7.99	0.00
42	1.23	-5.69	0.02
43	7.49	-4.37	0.01
44	5.74	-5.62	0.00
45	7.64	-4.35	0.06
46	3.54	-2.59	1.63
47	-0.50	-5.06	0.50
48	1.50	-3.46	0.00
49	0.89	-3.64	0.44
50	3.80	-4.53	0.02
51	8.58	-4.92	0.14
52	3.62	-1.24	1.78
53	2.49	-2.32	0.96
54	4.68	-1.71	0.00
55	7.46	-5.51	0.01
56	8.28	-6.64	0.00
57	8.02	-6.33	0.00
58	9.41	-6.89	0.00
59	9.53	-3.80	0.00
60	8.51	-8.47	0.00
61	9.56	-2.65	0.00
62	8.86	-8.51	0.00
63	8.61	-5.96	0.00
64	10.00	-6.10	0.00
65	11.68	-7.48	0.00
66	15.13	-6.89	0.00
67	18.26	-6.60	0.00
68	20.38	-5.07	0.00
69	18.12	-2.57	0.00
70	19.20	-3.19	0.00
71	19.94	-4.77	0.00
72	14.06	-3.90	0.00
73	9.39	-5.08	0.00
74	11.75	-10.51	0.00
75	12.04	-5.79	0.00
76	10.62	1.13	0.00
77	11.61	-6.58	0.03
78	9.19	0.36	0.60
79	7.74	-3.68	0.47
80	8.58	-2.85	0.06
81	9.07	0.46	1.89
82	7.55	-2.63	0.56
83	5.63	-6.10	0.00
84	7.34	-8.92	0.00
85	12.36	-7.26	0.00
86	15.43	-1.93	0.00
87	11.21	-1.49	0.73
88	8.54	-2.21	0.00
89	8.60	-6.93	0.00
90	11.72	-9.24	0.00
91	16.63	-6.84	0.00
92	17.24	-6.32	0.00
93	12.45	0.13	0.00
94	9.36	-4.67	0.00
95	14.74	-7.43	0.00
96	19.34	-5.74	0.00
97	17.54	-0.05	0.00
98	8.37	-5.83	0.11
99	6.85	-8.52	0.09
100	10.61	-8.37	0.00
101	15.21	-4.90	0.00
102	16.84	-6.11	0.00
103	14.05	-1.90	0.00
104	8.48	-10.79	0.00
105	13.87	-9.19	0.00
106	19.41	-7.19	0.00
107	19.34	2.30	0.00
108	12.13	-2.31	0.82
109	8.61	-4.98	0.18
110	10.56	-8.09	0.00
111	14.92	-6.80	0.00
112	16.52	-4.03	0.00
113	15.62	-2.70	0.00
114	12.77	-4.33	0.00
115	14.13	-5.91	0.00
116	17.55	-4.34	0.27
117	15.49	1.24	0.56
118	12.87	-4.77	0.05
119	15.03	-1.35	0.08
120	14.56	-1.93	1.19
121	12.55	2.77	0.00
122	16.69	1.57	0.00
123	18.28	0.19	0.00
124	17.76	4.62	0.00
125	16.63	4.62	1.58
126	9.36	2.03	0.68
127	13.96	2.56	0.01
128	13.00	2.16	0.39
129	10.06	1.45	0.16
130	10.66	-2.98	0.17
131	13.17	-3.84	0.00
132	17.26	-1.30	0.00
133	18.86	1.12	0.00
134	22.01	2.07	0.00
135	22.91	7.72	0.10
136	15.88	6.41	0.00
137	16.02	-3.47	0.00
138	19.81	7.52	0.00
139	21.19	9.90	0.00
140	21.48	3.62	0.00
141	22.99	-1.49	0.00
142	25.21	1.38	0.00
143	25.89	2.26	0.00
144	24.26	2.32	0.00
145	23.47	3.59	0.00
146	26.03	4.47	0.00
147	25.95	6.17	0.62
148	24.69	4.55	0.00
149	21.99	2.77	0.00
150	21.46	1.60	0.00
151	24.98	3.88	0.00
152	23.78	6.69	0.00
153	20.60	2.23	0.00
154	20.96	-0.99	0.00
155	23.79	0.40	0.00
156	20.54	6.06	0.00
157	17.07	-2.09	0.03
158	16.69	-4.16	0.01
159	14.72	5.36	0.08
160	16.06	4.29	0.24
161	19.20	5.13	0.02
162	22.03	3.61	0.00
163	23.33	1.59	0.00
164	25.31	3.06	0.00
165	26.90	6.39	0.00
166	27.23	6.04	0.00
167	23.89	10.29	0.00
168	17.21	4.43	0.00
169	17.98	-0.67	0.00
170	21.49	-0.01	0.00
171	27.16	3.05	0.00
172	27.37	1.51	0.00
173	28.01	2.90	0.00
174	28.54	5.62	0.00
175	26.94	8.03	0.07
176	25.22	4.70	0.08
177	25.28	3.43	0.00
178	25.62	4.61	0.00
179	25.81	4.48	0.00
180	26.21	6.41	0.00
181	29.60	6.52	0.00
182	32.39	9.40	0.00
183	30.99	6.72	0.00
184	30.69	4.74	0.00
185	30.33	5.20	0.00
186	31.43	8.36	0.00
187	32.30	10.41	0.00
188	31.84	10.30	0.00
189	31.93	10.11	0.00
190	29.10	9.58	0.00
191	28.62	9.96	0.00
192	32.14	8.01	0.00
193	35.42	12.67	0.00
194	34.78	13.66	0.00
195	34.30	12.86	0.00
196	35.02	14.05	0.00
197	35.19	13.18	0.00
198	34.84	12.68	0.00
199	35.05	13.01	0.00
200	35.14	12.20	0.00
201	35.29	11.88	0.00
202	34.47	15.60	0.22
203	32.50	11.36	0.00
204	32.57	8.69	0.00
205	33.16	8.33	0.00
206	31.06	6.70	0.00
207	31.02	6.14	0.00
208	33.72	7.56	0.00
209	32.13	12.40	0.15
210	30.88	9.71	0.13
211	31.36	10.00	0.00
212	30.73	13.64	0.00
213	30.82	11.00	0.00
214	30.18	4.99	0.00
215	30.39	6.64	0.00
216	32.41	8.57	0.00
217	32.74	11.68	0.00
218	32.76	11.47	0.00
219	31.71	13.55	0.00
220	31.93	10.15	0.00
221	31.67	10.75	0.00
222	32.35	8.09	0.00
223	31.68	5.93	0.00
224	32.05	7.15	0.00
225	29.82	7.24	0.00
226	29.80	7.49	0.00
227	28.59	9.53	0.00
228	26.96	7.53	0.26
229	27.97	6.17	0.00
230	28.36	7.74	0.00
231	28.84	5.67	0.00
232	30.84	6.33	0.00
233	31.01	7.56	0.00
234	31.69	6.77	0.00
235	30.01	6.38	0.00
236	30.83	6.50	0.00
237	30.57	7.23	0.00
238	30.39	6.78	0.00
239	30.39	6.18	0.00
240	32.39	7.30	0.00
241	31.03	11.55	0.00
242	28.55	3.51	0.00
243	24.47	0.66	0.00
244	28.65	2.16	0.00
245	29.78	2.23	0.00
246	28.83	1.76	0.00
247	27.72	2.93	0.00
248	25.33	-0.78	0.00
249	27.35	2.09	0.00
250	27.91	2.68	0.00
251	26.69	3.51	0.00
252	23.30	5.57	0.00
253	19.39	1.26	0.00
254	16.69	-5.12	0.00
255	18.59	-4.60	0.00
256	20.27	-3.31	0.00
257	22.02	-3.06	0.00
258	23.64	-1.17	0.00
259	23.16	3.36	0.00
260	21.82	-0.72	0.00
261	19.70	-0.71	0.00
262	23.47	-1.33	0.00
263	22.01	1.53	0.37
264	21.78	5.09	0.80
265	25.08	2.28	0.00
266	23.32	2.65	0.00
267	16.56	0.98	0.00
268	15.04	-4.72	0.00
269	15.64	-1.18	0.12
270	16.56	0.85	0.17
271	19.94	-1.91	0.00
272	23.91	-2.15	0.00
273	26.53	-1.46	0.00
274	24.69	7.16	0.00
275	18.73	4.18	0.00
276	15.77	0.98	0.00
277	11.35	-3.62	0.00
278	13.31	-6.35	0.00
279	18.39	-6.76	0.00
280	23.06	-3.98	0.01
281	18.15	-0.18	0.00
282	15.08	-2.93	0.00
283	16.22	-5.67	0.00
284	19.43	-5.19	0.00
285	18.74	-2.63	0.00
286	21.88	-4.34	0.00
287	24.24	-3.04	0.00
288	18.19	2.43	0.00
289	14.35	-3.89	0.00
290	19.29	-4.00	0.00
291	17.36	0.23	0.00
292	19.02	-2.37	0.00
293	16.52	-3.24	0.00
294	17.71	-3.55	0.00
295	20.56	-2.95	0.00
296	20.56	-3.46	0.00
297	20.55	-1.87	0.08
298	18.21	3.14	0.10
299	15.47	0.96	0.00
300	10.62	2.47	0.08
301	13.05	-1.63	0.00
302	14.03	-1.22	0.00
303	13.06	-6.32	0.00
304	17.42	-6.34	0.00
305	20.59	-5.02	0.00
306	17.52	1.60	0.00
307	12.20	-4.42	0.00
308	12.69	2.46	0.00
309	13.41	-8.52	0.00
310	15.55	3.30	0.00
311	14.67	6.57	0.00
312	12.94	1.11	0.37
313	8.90	-1.23	0.00
314	13.19	-6.52	0.00
315	14.25	-4.47	0.00
316	14.96	-8.96	0.00
317	14.46	-5.79	0.00
318	14.07	-4.60	0.00
319	7.54	-6.56	0.00
320	7.70	-12.14	0.00
321	9.90	-12.36	0.00
322	10.08	-13.13	0.00
323	10.55	-13.87	0.00
324	11.36	-11.48	0.00
325	11.36	-11.32	0.00
326	10.49	-12.57	0.00
327	11.19	-10.54	0.00
328	11.56	-11.36	0.00
329	10.31	-1.33	0.06
330	3.33	-7.19	0.10
331	1.86	-15.88	0.00
332	-0.41	-10.95	0.20
333	9.85	-4.74	0.04
334	5.14	-8.05	0.08
335	7.53	-0.33	0.68
336	7.64	-2.81	3.08
337	1.38	-10.29	0.00
338	0.49	-14.47	0.00
339	1.87	-14.95	0.00
340	3.18	-15.27	0.00
341	1.67	-10.63	0.14
342	0.07	-6.15	0.35
343	0.73	-5.57	0.00
344	1.38	-3.95	0.00
345	-2.13	-4.88	0.00
346	-1.20	-6.79	0.00
347	3.93	-8.27	0.00
348	-0.31	-6.73	0.00
349	-0.29	-9.76	0.00
350	0.19	-15.26	0.00
351	-0.72	-15.36	0.16
352	-1.24	-6.87	2.53
353	3.62	-3.26	2.19
354	6.83	-3.24	0.92
355	8.52	-5.60	0.00
356	6.87	0.60	3.07
357	11.12	-2.37	0.00
358	8.68	-6.16	0.00
359	11.69	-6.02	0.07
360	5.51	-3.54	1.35
361	3.64	-2.73	0.07
362	9.46	-0.32	0.44
363	4.27	-7.48	0.11
364	4.02	-3.48	4.31
365	7.40	0.02	6.21
