# weather for site 002_-119.415_39.046 year =  1991
# DOY Tmax(C) Tmin(C) PPT(cm)
1	-4.27	-22.95	0.00
2	-4.25	-22.48	0.00
3	-6.08	-15.75	0.55
4	-1.37	-12.13	0.15
5	-1.51	-15.73	0.00
6	-8.70	-15.63	0.00
7	-1.40	-17.58	0.00
8	-6.68	-16.49	0.01
9	-5.40	-11.59	0.11
10	-2.38	-11.61	0.01
11	-1.44	-13.31	0.00
12	4.04	-9.47	0.00
13	7.41	-9.50	0.00
14	7.39	-7.66	0.00
15	7.57	-7.40	0.00
16	2.48	-9.54	0.00
17	4.20	-11.90	0.00
18	7.23	-11.87	0.00
19	6.52	-10.13	0.00
20	0.92	-11.01	0.00
21	-1.46	-15.34	0.00
22	3.72	-16.76	0.00
23	6.16	-15.67	0.00
24	7.68	-15.35	0.00
25	5.07	-16.93	0.00
26	6.35	-15.16	0.00
27	5.82	-16.38	0.00
28	9.84	-16.35	0.00
29	1.74	-15.73	0.00
30	6.54	-17.79	0.00
31	3.10	-10.80	0.00
32	9.00	-15.15	0.00
33	10.30	-7.09	0.00
34	8.20	-6.26	0.00
35	9.58	-10.79	1.60
36	7.83	-3.28	0.57
37	7.82	-4.04	0.03
38	9.95	-8.23	0.00
39	10.74	-8.51	0.00
40	11.11	-9.20	0.00
41	10.66	-8.96	0.00
42	11.66	-9.07	0.00
43	13.43	-8.51	0.00
44	12.42	-4.56	0.00
45	13.27	-6.06	0.00
46	13.09	-3.26	0.00
47	12.52	0.87	0.00
48	7.09	-1.55	0.02
49	7.15	-10.98	0.00
50	13.47	-10.10	0.00
51	15.39	-11.13	0.00
52	14.98	-8.52	0.00
53	13.82	-8.88	0.00
54	11.40	-10.26	0.00
55	9.06	-12.25	0.00
56	10.85	-12.63	0.00
57	12.49	-12.07	0.00
58	11.38	-8.55	0.00
59	10.06	-2.04	0.09
60	7.73	-4.22	0.10
61	7.68	-3.30	0.21
62	8.67	-0.61	2.01
63	10.05	1.88	1.58
64	4.88	-1.96	0.39
65	3.26	-11.45	0.55
66	3.72	-12.67	0.39
67	7.04	-8.61	0.00
68	11.37	-8.25	0.00
69	8.84	-5.07	0.00
70	4.74	-7.24	0.08
71	7.33	-7.00	0.00
72	5.51	-4.79	0.00
73	6.35	-4.77	0.00
74	0.12	-8.10	0.61
75	5.83	-10.98	0.00
76	5.97	-4.42	0.00
77	2.01	-2.65	2.32
78	2.05	-4.15	0.82
79	1.49	-5.52	0.04
80	4.73	-4.61	0.01
81	8.03	-9.72	0.00
82	9.18	-4.52	0.00
83	9.33	-4.67	0.57
84	3.43	-4.18	0.15
85	2.68	-9.82	1.60
86	4.86	-6.52	0.86
87	9.51	-8.47	0.00
88	9.35	-6.15	0.00
89	12.68	-6.72	0.00
90	14.40	-5.73	0.00
91	11.55	1.38	0.57
92	12.80	-6.86	0.00
93	16.23	-5.80	0.00
94	19.87	-3.31	0.00
95	20.24	-0.94	0.00
96	16.87	4.43	0.00
97	10.99	-5.78	0.00
98	11.13	-8.76	0.00
99	14.80	-7.06	0.00
100	6.40	-5.67	0.00
101	5.15	-10.59	0.02
102	9.04	-2.67	0.00
103	14.87	-6.39	0.00
104	15.62	-4.85	0.00
105	12.30	-2.89	0.00
106	7.89	-9.82	0.00
107	10.72	-8.56	0.00
108	12.65	-7.27	0.00
109	13.76	-5.70	0.00
110	13.40	0.02	0.16
111	12.45	-1.26	0.00
112	14.00	-3.25	0.18
113	16.65	-2.89	0.00
114	14.06	1.56	0.01
115	8.13	-1.72	0.00
116	12.82	-4.65	0.00
117	12.63	-2.53	0.00
118	14.77	-7.31	0.00
119	16.32	-3.64	0.00
120	17.81	-7.69	0.00
121	14.24	-2.33	0.07
122	9.13	-1.04	0.07
123	11.04	-4.81	0.00
124	17.00	-6.33	0.00
125	21.14	-1.12	0.04
126	19.42	5.33	0.00
127	20.94	0.68	0.00
128	17.51	8.98	0.08
129	11.11	-3.78	0.19
130	8.05	-6.80	0.00
131	10.21	-5.90	0.00
132	16.93	-5.42	0.00
133	13.07	6.53	0.23
134	14.18	0.80	0.00
135	18.83	-3.60	0.00
136	19.35	-1.31	0.03
137	13.42	-1.83	0.01
138	6.79	-3.36	0.03
139	11.47	-5.62	0.00
140	12.04	-1.96	0.36
141	16.10	2.00	0.26
142	20.41	0.14	0.00
143	23.49	3.07	0.00
144	24.58	3.05	0.00
145	22.36	2.64	0.00
146	18.67	-1.58	0.00
147	17.16	-3.31	0.00
148	20.04	-2.59	0.00
149	18.56	-1.60	0.00
150	13.08	2.83	0.01
151	15.43	-3.23	0.00
152	20.82	0.04	0.00
153	25.26	1.94	0.00
154	25.36	4.74	0.00
155	25.64	4.14	0.00
156	21.33	-2.51	0.00
157	22.42	-1.85	0.00
158	24.00	1.38	0.00
159	25.69	4.54	0.00
160	27.62	4.71	0.00
161	29.99	6.74	0.00
162	30.97	8.05	0.00
163	29.04	6.70	0.00
164	26.71	9.86	0.00
165	23.13	3.97	0.00
166	25.54	0.59	0.00
167	26.21	6.16	0.00
168	26.29	3.79	0.00
169	25.77	4.75	0.00
170	21.71	6.29	0.00
171	21.35	-2.02	0.00
172	22.33	1.78	0.00
173	23.22	-0.63	0.00
174	22.37	1.67	0.00
175	20.40	0.84	0.14
176	19.95	0.56	0.00
177	21.10	-0.17	0.48
178	13.70	4.67	0.45
179	13.02	5.81	0.53
180	17.74	3.84	0.00
181	22.89	3.38	0.00
182	26.53	5.58	0.00
183	30.18	9.04	0.00
184	32.20	9.13	0.00
185	33.94	8.88	0.00
186	33.48	10.82	0.00
187	31.69	8.39	0.00
188	32.17	8.04	0.00
189	30.71	8.08	0.00
190	28.75	9.70	0.00
191	28.75	6.41	0.00
192	30.22	8.45	0.00
193	32.16	9.95	0.00
194	31.75	10.88	0.00
195	29.81	8.40	0.00
196	29.05	6.60	0.00
197	28.24	6.13	0.00
198	28.38	8.18	0.00
199	28.46	7.54	0.06
200	26.98	8.01	0.32
201	25.14	5.80	0.14
202	27.55	4.91	0.00
203	30.05	6.50	0.00
204	30.06	8.94	0.00
205	30.06	8.94	0.00
206	29.84	7.70	0.00
207	30.68	8.98	0.05
208	31.78	9.86	0.00
209	33.00	9.66	0.00
210	33.00	10.64	0.00
211	32.47	10.21	0.58
212	29.97	10.13	0.39
213	29.23	8.25	0.00
214	29.89	8.80	0.00
215	28.25	8.96	0.01
216	26.49	8.18	0.20
217	26.93	6.20	0.14
218	27.47	6.13	0.00
219	27.15	6.70	0.00
220	28.85	6.03	0.00
221	30.65	8.30	0.00
222	28.58	7.18	0.00
223	29.96	5.32	0.00
224	27.59	9.43	0.00
225	27.99	13.93	0.00
226	26.03	12.52	1.23
227	22.26	11.60	0.64
228	25.33	7.74	0.03
229	28.47	9.63	0.00
230	30.26	10.01	0.00
231	29.21	9.00	0.00
232	29.78	9.54	0.00
233	30.14	9.73	0.00
234	31.10	9.78	0.00
235	31.24	7.40	0.00
236	30.41	6.80	0.00
237	29.77	11.31	0.00
238	28.47	7.93	0.00
239	22.19	7.13	0.00
240	22.84	-1.33	0.00
241	26.90	2.94	0.00
242	28.68	6.00	0.00
243	29.13	6.00	0.00
244	29.80	5.14	0.00
245	30.38	7.36	0.00
246	29.04	9.32	0.18
247	27.83	5.18	0.00
248	28.88	5.11	0.00
249	25.93	11.35	0.22
250	25.33	7.62	0.03
251	24.23	5.93	0.10
252	17.12	4.14	0.38
253	15.90	2.64	0.01
254	19.73	0.00	0.00
255	21.65	-0.42	0.00
256	25.40	1.17	0.00
257	24.18	1.77	0.00
258	23.57	0.38	0.00
259	25.71	-0.92	0.00
260	27.41	0.51	0.00
261	28.57	2.14	0.00
262	29.43	3.63	0.00
263	30.03	3.95	0.00
264	25.91	2.09	0.00
265	23.75	-0.77	0.00
266	24.59	-0.90	0.00
267	25.89	-0.37	0.00
268	27.67	1.10	0.00
269	25.45	6.21	0.00
270	24.72	2.96	0.00
271	23.68	3.63	0.00
272	23.02	2.95	0.00
273	24.61	2.69	0.00
274	25.22	2.67	0.00
275	25.83	2.27	0.00
276	25.09	1.48	0.00
277	24.18	-1.37	0.00
278	26.42	0.29	0.00
279	26.31	1.70	0.00
280	24.69	6.32	0.00
281	22.91	0.65	0.00
282	22.71	0.09	0.00
283	23.56	0.43	0.00
284	24.95	2.73	0.00
285	24.75	7.23	0.00
286	24.55	0.59	0.00
287	24.00	-0.13	0.00
288	25.01	-1.59	0.00
289	24.19	2.14	0.00
290	24.97	-0.29	0.00
291	23.70	-0.29	0.00
292	19.90	-1.35	0.00
293	16.82	-2.60	0.00
294	20.91	-5.06	0.00
295	18.95	5.92	0.00
296	10.78	-0.41	0.00
297	10.95	-7.29	0.00
298	10.86	2.25	0.00
299	8.61	-0.21	2.33
300	3.68	-3.75	0.26
301	4.13	-9.11	0.00
302	6.50	-2.70	0.01
303	3.16	-9.57	0.00
304	6.98	-12.34	0.00
305	13.61	-10.06	0.00
306	12.05	-7.71	0.00
307	12.99	-5.49	0.00
308	16.36	-5.85	0.00
309	18.38	-4.29	0.00
310	18.65	-3.26	0.00
311	18.65	-2.82	0.00
312	17.18	0.01	0.03
313	10.69	2.05	0.30
314	11.74	-1.69	0.00
315	11.66	-6.14	0.00
316	15.20	-6.27	0.03
317	14.70	-5.44	0.66
318	5.02	-5.11	0.40
319	1.84	-7.60	0.27
320	5.95	-11.97	0.39
321	8.54	-2.58	0.59
322	4.28	-3.53	0.40
323	5.85	-12.04	0.00
324	11.45	-6.23	0.00
325	5.17	-2.02	0.00
326	2.92	-11.94	0.00
327	4.75	-12.64	0.00
328	10.65	-8.99	0.00
329	11.16	-9.22	0.00
330	14.60	-9.61	0.11
331	8.22	-5.29	0.29
332	0.43	-10.44	0.00
333	-2.72	-11.28	0.27
334	-3.33	-14.08	0.00
335	-2.32	-17.60	0.00
336	7.50	-13.87	0.00
337	6.78	-12.96	0.00
338	7.92	-13.99	0.00
339	7.96	-15.38	0.00
340	11.60	-12.12	0.00
341	8.67	-3.70	1.20
342	-0.81	-9.87	0.58
343	-1.30	-14.59	0.00
344	-2.77	-13.92	0.00
345	-0.20	-9.95	0.00
346	2.22	-13.63	0.00
347	3.74	-13.66	0.00
348	2.13	-11.53	0.00
349	3.19	-9.16	0.00
350	2.70	-12.99	0.00
351	0.09	-11.53	0.00
352	8.04	-9.89	0.16
353	-1.59	-11.46	0.02
354	-1.73	-15.71	0.00
355	-0.98	-16.93	0.00
356	1.73	-12.99	0.00
357	1.40	-12.92	0.00
358	2.23	-14.36	0.00
359	2.53	-13.55	0.00
360	3.13	-12.97	0.00
361	8.04	-10.85	0.00
362	3.94	-7.22	0.00
363	2.46	-7.00	0.01
364	3.38	-9.98	0.00
365	2.89	-13.08	0.00
