# weather for site 002_-119.415_39.046 year =  1996
# DOY Tmax(C) Tmin(C) PPT(cm)
1	6.15	-10.05	0.00
2	7.84	-9.23	0.00
3	12.71	-6.55	0.00
4	10.57	-6.17	0.00
5	8.20	-6.42	0.00
6	9.26	-7.20	0.00
7	12.72	-8.91	0.00
8	13.44	-6.94	0.00
9	11.55	-8.29	0.00
10	8.35	-5.66	0.00
11	7.04	-9.65	0.00
12	8.78	-10.49	0.00
13	10.54	-10.24	0.00
14	10.69	-11.76	0.00
15	9.86	-2.81	0.03
16	8.10	0.36	1.56
17	3.19	-4.97	0.04
18	4.15	-7.10	0.81
19	3.52	-6.91	0.45
20	5.81	-7.67	0.12
21	2.63	-7.85	0.25
22	-0.75	-12.75	0.08
23	2.27	-12.75	0.00
24	5.14	-2.35	0.95
25	1.91	-7.48	0.61
26	-0.30	-12.58	0.00
27	5.36	-8.25	1.71
28	6.98	-7.62	0.16
29	6.17	-6.65	0.00
30	3.86	-4.44	0.29
31	1.41	-2.59	0.20
32	0.64	-4.44	0.03
33	3.32	-4.45	0.00
34	3.49	-5.38	0.02
35	5.55	-3.97	3.90
36	11.66	0.73	0.18
37	10.56	-3.14	0.00
38	10.17	-2.70	0.00
39	15.80	-1.93	0.00
40	9.65	-2.35	0.00
41	9.96	-1.66	0.00
42	10.86	-5.77	0.00
43	11.13	-6.04	0.00
44	12.79	-6.29	0.00
45	14.46	-7.27	0.00
46	14.44	-7.13	0.10
47	14.73	-2.21	0.02
48	12.73	-4.30	0.00
49	13.19	-3.63	0.06
50	7.51	-0.71	3.06
51	7.29	-1.74	0.37
52	3.50	-2.56	2.11
53	1.02	-9.45	0.15
54	7.16	-12.48	0.00
55	2.19	-4.20	0.18
56	-2.25	-10.23	1.74
57	-4.22	-14.70	0.01
58	-2.02	-15.61	0.00
59	1.74	-15.13	0.00
60	3.76	-9.03	0.00
61	7.19	-9.77	0.00
62	10.39	-9.59	0.00
63	10.92	-5.62	0.00
64	8.23	-1.56	2.72
65	2.98	-3.74	0.61
66	5.28	-10.90	0.00
67	9.50	-5.77	0.00
68	12.77	-6.10	0.00
69	13.98	-2.00	0.00
70	13.31	-2.69	0.00
71	10.19	-1.98	0.15
72	4.43	-2.95	3.94
73	1.63	-3.12	0.98
74	8.29	-3.42	0.00
75	13.94	-5.47	0.00
76	12.22	-5.48	0.00
77	16.43	-5.08	0.00
78	16.78	-4.44	0.00
79	19.39	-4.36	0.00
80	19.29	-1.87	0.00
81	19.06	-3.78	0.00
82	12.23	2.02	0.00
83	4.76	-8.13	0.15
84	11.90	-10.43	0.00
85	2.65	-5.05	0.00
86	11.57	-12.14	0.00
87	13.50	-2.61	0.00
88	6.71	-0.51	0.60
89	11.80	-9.70	0.00
90	14.18	-1.84	0.00
91	17.02	-4.71	0.00
92	14.64	-0.17	0.35
93	11.60	-3.55	0.16
94	11.39	-3.72	0.00
95	11.60	-5.30	0.00
96	15.60	-6.52	0.00
97	19.49	-4.63	0.00
98	22.34	-3.20	0.00
99	23.31	-0.37	0.00
100	19.21	1.49	0.00
101	15.29	-5.14	0.00
102	14.34	-5.17	0.00
103	10.35	2.94	0.00
104	11.51	-7.41	0.00
105	16.65	-6.58	0.00
106	17.84	1.61	0.00
107	12.05	3.16	0.02
108	11.45	-2.15	0.08
109	8.05	-3.35	0.89
110	10.29	-8.46	0.00
111	7.57	-6.65	0.01
112	12.14	-8.30	0.00
113	16.60	-5.48	0.00
114	20.62	3.81	0.00
115	18.94	8.50	0.00
116	20.66	-0.67	0.00
117	20.02	0.92	0.00
118	16.55	-1.58	0.00
119	14.10	-3.45	0.00
120	21.26	-5.33	0.00
121	23.54	-1.40	0.00
122	23.56	0.32	0.00
123	21.44	5.49	0.00
124	18.92	3.36	0.00
125	19.64	-0.28	0.00
126	20.06	6.36	0.00
127	20.68	0.07	0.00
128	20.25	5.60	0.00
129	18.37	1.71	0.00
130	19.66	-2.12	0.00
131	21.75	-2.00	0.00
132	26.69	2.06	0.00
133	28.95	2.58	0.00
134	28.42	6.00	0.00
135	21.69	8.15	0.00
136	20.20	8.81	0.39
137	15.67	3.73	1.16
138	16.56	4.32	0.09
139	15.34	5.06	0.04
140	14.29	1.35	0.00
141	17.05	-3.15	0.00
142	17.97	0.98	0.00
143	16.76	4.15	0.00
144	10.00	0.59	0.10
145	11.92	-1.73	0.00
146	17.09	1.98	0.00
147	22.09	2.68	0.85
148	15.55	4.26	1.74
149	16.80	-0.43	0.01
150	19.17	0.27	0.00
151	19.37	-0.23	0.00
152	21.70	1.08	0.00
153	24.30	1.72	0.00
154	29.14	4.08	0.00
155	30.90	6.94	0.00
156	30.25	4.39	0.00
157	30.00	7.39	0.00
158	30.65	6.56	0.00
159	32.02	9.19	0.00
160	30.78	7.32	0.00
161	29.47	4.37	0.00
162	28.50	3.52	0.00
163	26.20	3.18	0.00
164	27.51	5.40	0.25
165	27.81	7.88	0.10
166	28.09	4.03	0.00
167	28.38	4.43	0.00
168	27.99	5.49	0.00
169	25.77	6.64	0.00
170	25.17	3.29	0.00
171	24.77	5.90	0.00
172	25.14	9.48	0.00
173	23.68	7.84	0.00
174	24.02	2.39	0.00
175	24.30	5.87	0.00
176	19.92	9.24	0.00
177	12.93	3.57	0.64
178	12.85	2.96	0.65
179	16.88	0.27	0.00
180	20.57	3.38	0.00
181	25.81	3.72	0.00
182	30.05	6.29	0.00
183	32.19	7.58	0.00
184	32.35	9.00	0.00
185	30.62	9.82	0.00
186	29.31	5.23	0.00
187	29.51	3.62	0.00
188	30.84	6.14	0.00
189	32.98	8.97	0.14
190	31.40	11.51	0.00
191	32.54	8.61	0.08
192	32.44	12.48	0.00
193	32.51	11.78	0.14
194	30.67	11.39	0.22
195	30.29	12.25	0.35
196	29.85	13.16	0.03
197	30.04	11.98	0.00
198	28.72	7.71	0.00
199	26.61	6.22	0.00
200	26.54	5.48	0.00
201	27.29	4.73	0.00
202	30.28	5.31	0.00
203	32.78	6.59	0.00
204	33.71	9.67	0.00
205	33.73	11.28	0.00
206	33.55	10.31	0.55
207	33.46	9.47	0.00
208	33.53	11.53	0.00
209	32.35	16.26	0.00
210	27.21	13.14	0.15
211	29.25	8.78	0.07
212	30.15	9.82	0.00
213	31.91	9.40	0.00
214	31.12	8.16	0.00
215	29.66	6.32	0.00
216	26.03	5.18	0.00
217	26.17	4.16	0.00
218	27.99	5.62	0.00
219	26.67	6.31	0.00
220	30.28	2.89	0.00
221	32.18	6.42	0.00
222	33.20	7.67	0.00
223	33.91	8.76	0.00
224	32.78	11.45	0.00
225	31.59	12.33	0.01
226	29.84	8.08	0.18
227	30.79	8.75	0.22
228	30.96	8.33	0.00
229	31.15	9.22	0.14
230	29.91	5.62	0.00
231	26.38	3.52	0.00
232	27.28	3.25	0.00
233	26.68	3.00	0.00
234	26.66	3.65	0.00
235	29.20	4.55	0.00
236	31.32	6.87	0.00
237	30.18	12.42	0.00
238	30.78	9.06	0.00
239	29.27	10.49	0.00
240	27.36	5.66	0.00
241	27.88	4.26	0.00
242	31.42	4.98	0.00
243	32.59	7.94	0.00
244	31.79	5.32	0.00
245	30.88	3.81	0.00
246	29.74	4.49	0.00
247	28.56	1.84	0.00
248	25.95	5.60	0.00
249	21.93	4.22	0.00
250	22.33	-1.59	0.00
251	25.30	1.09	0.00
252	27.23	2.74	0.00
253	28.25	4.52	0.00
254	28.70	6.57	0.00
255	28.21	5.72	0.00
256	25.81	1.77	0.00
257	17.97	2.44	0.02
258	18.72	-2.44	0.00
259	19.20	4.77	0.00
260	16.16	-0.53	0.01
261	17.38	-4.40	0.00
262	16.43	-2.63	0.00
263	20.48	-2.33	0.00
264	24.34	0.21	0.00
265	26.08	3.24	0.00
266	22.79	6.33	0.00
267	22.57	-0.16	0.00
268	22.75	0.37	0.00
269	22.61	0.34	0.00
270	20.20	-0.90	0.00
271	19.96	-1.95	0.00
272	22.62	-0.12	0.00
273	25.31	1.59	0.00
274	26.20	4.63	0.31
275	22.64	6.85	0.00
276	23.53	0.71	0.00
277	24.99	1.18	0.00
278	26.12	1.11	0.00
279	25.54	2.27	0.00
280	26.39	0.54	0.00
281	26.17	1.29	0.00
282	27.49	1.06	0.00
283	28.69	1.61	0.00
284	26.37	4.23	0.00
285	23.73	1.31	0.00
286	22.32	-2.43	0.00
287	20.41	0.47	0.00
288	17.85	-2.29	0.00
289	19.66	-4.90	0.00
290	16.35	-2.99	0.00
291	12.54	-8.97	0.00
292	15.61	-5.67	0.01
293	10.88	-3.82	0.00
294	4.61	-12.28	0.00
295	6.20	-12.95	0.00
296	12.69	-12.23	0.00
297	12.33	-4.71	0.00
298	15.87	-0.69	0.08
299	8.62	-4.11	0.09
300	1.20	-3.86	0.00
301	7.39	-10.69	0.00
302	8.32	-10.92	0.00
303	6.83	-1.08	0.52
304	5.39	-2.20	0.60
305	4.70	-2.92	0.02
306	8.65	-8.03	0.00
307	10.08	-8.51	0.00
308	14.29	-9.25	0.00
309	11.83	0.10	0.00
310	5.46	-6.47	0.00
311	5.86	-12.95	0.00
312	10.11	-12.23	0.00
313	12.98	-9.77	0.00
314	13.50	-9.47	0.00
315	15.84	-8.86	0.00
316	16.35	-6.24	0.00
317	15.08	-3.45	0.00
318	18.12	-4.80	0.00
319	9.91	-2.44	0.00
320	3.51	-5.61	0.04
321	2.71	-12.01	1.33
322	11.75	-4.02	1.00
323	15.20	2.95	0.45
324	15.70	1.70	1.03
325	13.16	-1.00	0.10
326	8.16	-4.11	1.08
327	7.40	-0.85	0.97
328	7.96	-5.26	0.00
329	6.36	-5.58	0.10
330	6.54	-6.51	0.00
331	4.06	-5.30	0.00
332	3.99	-12.61	0.00
333	3.38	-9.32	0.15
334	1.37	-7.52	0.00
335	4.40	-13.84	0.00
336	6.44	-6.78	0.10
337	1.42	-12.82	0.00
338	3.34	-14.23	0.00
339	5.59	-12.67	0.00
340	8.50	0.51	1.46
341	7.18	-2.87	0.21
342	11.78	-7.58	0.00
343	14.93	-0.46	0.00
344	10.10	-1.63	0.00
345	7.28	-0.56	1.51
346	8.99	-2.97	0.31
347	10.83	-0.60	0.26
348	12.20	1.11	0.00
349	8.13	-10.96	0.00
350	1.39	-13.67	0.00
351	8.09	-12.76	0.00
352	1.83	-8.66	0.00
353	1.29	-14.40	0.00
354	4.45	-14.54	0.00
355	9.47	-11.20	0.09
356	0.35	-4.05	2.60
357	-1.23	-7.78	0.28
358	1.22	-7.76	0.57
359	-2.74	-16.70	0.00
360	-0.95	-16.76	0.00
361	5.60	-8.50	0.26
362	5.31	-2.22	0.40
363	6.50	-3.14	0.00
364	9.00	-0.38	0.98
365	10.92	-2.99	0.14
366	13.64	0.51	0.02
