# weather for site 002_-119.415_39.046 year =  1994
# DOY Tmax(C) Tmin(C) PPT(cm)
1	7.87	-9.15	0.00
2	7.19	-6.78	0.00
3	8.63	-11.50	0.00
4	11.45	-5.88	0.00
5	6.22	-1.74	0.00
6	2.97	-14.63	0.00
7	-0.12	-16.33	0.00
8	8.82	-16.18	0.00
9	6.00	-12.33	0.00
10	3.88	-15.12	0.00
11	6.24	-13.61	0.00
12	6.47	-14.21	0.00
13	6.96	-14.22	0.00
14	5.28	-13.93	0.00
15	9.80	-12.37	0.00
16	10.11	-13.58	0.00
17	9.81	-13.01	0.00
18	9.59	-13.21	0.00
19	9.90	-13.37	0.00
20	10.08	-13.49	0.00
21	8.98	-10.36	0.00
22	9.26	-14.73	0.00
23	7.14	-6.59	0.07
24	4.67	-11.46	0.00
25	3.78	-8.32	0.01
26	3.88	-9.61	0.14
27	0.38	-11.02	0.17
28	-1.09	-10.76	0.00
29	4.15	-15.14	0.00
30	5.26	-14.34	0.00
31	0.71	-16.46	0.00
32	0.31	-20.09	0.00
33	2.51	-16.84	0.00
34	4.71	-11.12	0.00
35	5.84	-13.35	0.00
36	5.63	-15.76	0.00
37	2.86	-10.42	0.08
38	1.16	-8.26	1.38
39	-0.07	-4.85	1.64
40	4.14	-10.31	0.01
41	5.37	-2.11	0.08
42	1.26	-9.43	0.22
43	1.07	-15.10	0.00
44	9.72	-13.10	0.00
45	9.82	-13.74	0.00
46	11.46	-11.82	0.00
47	12.47	-8.36	0.02
48	5.88	-2.33	0.88
49	1.92	-8.24	0.26
50	1.75	-13.56	0.08
51	2.78	-7.37	0.24
52	3.11	-8.79	0.02
53	3.01	-8.98	0.00
54	8.36	-12.19	0.00
55	13.99	-8.75	0.00
56	15.65	-7.22	0.00
57	11.51	2.00	0.00
58	10.26	0.92	0.00
59	10.51	-3.64	0.00
60	13.76	-7.54	0.00
61	16.89	-7.10	0.00
62	16.29	-5.40	0.00
63	16.11	-6.72	0.00
64	11.84	0.05	1.57
65	5.08	-2.20	0.31
66	9.30	-5.51	0.00
67	12.06	-7.11	0.00
68	14.83	-7.51	0.00
69	13.49	2.26	0.16
70	8.28	-1.30	0.02
71	9.74	-7.84	0.00
72	15.21	-9.40	0.00
73	19.85	-7.03	0.00
74	20.15	-2.27	0.00
75	16.52	1.01	0.00
76	13.71	-6.36	0.00
77	14.51	-0.30	0.00
78	13.12	2.87	0.00
79	13.99	-8.32	0.00
80	13.99	-5.06	0.00
81	8.41	-2.77	0.00
82	6.09	-12.80	0.00
83	8.18	-4.54	0.00
84	8.91	-0.72	0.00
85	13.19	-6.62	0.00
86	14.90	-8.21	0.00
87	18.24	-7.98	0.00
88	17.50	-5.33	0.00
89	18.05	-0.83	0.02
90	17.05	-2.21	0.00
91	14.89	-6.09	0.00
92	16.75	-6.18	0.09
93	12.85	1.96	1.64
94	11.39	-5.23	0.00
95	14.54	-7.58	0.00
96	11.82	-0.18	0.00
97	11.48	-4.89	0.00
98	9.28	-0.22	0.00
99	9.10	-5.22	0.00
100	9.10	-5.14	0.00
101	14.66	-7.75	0.00
102	19.35	-3.57	0.00
103	20.85	-3.65	0.00
104	18.62	0.17	0.00
105	20.88	-2.45	0.00
106	22.87	0.13	0.00
107	24.49	6.41	0.00
108	24.31	3.02	0.00
109	24.41	1.59	0.00
110	25.43	1.31	0.00
111	21.89	5.78	0.00
112	16.96	-2.03	0.00
113	12.71	1.22	0.00
114	10.69	-1.59	0.00
115	9.49	-1.93	0.02
116	10.11	-5.48	0.07
117	9.72	0.29	0.01
118	11.81	-1.46	0.00
119	15.60	-5.10	0.00
120	15.94	0.00	0.01
121	17.54	2.30	0.00
122	18.92	2.94	0.00
123	19.42	0.79	0.00
124	20.93	3.47	0.00
125	17.89	5.05	0.13
126	13.52	2.78	3.04
127	10.48	-0.64	0.61
128	16.20	-0.92	0.14
129	19.95	1.63	0.18
130	23.33	3.98	0.00
131	26.90	5.30	0.00
132	25.40	6.40	0.00
133	22.23	4.52	0.00
134	24.72	2.29	0.00
135	18.67	8.82	0.00
136	12.20	-0.36	0.00
137	10.89	-2.21	0.55
138	9.63	0.10	1.23
139	12.06	0.88	0.41
140	14.35	0.49	0.00
141	19.26	0.12	0.00
142	21.44	0.48	0.00
143	23.14	2.86	0.00
144	25.30	3.45	0.00
145	26.43	6.07	0.00
146	25.23	7.62	0.03
147	23.58	8.90	0.00
148	23.78	3.79	0.00
149	26.65	2.74	0.00
150	26.60	4.35	0.80
151	23.21	6.64	0.00
152	24.08	4.95	0.00
153	26.01	4.66	0.00
154	24.42	3.37	0.00
155	24.52	2.65	0.00
156	25.43	2.14	0.00
157	18.81	6.45	0.00
158	20.39	-2.50	0.00
159	22.35	0.42	0.00
160	26.33	2.36	0.00
161	30.43	5.04	0.00
162	31.26	7.50	0.00
163	29.20	6.09	0.00
164	26.71	10.27	0.00
165	24.02	8.23	0.00
166	21.00	3.91	0.00
167	21.50	-1.26	0.00
168	25.37	0.90	0.00
169	26.05	2.06	0.00
170	29.11	3.56	0.00
171	30.30	6.57	0.00
172	30.31	6.02	0.00
173	30.94	6.10	0.00
174	30.78	7.39	0.00
175	30.48	6.59	0.00
176	29.77	3.50	0.00
177	29.46	6.02	0.00
178	31.50	6.42	0.00
179	31.13	9.12	0.00
180	31.79	8.50	0.00
181	30.97	9.59	0.00
182	30.94	6.14	0.00
183	29.00	4.56	0.00
184	29.00	6.15	0.00
185	28.86	6.60	0.00
186	28.66	7.27	0.00
187	26.01	3.19	0.00
188	28.92	5.06	0.00
189	32.12	7.56	0.00
190	33.33	8.77	0.00
191	32.05	10.26	0.00
192	31.89	8.15	0.00
193	32.25	8.38	0.00
194	31.78	8.73	0.00
195	32.43	9.24	0.00
196	32.90	9.48	0.03
197	32.05	9.58	0.00
198	32.46	8.77	0.00
199	32.80	9.68	0.00
200	32.77	10.75	0.00
201	33.08	11.51	0.00
202	33.25	10.57	0.00
203	27.52	11.12	0.45
204	29.46	8.69	0.00
205	31.92	9.36	0.00
206	31.97	8.28	0.00
207	33.19	9.98	0.00
208	34.19	9.70	0.00
209	34.75	9.98	0.00
210	34.67	13.81	0.00
211	30.98	17.40	0.00
212	32.02	12.28	0.00
213	31.76	9.79	0.00
214	31.06	9.96	0.00
215	31.97	8.68	0.00
216	32.99	8.63	0.00
217	32.64	9.79	0.00
218	32.26	8.65	0.00
219	32.04	7.61	0.00
220	29.84	9.41	0.00
221	29.99	6.31	0.00
222	30.43	12.17	0.00
223	30.31	9.07	0.00
224	30.96	9.15	0.00
225	32.19	9.01	0.00
226	32.98	12.73	0.00
227	33.37	9.16	0.00
228	33.62	5.75	0.00
229	33.37	5.22	0.00
230	32.16	7.64	0.00
231	31.25	6.85	0.00
232	30.78	5.53	0.00
233	29.32	4.31	0.00
234	27.33	4.09	0.00
235	28.95	4.23	0.00
236	28.73	5.31	0.00
237	29.71	4.70	0.00
238	30.23	8.88	0.00
239	29.22	7.12	0.00
240	29.09	8.34	0.00
241	27.25	4.46	0.00
242	27.97	2.80	0.00
243	29.39	4.81	0.00
244	28.56	3.24	0.00
245	26.06	2.80	0.00
246	25.56	0.84	0.00
247	26.68	2.07	0.00
248	28.08	3.20	0.00
249	28.65	3.36	0.00
250	28.41	4.40	0.00
251	27.47	4.86	0.00
252	25.75	6.26	0.00
253	22.54	0.64	0.00
254	20.02	-1.00	0.00
255	16.87	1.36	0.08
256	17.45	0.34	0.07
257	20.80	0.11	0.00
258	22.45	-0.71	0.00
259	24.69	0.16	0.00
260	25.45	3.79	0.00
261	26.13	2.75	0.00
262	24.76	8.45	0.02
263	24.38	3.41	0.00
264	24.84	2.19	0.00
265	26.51	1.95	0.00
266	26.80	4.84	0.00
267	24.56	7.30	0.08
268	25.34	2.68	0.03
269	27.00	2.26	0.00
270	28.05	3.80	0.00
271	20.93	6.03	0.15
272	17.77	1.70	0.08
273	18.37	-1.37	0.00
274	20.04	-1.12	0.00
275	23.93	0.02	0.00
276	14.61	0.70	0.43
277	6.60	-1.55	1.17
278	12.48	-0.68	0.09
279	13.91	-1.85	0.00
280	15.84	-3.88	0.00
281	19.55	-4.18	0.00
282	21.77	-2.52	0.00
283	20.32	-0.49	0.00
284	19.54	-1.35	0.00
285	17.09	0.96	0.00
286	8.79	-2.62	0.00
287	12.55	-3.83	0.01
288	5.43	-4.30	0.00
289	6.28	-9.79	0.00
290	11.63	-8.94	0.00
291	15.99	-7.19	0.00
292	17.42	-5.67	0.00
293	16.92	-4.68	0.00
294	18.12	-6.12	0.00
295	17.95	-5.52	0.00
296	18.24	-5.96	0.00
297	18.06	-1.80	0.00
298	18.91	-4.68	0.00
299	18.57	-1.53	0.00
300	21.37	-0.99	0.00
301	17.55	-0.36	0.00
302	11.25	-7.11	0.00
303	10.92	-10.31	0.00
304	16.83	-6.86	0.00
305	15.41	-0.26	0.08
306	6.43	-3.04	0.00
307	0.22	-9.36	0.00
308	6.40	-12.79	0.10
309	6.19	1.42	0.53
310	6.72	-1.18	0.31
311	4.25	-0.62	2.30
312	6.90	-4.02	0.02
313	10.25	-0.77	0.01
314	9.45	-3.27	0.22
315	3.04	-5.02	0.00
316	5.21	-4.69	0.03
317	1.85	-12.18	0.04
318	1.62	-14.10	0.00
319	7.58	-11.87	0.00
320	3.06	-8.82	0.01
321	2.80	-6.27	1.64
322	-3.19	-10.66	0.12
323	-6.50	-22.83	0.00
324	-1.82	-18.82	0.01
325	-3.51	-14.97	0.00
326	-1.92	-11.03	0.00
327	-1.41	-18.48	0.00
328	2.76	-12.77	0.68
329	0.72	-8.19	1.70
330	-1.65	-9.87	0.15
331	1.61	-18.35	0.00
332	-0.22	-13.89	0.00
333	2.14	-13.95	0.00
334	3.78	-12.66	0.00
335	7.42	-11.72	0.00
336	8.81	-5.45	0.00
337	10.17	-2.09	0.00
338	8.98	-1.82	0.01
339	7.71	-6.78	0.00
340	5.71	-2.55	0.05
341	0.48	-11.17	0.00
342	-1.85	-13.70	0.00
343	0.68	-14.15	0.00
344	1.67	-14.17	0.00
345	3.63	-10.33	0.02
346	3.40	-4.91	0.03
347	0.93	-7.27	0.03
348	-0.85	-13.28	0.00
349	-0.62	-12.28	0.05
350	6.87	-9.30	0.00
351	4.73	-9.65	0.00
352	7.36	-9.09	0.02
353	5.77	-11.99	0.00
354	5.93	-10.55	0.00
355	6.93	-11.24	0.00
356	4.42	-12.60	0.00
357	4.58	-13.48	0.00
358	4.73	-10.45	0.09
359	0.33	-6.40	0.00
360	3.03	-8.76	0.00
361	2.75	-9.59	0.00
362	1.91	-6.31	0.20
363	-1.38	-4.51	0.00
364	-0.83	-7.02	0.00
365	-3.02	-14.06	0.00
