# weather for site 002_-119.415_39.046 year =  1955
# DOY Tmax(C) Tmin(C) PPT(cm)
1	7.70	-3.59	1.35
2	-1.33	-8.46	0.23
3	-4.42	-12.84	0.03
4	-3.88	-20.35	0.00
5	-4.52	-15.76	0.74
6	-4.05	-11.58	0.00
7	-7.10	-24.12	0.04
8	-5.35	-24.87	0.00
9	-4.31	-23.30	0.12
10	-5.45	-16.95	0.42
11	-5.38	-19.90	0.30
12	-2.91	-22.87	0.00
13	-0.73	-20.14	0.00
14	0.16	-17.67	0.00
15	3.29	-16.10	0.51
16	1.04	-8.89	0.03
17	-3.22	-20.27	0.30
18	-1.68	-14.68	0.28
19	-0.01	-13.71	0.05
20	-0.23	-18.45	0.00
21	-0.42	-13.98	0.00
22	1.70	-15.05	0.00
23	4.12	-15.59	0.00
24	2.87	-13.69	0.00
25	5.72	-13.26	0.00
26	4.45	-11.45	0.00
27	3.35	-14.73	0.00
28	3.31	-15.72	0.00
29	2.36	-13.37	0.00
30	3.88	-9.85	0.00
31	5.83	-9.62	0.00
32	4.31	-6.36	0.03
33	-1.33	-10.73	0.00
34	-3.89	-13.11	0.00
35	-1.04	-18.26	0.00
36	4.58	-12.09	0.00
37	5.20	-14.14	0.00
38	6.06	-13.40	0.00
39	11.79	-12.61	0.00
40	10.41	-8.74	0.00
41	6.77	-13.54	0.00
42	3.55	-14.05	0.00
43	10.32	-12.07	0.00
44	10.67	-12.44	0.00
45	10.46	-7.16	0.00
46	12.40	-8.97	0.00
47	13.88	-5.40	1.46
48	8.66	-3.69	0.18
49	3.37	-12.12	0.02
50	-1.69	-16.49	0.00
51	-0.10	-15.69	0.00
52	3.25	-15.83	0.00
53	5.58	-12.59	0.00
54	5.42	-14.16	0.00
55	7.81	-14.40	0.00
56	7.88	-9.61	0.00
57	4.19	-8.76	0.19
58	1.66	-6.82	0.20
59	3.77	-16.78	0.14
60	8.47	-13.72	0.00
61	11.05	-10.33	0.00
62	10.36	-9.18	0.00
63	6.53	-10.62	0.00
64	2.71	-15.13	0.00
65	4.45	-16.88	0.00
66	10.78	-14.35	0.00
67	15.14	-11.89	0.11
68	13.71	-4.41	0.23
69	11.78	-6.34	0.00
70	12.21	-3.02	0.00
71	12.33	-2.61	0.00
72	11.84	-2.77	0.00
73	8.73	-7.62	0.00
74	1.16	-12.92	0.00
75	4.99	-15.02	0.00
76	5.88	-15.27	0.00
77	10.52	-14.69	0.00
78	11.41	-13.00	0.00
79	4.74	-16.88	0.00
80	6.73	-15.51	0.00
81	12.67	-6.40	0.00
82	13.70	-9.96	0.00
83	15.07	-8.60	0.00
84	15.88	-7.54	0.00
85	13.18	-5.55	0.00
86	11.61	-3.66	0.38
87	13.12	0.35	0.09
88	13.31	0.79	0.00
89	10.91	-9.79	0.00
90	14.10	-10.83	0.00
91	16.15	-1.65	0.00
92	8.94	-8.67	0.07
93	4.79	-14.83	0.05
94	5.07	-9.45	0.20
95	5.96	-11.85	0.00
96	11.15	-11.02	0.00
97	13.13	-9.23	0.00
98	16.88	-6.68	0.00
99	18.59	-5.25	0.00
100	14.60	-0.96	0.00
101	11.71	-11.31	0.00
102	14.00	-7.98	0.00
103	15.36	-5.51	0.00
104	14.93	1.73	0.00
105	13.11	-8.88	0.00
106	14.99	-6.93	0.04
107	13.29	0.19	0.00
108	6.11	-8.81	0.00
109	5.97	-9.64	0.00
110	9.84	-2.24	0.00
111	10.67	-1.07	0.14
112	11.77	-4.47	0.00
113	15.78	-8.27	0.00
114	17.50	-6.15	0.19
115	13.69	1.05	0.20
116	7.11	-7.79	0.18
117	7.74	-12.96	0.00
118	14.61	-6.81	0.00
119	13.83	-3.63	0.15
120	11.65	-1.98	0.07
121	8.80	-2.39	0.00
122	13.44	-5.00	0.00
123	13.18	-6.16	0.00
124	16.38	-4.07	0.00
125	21.39	-3.46	0.06
126	23.10	-3.16	0.28
127	20.88	3.55	0.47
128	16.33	1.47	0.07
129	17.78	-2.16	0.00
130	20.49	-4.50	0.00
131	23.16	0.18	0.00
132	22.59	1.52	0.01
133	20.08	2.63	0.14
134	15.73	-3.90	0.09
135	7.56	-6.33	0.12
136	11.32	-4.88	0.00
137	13.48	-1.84	0.00
138	16.39	-5.00	0.00
139	22.08	-2.21	0.00
140	25.54	-0.06	0.00
141	26.12	3.35	0.00
142	24.61	-1.03	0.00
143	22.12	0.82	0.03
144	18.11	2.15	0.30
145	15.59	-6.22	0.11
146	17.47	-1.69	0.00
147	19.15	-3.14	0.00
148	22.58	-2.11	0.00
149	24.55	1.82	0.01
150	22.04	2.59	0.10
151	14.02	-3.05	0.89
152	10.75	-6.52	0.00
153	16.91	-2.33	0.00
154	20.71	0.68	0.00
155	22.30	4.83	0.00
156	25.35	3.69	0.00
157	28.30	4.19	0.00
158	30.83	8.10	0.00
159	32.24	8.30	0.00
160	32.98	8.76	0.01
161	31.76	8.21	0.07
162	28.60	5.06	0.00
163	26.97	5.71	0.00
164	24.59	2.97	0.00
165	22.23	4.72	0.00
166	19.37	1.45	0.00
167	19.42	-1.21	0.00
168	22.80	0.94	0.00
169	23.92	-0.16	0.00
170	26.70	1.20	0.07
171	27.62	2.83	0.00
172	28.67	3.16	0.00
173	26.88	3.47	0.00
174	23.99	4.15	0.00
175	20.49	-2.61	0.00
176	22.52	4.72	0.00
177	22.60	1.91	0.00
178	24.41	2.10	0.00
179	23.99	4.46	0.00
180	19.83	-0.62	0.00
181	22.90	-0.62	0.00
182	24.94	0.14	0.00
183	23.28	0.36	0.00
184	20.90	1.78	0.00
185	20.06	-0.32	0.00
186	23.34	-2.57	0.00
187	22.43	-3.53	0.00
188	22.91	0.79	0.00
189	24.62	0.98	0.00
190	22.21	7.71	0.00
191	22.53	3.93	0.00
192	24.37	6.81	0.00
193	29.07	4.05	0.00
194	30.84	7.97	0.17
195	31.61	10.69	0.00
196	30.24	13.41	0.07
197	28.79	13.71	0.00
198	28.81	6.83	0.00
199	30.78	5.41	0.00
200	31.95	8.55	0.07
201	31.33	12.03	0.09
202	29.03	12.63	0.23
203	29.66	8.85	0.00
204	29.66	10.46	0.00
205	30.87	5.90	0.00
206	28.48	3.20	0.00
207	27.91	0.98	0.00
208	27.36	1.70	0.00
209	26.37	3.00	0.00
210	27.91	2.90	0.00
211	29.26	4.75	0.00
212	30.57	5.16	0.00
213	31.39	4.25	0.00
214	32.56	5.45	0.00
215	33.22	7.66	0.03
216	32.29	9.05	0.00
217	30.86	8.34	0.00
218	30.34	11.47	0.00
219	31.42	7.47	0.00
220	30.75	7.23	0.00
221	31.32	3.84	0.00
222	31.27	3.43	0.00
223	31.88	1.66	0.00
224	32.40	5.37	0.00
225	29.15	3.56	0.00
226	29.43	1.99	0.00
227	29.48	2.51	0.00
228	28.52	7.92	0.00
229	29.16	3.32	0.00
230	29.82	6.42	0.00
231	30.10	3.89	0.00
232	31.20	5.44	0.00
233	31.29	5.54	0.00
234	32.04	5.06	0.00
235	30.60	3.82	0.00
236	29.70	8.51	0.00
237	27.73	2.15	0.00
238	26.43	0.29	0.00
239	26.16	0.13	0.00
240	30.07	1.77	0.00
241	30.79	-0.62	0.00
242	33.05	1.39	0.00
243	32.65	3.19	0.00
244	33.15	5.23	0.00
245	33.77	5.55	0.00
246	33.49	4.56	0.00
247	34.01	6.41	0.00
248	34.05	10.59	0.00
249	33.71	5.80	0.00
250	30.71	6.45	0.00
251	28.77	4.60	0.00
252	28.27	-0.47	0.00
253	28.80	1.28	0.00
254	30.82	1.42	0.00
255	29.37	3.76	0.00
256	27.49	4.63	0.00
257	24.69	2.74	0.00
258	21.69	5.29	0.05
259	20.71	0.37	0.39
260	17.88	-0.81	0.64
261	11.59	-1.01	4.30
262	10.67	0.37	0.31
263	16.62	-1.10	0.14
264	20.24	-0.18	0.00
265	20.48	-1.49	0.32
266	21.41	-0.93	0.02
267	18.92	-2.24	0.07
268	16.35	-4.01	0.00
269	18.80	-4.87	0.00
270	21.76	-4.07	0.00
271	22.01	1.09	0.00
272	20.61	-4.01	0.00
273	20.99	-4.39	0.00
274	22.61	-4.22	0.00
275	24.39	-3.04	0.00
276	24.55	-2.90	0.00
277	20.09	-2.59	0.00
278	16.84	-5.79	0.00
279	17.34	-7.37	0.00
280	20.14	-6.17	0.00
281	22.51	-0.59	0.00
282	23.32	-2.04	0.00
283	21.87	-1.12	0.01
284	18.07	-4.07	0.00
285	19.63	-3.96	0.00
286	21.92	-2.36	0.01
287	23.15	-1.56	0.00
288	23.06	-1.23	0.00
289	21.88	-2.36	0.00
290	22.01	-2.71	0.13
291	20.92	0.22	0.14
292	18.87	3.24	0.02
293	16.29	-3.27	0.00
294	16.14	-5.23	0.00
295	16.86	-5.76	0.00
296	16.78	-7.54	0.00
297	17.97	-9.63	0.00
298	19.81	-7.23	0.01
299	16.11	0.58	0.00
300	13.13	-11.73	0.00
301	15.55	-9.63	0.00
302	18.22	-6.50	0.00
303	19.19	-4.68	0.00
304	15.07	-8.18	0.00
305	10.66	-4.12	0.00
306	11.78	-12.12	0.00
307	14.32	-11.06	0.00
308	18.20	-5.74	0.04
309	15.50	-1.27	0.01
310	13.97	-1.59	0.00
311	13.50	-8.35	0.00
312	13.70	-9.32	0.00
313	15.81	-8.67	0.00
314	17.36	-9.39	0.00
315	15.30	-4.88	0.00
316	9.71	-10.16	0.03
317	6.50	-10.75	0.17
318	4.14	-8.32	0.00
319	1.38	-13.92	0.22
320	2.30	-9.58	0.89
321	1.38	-6.16	0.12
322	9.75	-7.38	0.00
323	14.27	-3.70	0.04
324	14.34	-3.86	0.04
325	10.61	-2.79	0.15
326	4.32	-11.27	0.03
327	5.14	-13.53	0.01
328	6.37	-15.12	0.00
329	10.13	-15.33	0.00
330	14.21	-8.17	0.00
331	13.88	-10.12	0.00
332	12.11	-11.42	0.00
333	11.98	-9.47	0.00
334	10.30	-10.22	0.18
335	9.40	-4.42	0.24
336	3.26	-9.93	0.00
337	1.68	-9.07	0.00
338	1.46	-14.56	0.16
339	2.25	-14.95	0.77
340	9.82	-4.84	0.05
341	8.24	-12.54	0.14
342	8.29	-9.15	0.40
343	6.76	-4.05	0.00
344	6.53	-10.75	0.00
345	8.77	-10.15	0.00
346	9.65	-6.87	0.00
347	10.93	-11.12	0.00
348	11.21	-8.40	0.00
349	8.91	-11.99	0.00
350	9.08	-7.91	0.00
351	7.74	-5.14	0.68
352	10.19	-5.11	1.52
353	10.23	0.18	0.82
354	10.22	-1.39	3.45
355	12.19	-1.76	5.63
356	11.77	4.45	7.58
357	9.65	2.52	10.00
358	4.27	-4.25	2.83
359	5.26	-7.47	0.51
360	5.53	-5.56	0.51
361	3.73	-7.05	0.02
362	-1.03	-9.89	0.04
363	-4.53	-10.20	0.26
364	-4.07	-20.28	0.05
365	-0.10	-17.23	0.00
