#DOY	Tmax_C	Tmin_C	PPT_cm
1	-3.15	-16.24	0.05
2	-1.79	-8.86	0.59
3	-2.56	-11.47	0.33
4	-3.97	-16.83	0
5	-3.92	-14.86	0.2
6	0.01	-13.35	0.58
7	-7.63	-25.68	0
8	-15.11	-31.68	0
9	-11.85	-27.7	0
10	-8.4	-23.56	0
11	-7.59	-23.13	0
12	-3.52	-21.92	0
13	-2.32	-18.07	0
14	-3.86	-17.93	0
15	-2.09	-16.7	0
16	-2.91	-16.83	0
17	-0.96	-14.87	0
18	-1.16	-16.26	0
19	0.08	-11.69	0.22
20	-1.6	-13.45	0.14
21	-2.12	-12.62	0
22	1.74	-8.69	0.05
23	-0.33	-9.19	0.16
24	-4.17	-9	0.18
25	-6.26	-19.26	0.14
26	-6.27	-18.47	0.23
27	-2.76	-11.28	0.07
28	-2.29	-8.55	0.02
29	-2.03	-9.78	0
30	-3.72	-17.84	0
31	-1.68	-18.24	0.04
32	-0.89	-12.23	0.01
33	-3.03	-18.86	0
34	-3.55	-18.8	0
35	-2.02	-16.32	0.01
36	-1.54	-15.35	0.01
37	-0.38	-8.2	0.35
38	-1.56	-8.6	0.1
39	-4.32	-17.84	0
40	-6.51	-23.51	0
41	-4.63	-21.43	0.02
42	-2.11	-16.03	0.11
43	-2.9	-12.86	0.74
44	-0.93	-9.87	0.12
45	-3.86	-13.3	0
46	-6.35	-23.39	0.04
47	-2.84	-15.86	0
48	-1.03	-9.96	0.02
49	-1.24	-7.98	0.24
50	-3.06	-18.17	0.13
51	-3.97	-11.83	0.5
52	-6.82	-13.37	0.45
53	-8.93	-19.43	0.12
54	-6.96	-24.56	0
55	-3.03	-22.25	0.13
56	-1.33	-10.54	0.4
57	-1.22	-12.87	0.03
58	0.49	-14.13	0
59	0.8	-11.3	0.01
60	1.72	-10.57	0
61	0.85	-13.72	0
62	4.09	-11.98	0
63	6.44	-8.75	0.24
64	4.01	-7.41	0.45
65	3.26	-6.78	0.11
66	4.89	-10.43	0.2
67	2.63	-8.97	0.03
68	3.46	-5.77	0.03
69	1.95	-5.81	0.74
70	-0.47	-8.8	0.02
71	0.95	-14.09	0
72	3.89	-11.52	0
73	5.71	-8.57	0
74	4.59	-7.4	0
75	6.19	-9.53	0
76	7.29	-8.36	0
77	9.24	-7.6	0.29
78	7.41	-7.02	0.89
79	-0.98	-19.54	0
80	1.94	-13.88	0
81	8.01	-10.6	0.31
82	8.14	-7.99	0.68
83	2.14	-10.11	0
84	5.03	-9.65	0.12
85	5.07	-7.93	0.26
86	3.07	-7.18	0.26
87	5.46	-10.37	0.08
88	10.01	-8.99	0
89	13.66	-4.93	0
90	13.43	-4.01	1.27
91	7.32	-4.48	2.56
92	2.82	-14.09	0.18
93	-0.76	-9.04	0.14
94	1.7	-6.17	0.36
95	7.31	-3.6	0.22
96	4.35	-6.82	1.12
97	-0.84	-7.02	0.94
98	4.72	-11	0
99	11.17	-8.27	0
100	12.85	-6.72	0
101	15.91	-3.72	0
102	17.53	-1.05	0
103	15.95	-0.47	0.02
104	10.37	-7.17	0
105	14.96	-5.88	0
106	17.51	-2.46	0.01
107	16.27	0.22	0.64
108	15.67	-2.97	0
109	18.94	-1.63	0
110	18.59	-0.8	0
111	19.67	1.46	0.34
112	16.73	-2.13	0.81
113	6.52	-3.13	1.24
114	7.8	-3.7	0.03
115	10.69	-0.6	0.1
116	10.1	-6.27	0
117	14.63	-4.74	0
118	15.99	-1.24	0.97
119	6.48	-6.37	0.57
120	2.64	-5.59	0.49
121	4.27	-4.7	0.18
122	6.77	-3.8	0.43
123	9.12	-4.78	0
124	11.67	-0.57	0.01
125	13.79	-8.18	0.09
126	15.88	-4.6	0.44
127	6.1	-7.26	0
128	12.41	-5.83	0
129	16.97	-3.64	0.12
130	16.11	-0.14	0.49
131	9.56	-0.9	0.43
132	7.81	-2.57	0.64
133	8.48	-4.06	0
134	13.2	-2.79	0.38
135	11.79	-0.69	0.93
136	14.62	-2.46	0.23
137	19.58	-0.37	0
138	19.4	4.33	0.09
139	15.44	3.09	1.4
140	14.69	1.59	0.31
141	20.59	1.48	0
142	19.75	2.71	0
143	17.91	-3.16	0.07
144	16.8	-1.38	0.42
145	13.79	-4.83	0
146	20.18	-1.75	0
147	23.81	1.87	0
148	25.58	3.81	0
149	23.9	2.16	0
150	16.48	-2.88	0
151	19.75	-1.74	0
152	19.1	0.92	0
153	18.51	4.47	0.02
154	19.4	5.21	0.01
155	23.86	5.12	0
156	24.54	7.24	0
157	26.37	5.95	0
158	28.83	7.89	0.08
159	24.36	7.48	0.19
160	24.05	7.28	0.02
161	25.07	6.23	0.06
162	21.56	3.14	0.16
163	16.83	4.96	1.92
164	11.4	3.17	0.65
165	13.36	3.12	0.27
166	18.48	2	0
167	23.37	4.19	0.02
168	23.18	1.82	0.02
169	21.92	-0.43	0
170	25.1	2.07	0
171	24.68	3.4	0
172	24.32	2.41	0
173	23.93	1.71	0
174	24.24	1.91	0
175	26.57	4.91	0
176	28.68	3.56	0
177	26.54	8.31	0.06
178	24.93	3.97	0
179	26.55	4.75	0
180	27.67	6.6	0
181	27.02	7.84	0.02
182	25.46	8.33	0.02
183	23.39	7.88	0.08
184	25.38	8.34	0
185	24.49	3.4	0.25
186	23.24	0.98	0.23
187	24.81	3.26	0
188	25.38	4.12	0.05
189	24	5.19	0.11
190	25.4	4.59	0
191	24.92	5.8	0.02
192	24.48	6.2	0
193	26.15	4.95	0
194	28.41	6.58	0.01
195	27.94	9.95	0.32
196	28.06	5.89	0
197	29.44	4.44	0
198	29.31	6.82	0
199	30.11	8.78	0.01
200	30.02	9.07	0.02
201	30.5	7.42	0.06
202	26.9	10.48	0.28
203	25.6	10.47	0.26
204	27.85	7.97	0
205	28.37	5.87	0
206	29.89	7.29	0
207	30.65	8.4	0
208	29.1	10.28	0.01
209	27.96	13.56	0.16
210	26.33	12.5	0.18
211	27.36	9.4	0
212	29.77	11.48	0
213	28.33	13.14	0.36
214	26.2	10.43	0.48
215	26.46	9.53	0.17
216	23.11	9.44	0.68
217	24.11	7.29	0.06
218	25.13	8.94	0.08
219	25.17	7.6	0.02
220	25.24	9.26	0.07
221	23.66	6.81	0.1
222	24.41	4.93	0
223	26.48	5.46	0.02
224	26.39	8.13	0
225	25.8	2.55	0
226	25.6	3.37	0
227	26.82	4.11	0
228	26.18	7.73	0.22
229	26.39	5.54	0
230	28	5.81	0.21
231	25.21	9.32	1.08
232	21.32	6.14	0.08
233	26.01	6.03	0
234	29.02	7.34	0.03
235	25.22	8.42	0.04
236	24.66	-0.06	0
237	26.56	1.72	0
238	28.42	3.23	0
239	28.41	5.2	0
240	26.14	7.37	0
241	23.42	7.94	0.12
242	22.16	6.3	0.33
243	19.81	2.16	0.02
244	21.95	0.35	0
245	21.58	1.1	0
246	23.24	0.23	0
247	26.43	1.7	0
248	27.27	2.92	0
249	24.69	2.7	0
250	22.04	-2.87	0.03
251	22.99	2.41	0.49
252	19.8	6.32	0.05
253	18.08	3.05	0
254	19.15	-3.01	0
255	22.09	-2.11	0
256	24.5	0.04	0
257	25.45	1.41	0
258	23.76	2.22	0
259	24.08	0.96	0
260	25.93	2.03	0
261	27.11	2.28	0
262	27.93	2.35	0
263	26.28	3.93	0.1
264	24.57	0.29	0.15
265	22.66	3.28	0.22
266	18.21	4.79	0.43
267	19.85	-0.25	0
268	21.7	-1.59	0
269	24.65	0.48	0
270	25.31	-0.19	0
271	26.42	1.01	0
272	26.37	-0.02	0
273	25.06	2.24	0
274	24.67	0.75	0
275	24.62	0.99	0
276	24.41	0.74	0
277	23.54	1.56	0.01
278	21.02	1.89	0
279	19.47	3.72	0.18
280	20.5	4.52	0.32
281	16.53	2.99	0.26
282	13.12	-0.09	0.51
283	11.99	1.91	0.1
284	15.19	-2.27	0.18
285	16.03	0.58	0.14
286	15.37	-3.47	0.01
287	18.1	-2.7	0
288	19.45	-3.13	0
289	19.26	-3.4	0
290	16.82	-2.42	0
291	12.64	-0.13	0.82
292	10.61	-2.03	0
293	15.8	-4.66	0
294	18.05	-4.91	0.01
295	15.13	0.03	0.94
296	9.26	1.17	0.91
297	10.88	-0.39	0.96
298	12.15	-2.61	1.12
299	-0.13	-5.39	0.08
300	0.12	-7.72	0
301	4.11	-11.47	0
302	11.69	-8.4	0
303	16.1	-4.85	0.05
304	13.53	-0.52	0.1
305	9.32	-1.93	0.03
306	10.96	-4.85	0
307	13.56	-5.11	0
308	14.2	-5.12	0
309	15.31	-5.06	0
310	18.16	-3.4	0
311	14.32	-2.55	0
312	13.94	-4.01	0.29
313	12.55	-4.65	0.59
314	-1.04	-9.19	0.1
315	0.12	-8.42	0.05
316	-0.55	-8.74	0.02
317	-0.71	-9.14	0.46
318	-1.83	-7.57	0.75
319	0.37	-5.84	0.74
320	2.53	-4.57	0.92
321	1.25	-9.45	0.14
322	3.17	-12.38	0
323	5.99	-11.4	0
324	9.27	-7.14	0.3
325	6.84	-6.07	0.65
326	0	-9.41	0.46
327	-0.75	-11.57	0.15
328	-0.55	-17.94	0.42
329	-11.72	-27.82	0
330	-5.28	-21.41	0
331	-1.02	-16.03	0
332	0.68	-11.34	0.32
333	-4.02	-10.54	0.32
334	-8.26	-21.41	0.12
335	-2.97	-14.92	0.01
336	1.11	-9.28	0
337	3.25	-7.17	0.01
338	1.5	-5.32	0.03
339	1.79	-3.29	0.08
340	0.99	-7.72	0.35
341	1.36	-7.22	0.09
342	1.86	-11.51	0
343	1.33	-10	0.01
344	3.28	-5.55	0.21
345	-0.38	-7.29	0
346	-1.33	-8.3	0
347	0.38	-9.13	0
348	1.84	-7.92	0
349	3.46	-6.92	0.74
350	-3.81	-20.08	0
351	-9.69	-24.76	0.09
352	-6.51	-18.12	0.99
353	-0.08	-7.79	0.52
354	4.47	-5.32	3.24
355	-2.7	-6.84	1.59
356	-0.2	-6.65	0.31
357	1.43	-4.05	0.33
358	-0.01	-11.44	0
359	-2.96	-15.33	0
360	-5.36	-20.23	0.1
361	-4.28	-14.3	0.22
362	-6.85	-19.63	0.06
363	-5.49	-19.15	2.62
364	-4	-16.35	0.62
365	-14.8	-24.38	0.11
