# weather for site 002_-119.415_39.046 year =  1952
# DOY Tmax(C) Tmin(C) PPT(cm)
1	-6.64	-24.97	0.00
2	-7.67	-24.47	0.00
3	-6.95	-24.84	0.00
4	-5.29	-23.55	0.00
5	-3.30	-23.30	0.00
6	1.13	-19.44	0.00
7	0.56	-10.17	0.02
8	-0.90	-12.90	0.00
9	-1.12	-19.48	0.03
10	3.61	-14.87	0.62
11	2.57	-4.74	1.23
12	-0.62	-5.11	0.89
13	-0.61	-17.34	0.66
14	-0.77	-10.55	1.11
15	1.36	-4.97	1.12
16	0.19	-9.90	0.21
17	-2.35	-16.30	0.00
18	-2.08	-17.19	0.00
19	-1.71	-16.19	0.24
20	1.08	-10.85	0.08
21	1.48	-10.05	0.00
22	2.35	-6.37	0.01
23	5.40	-7.01	0.73
24	5.90	-4.75	0.84
25	3.97	-3.52	0.57
26	7.22	-6.92	0.00
27	4.95	-11.54	0.00
28	4.70	-10.41	0.00
29	6.00	-10.18	0.02
30	8.76	-7.87	0.07
31	10.28	-3.63	0.78
32	10.11	-5.09	1.88
33	6.69	-3.95	0.97
34	6.86	-6.43	0.00
35	7.81	-8.01	0.00
36	8.47	-9.69	0.00
37	8.84	-10.99	0.00
38	9.20	-10.56	0.00
39	9.00	-10.07	0.00
40	9.46	-10.44	0.00
41	10.65	-10.32	0.02
42	8.46	-4.69	0.14
43	1.37	-11.18	0.00
44	1.67	-14.45	0.00
45	3.16	-12.49	0.00
46	7.16	-9.39	0.21
47	7.70	-1.63	0.28
48	4.98	-7.11	0.00
49	-1.05	-12.03	0.00
50	0.33	-8.66	0.00
51	2.49	-7.92	0.00
52	2.21	-10.57	0.00
53	3.96	-8.44	0.00
54	6.09	-5.38	0.00
55	7.04	-9.73	0.00
56	8.44	-12.80	0.00
57	10.73	-11.07	0.00
58	9.28	-8.16	0.00
59	11.25	-5.80	0.05
60	11.49	-7.29	0.00
61	7.48	-7.91	0.65
62	-0.70	-14.93	0.09
63	4.68	-13.69	0.08
64	7.45	-8.93	0.00
65	4.85	-10.85	0.00
66	3.18	-10.15	0.42
67	0.65	-6.65	2.15
68	-0.89	-6.51	1.17
69	4.34	-10.27	0.13
70	4.56	-5.28	0.04
71	1.49	-10.23	0.00
72	2.14	-8.46	0.00
73	1.65	-12.64	0.00
74	1.01	-11.86	4.89
75	-0.85	-5.35	0.61
76	1.99	-10.44	0.00
77	6.52	-9.94	0.35
78	6.61	-6.41	1.19
79	0.22	-7.74	0.49
80	-1.14	-15.82	0.00
81	-0.73	-19.84	0.00
82	-0.35	-18.92	0.00
83	4.67	-15.67	0.00
84	10.54	-4.06	0.00
85	13.67	-5.71	0.00
86	12.28	-7.27	0.00
87	14.26	-8.85	0.00
88	14.91	-3.13	0.00
89	14.99	-3.51	0.00
90	14.35	-0.08	0.00
91	14.12	-6.09	0.00
92	15.63	-7.86	0.00
93	15.32	1.04	0.00
94	14.21	-7.17	0.00
95	17.24	-6.70	0.00
96	20.46	-4.39	0.00
97	20.48	-1.51	0.00
98	16.39	-0.82	0.00
99	10.44	-6.92	0.07
100	12.04	-7.79	0.09
101	11.16	-0.67	0.50
102	11.28	-6.31	0.00
103	15.46	-5.01	0.00
104	13.65	-0.18	0.00
105	8.71	-7.28	0.00
106	11.47	-9.15	0.00
107	14.90	-7.31	0.00
108	16.01	-5.95	0.00
109	19.86	-3.97	0.00
110	16.08	0.36	0.00
111	13.39	-5.54	0.00
112	14.05	-8.03	0.00
113	18.81	-5.08	0.00
114	21.01	-3.45	0.00
115	19.54	0.86	2.46
116	15.69	2.66	2.54
117	12.66	-0.67	0.39
118	15.05	-1.23	0.00
119	18.03	0.97	0.00
120	15.82	-3.14	0.00
121	15.48	1.84	0.00
122	15.16	1.18	0.00
123	18.07	0.66	0.00
124	17.57	3.12	0.00
125	18.21	-5.97	0.00
126	18.77	-4.99	0.03
127	18.03	-3.81	0.00
128	15.47	0.04	0.00
129	13.84	-4.01	0.00
130	16.22	-4.75	0.00
131	20.22	-2.60	0.00
132	22.52	0.16	0.00
133	21.50	-0.56	0.00
134	21.77	0.62	0.00
135	20.06	-3.09	0.00
136	16.84	-0.41	0.00
137	15.88	1.66	0.01
138	19.90	-2.51	0.00
139	23.95	-0.89	0.00
140	24.00	1.61	0.00
141	20.50	4.45	0.00
142	17.99	-2.41	0.00
143	18.77	-1.73	0.00
144	21.77	-2.17	0.00
145	25.00	2.16	0.00
146	24.69	0.71	0.00
147	25.26	1.60	0.00
148	26.49	2.58	0.00
149	25.76	2.92	0.00
150	22.48	-0.98	0.00
151	24.12	-0.01	0.00
152	24.19	2.06	0.00
153	22.54	0.92	0.00
154	23.77	3.52	0.00
155	24.62	2.98	0.01
156	26.58	3.54	0.07
157	28.15	6.96	0.20
158	22.46	8.09	0.87
159	21.68	5.67	0.00
160	26.75	3.54	0.79
161	26.23	4.67	0.09
162	19.42	0.52	0.25
163	18.40	3.92	0.00
164	14.99	-6.76	0.00
165	17.80	-3.53	0.00
166	18.39	-0.40	0.00
167	18.97	-2.59	0.00
168	23.52	-2.62	0.00
169	27.11	0.69	0.00
170	27.08	3.44	0.00
171	24.79	0.18	0.00
172	24.25	2.61	0.00
173	21.52	6.05	0.01
174	21.55	0.91	0.01
175	19.14	7.81	0.00
176	19.23	0.43	0.08
177	17.44	-0.43	0.13
178	16.73	2.40	0.00
179	19.37	2.00	0.00
180	17.20	7.53	0.00
181	17.99	2.49	0.00
182	20.46	-1.64	0.00
183	26.06	1.54	0.00
184	26.69	3.50	0.00
185	29.18	4.55	0.00
186	30.73	3.77	0.00
187	29.60	4.34	0.00
188	28.77	3.85	0.00
189	29.28	5.22	0.00
190	30.26	5.86	0.02
191	30.68	11.12	0.00
192	27.23	12.52	0.04
193	25.17	7.85	0.04
194	25.31	6.58	0.09
195	26.29	6.28	0.55
196	27.16	6.12	0.05
197	28.29	4.93	0.18
198	30.33	7.91	0.00
199	31.23	8.76	0.00
200	31.79	10.00	0.00
201	29.81	3.27	0.00
202	30.43	4.66	0.00
203	29.91	6.79	0.00
204	29.53	4.72	0.00
205	30.24	5.78	0.00
206	29.44	9.42	0.04
207	28.06	9.33	0.24
208	27.10	8.86	0.12
209	29.13	8.50	0.39
210	29.34	9.76	0.62
211	28.38	9.77	0.32
212	22.74	11.30	0.84
213	20.27	6.85	0.11
214	26.67	5.37	0.07
215	28.40	7.77	0.00
216	29.86	8.41	0.00
217	29.30	7.30	0.00
218	29.81	7.60	0.00
219	28.99	9.81	0.00
220	29.08	7.92	0.00
221	28.98	4.51	0.00
222	28.36	6.73	0.00
223	27.59	2.79	0.00
224	28.83	4.30	0.00
225	29.89	5.72	0.00
226	29.94	7.68	0.00
227	28.98	1.29	0.00
228	29.51	1.35	0.00
229	29.68	2.96	0.00
230	29.25	2.73	0.00
231	29.40	0.42	0.00
232	29.12	1.67	0.00
233	28.39	2.84	0.00
234	28.96	3.65	0.00
235	29.03	3.47	0.00
236	29.93	3.78	0.00
237	28.24	4.80	0.00
238	26.66	2.65	0.00
239	25.28	2.15	0.00
240	25.09	0.21	0.00
241	26.85	1.48	0.00
242	27.39	3.15	0.00
243	26.94	2.62	0.00
244	27.26	0.93	0.00
245	28.83	2.50	0.00
246	30.51	4.36	0.00
247	30.48	6.54	0.00
248	27.37	7.25	0.00
249	25.03	1.46	0.00
250	25.64	6.30	0.03
251	25.15	-1.14	0.00
252	24.55	-1.86	0.00
253	22.60	3.85	0.07
254	17.95	-0.15	0.85
255	12.18	-1.80	0.36
256	14.11	-0.59	0.07
257	19.29	-3.96	0.00
258	21.08	-1.98	0.00
259	24.41	-1.07	0.00
260	25.00	-0.45	0.00
261	26.28	-1.49	0.01
262	26.72	-0.75	0.03
263	25.17	2.84	0.00
264	23.51	6.57	0.02
265	24.94	2.65	0.00
266	26.42	1.79	0.00
267	27.40	3.37	0.00
268	27.47	3.31	0.00
269	27.70	-0.76	0.00
270	27.07	1.67	0.03
271	25.91	0.93	0.00
272	26.66	1.51	0.00
273	27.03	1.79	0.00
274	26.53	0.15	0.00
275	26.16	-1.19	0.00
276	27.59	-1.08	0.00
277	27.95	0.42	0.00
278	27.16	-0.08	0.00
279	26.29	-1.44	0.00
280	25.97	-3.36	0.00
281	23.94	-0.20	0.00
282	24.26	-1.30	0.00
283	21.70	-3.71	0.00
284	20.69	-2.60	0.00
285	22.10	-2.73	0.00
286	23.41	-3.72	0.00
287	24.01	-4.45	0.00
288	22.45	-4.34	0.00
289	21.36	-6.19	0.00
290	22.15	-0.87	0.00
291	22.64	1.64	0.18
292	19.79	6.01	0.00
293	17.32	-5.68	0.00
294	18.05	-6.00	0.00
295	19.51	-6.81	0.00
296	21.60	-6.59	0.00
297	19.73	-6.07	0.00
298	18.40	-5.21	0.00
299	20.27	-7.05	0.00
300	20.99	-7.55	0.00
301	20.72	-7.24	0.00
302	20.63	-7.38	0.00
303	19.17	-6.18	0.00
304	18.38	-6.60	0.00
305	18.03	-5.57	0.00
306	12.79	-7.65	0.00
307	9.90	-12.06	0.00
308	11.63	-14.60	0.00
309	14.48	-13.24	0.00
310	15.74	-7.55	0.00
311	14.72	-5.86	0.00
312	15.18	-9.41	0.00
313	14.50	-10.58	0.00
314	13.20	-13.05	0.00
315	11.29	-12.88	0.00
316	13.40	-8.85	0.05
317	13.56	-8.03	0.54
318	12.41	-0.63	1.21
319	9.40	-2.97	1.08
320	2.65	-7.56	0.32
321	0.85	-5.90	0.36
322	2.18	-12.32	0.00
323	5.74	-13.09	0.00
324	6.13	-13.09	0.00
325	6.99	-13.29	0.00
326	3.21	-9.58	0.00
327	0.33	-15.67	0.00
328	-1.47	-16.69	0.00
329	1.52	-17.85	0.00
330	3.89	-18.17	0.00
331	2.28	-18.30	0.00
332	2.48	-17.92	0.00
333	3.38	-18.91	0.00
334	0.12	-19.16	0.00
335	1.77	-17.43	0.00
336	5.33	-12.28	0.77
337	3.69	-7.84	0.45
338	2.23	-14.57	0.00
339	4.99	-12.52	0.00
340	7.05	-10.92	0.78
341	5.65	-12.12	1.59
342	5.58	-2.85	0.70
343	4.01	-3.89	0.00
344	1.53	-8.94	0.14
345	9.02	-7.39	0.00
346	10.68	-7.22	0.00
347	10.25	-9.33	0.00
348	9.28	-11.61	0.00
349	9.03	-11.99	0.00
350	9.14	-11.62	0.00
351	6.53	-8.21	0.00
352	5.91	-8.39	0.00
353	7.49	-11.73	0.15
354	5.32	-7.13	0.38
355	1.98	-5.24	0.00
356	3.24	-14.47	0.00
357	4.70	-11.49	0.00
358	2.13	-15.99	0.00
359	-3.11	-15.32	0.14
360	2.44	-11.16	0.11
361	5.11	-7.85	0.00
362	4.54	-6.02	0.12
363	1.85	-10.75	0.00
364	4.39	-10.28	0.21
365	5.07	-6.93	1.75
366	0.23	-11.15	0.00
