# weather for site 002_-119.415_39.046 year =  1972
# DOY Tmax(C) Tmin(C) PPT(cm)
1	-7.09	-15.30	0.00
2	-1.92	-17.14	0.00
3	-1.51	-16.96	0.00
4	-8.04	-23.97	0.00
5	-3.98	-21.94	0.00
6	-2.57	-17.63	0.00
7	-3.40	-16.87	0.00
8	0.06	-15.13	0.00
9	0.49	-16.84	0.00
10	4.46	-14.45	0.00
11	4.62	-13.72	0.00
12	7.14	-9.44	0.00
13	5.62	-8.34	0.00
14	3.04	-12.14	0.00
15	1.39	-14.00	0.00
16	0.86	-13.63	0.00
17	7.16	-12.93	0.00
18	8.16	-6.64	0.00
19	7.54	-4.12	0.00
20	8.53	-3.77	0.00
21	9.46	-1.30	0.00
22	11.09	-1.71	0.05
23	7.93	-3.22	0.22
24	2.27	-13.25	0.02
25	2.47	-10.46	0.02
26	-0.99	-9.44	0.36
27	-1.57	-13.14	0.45
28	-3.48	-9.80	0.59
29	-3.45	-15.84	0.04
30	-1.59	-18.09	0.00
31	6.26	-17.46	0.00
32	4.04	-12.88	0.00
33	0.37	-18.08	0.00
34	2.53	-15.90	0.00
35	0.77	-11.83	0.07
36	1.57	-9.06	0.13
37	3.93	-6.68	0.15
38	6.77	-9.83	0.00
39	4.66	-9.26	0.00
40	5.89	-9.96	0.00
41	5.96	-10.62	0.00
42	9.59	-9.73	0.00
43	10.42	-6.86	0.00
44	10.51	-7.17	0.00
45	10.82	-7.79	0.15
46	10.28	-6.79	0.00
47	12.49	-7.70	0.00
48	13.07	-9.36	0.00
49	13.15	-6.75	0.00
50	13.85	-4.33	0.00
51	12.92	-3.42	0.00
52	13.13	-5.40	0.30
53	9.78	-5.23	0.35
54	7.25	-4.02	0.00
55	7.80	-2.99	0.01
56	6.04	-4.18	0.08
57	12.03	-2.79	0.00
58	15.56	-5.10	0.00
59	17.87	-3.75	0.25
60	12.01	-2.30	0.29
61	8.93	-9.60	0.00
62	13.21	0.00	0.00
63	13.92	5.51	0.00
64	18.57	1.83	0.00
65	19.28	-3.24	0.00
66	20.99	2.23	0.00
67	18.67	-3.32	0.00
68	20.47	-3.47	0.00
69	21.00	-0.17	0.00
70	18.80	0.75	0.00
71	16.89	-1.19	0.00
72	15.52	-1.04	0.00
73	15.35	-3.08	0.00
74	15.08	-5.35	0.00
75	15.01	-4.42	0.00
76	17.52	-3.76	0.00
77	20.19	-2.05	0.00
78	18.99	1.16	0.00
79	16.42	-6.10	0.00
80	18.34	-4.30	0.00
81	18.59	1.03	0.00
82	15.02	0.70	0.04
83	9.18	-9.53	0.00
84	13.56	-7.87	0.00
85	11.89	-3.63	0.00
86	7.82	-9.83	0.00
87	4.39	-9.67	0.00
88	7.15	-9.88	0.07
89	7.13	-9.13	0.20
90	12.31	-10.35	0.00
91	14.30	-7.16	0.00
92	13.53	-1.74	0.00
93	14.15	-3.32	0.03
94	17.13	-3.34	0.00
95	16.54	-1.01	0.21
96	12.49	-0.58	0.28
97	10.88	-0.29	0.31
98	13.73	-5.59	0.00
99	14.14	-4.56	0.00
100	14.95	-4.03	0.00
101	14.15	-1.73	0.00
102	11.70	0.14	0.75
103	8.57	-2.78	0.40
104	5.24	-9.92	0.78
105	8.57	-10.34	0.16
106	15.86	-6.76	0.00
107	16.03	-0.62	0.00
108	11.95	-5.69	0.00
109	9.31	-7.01	0.00
110	6.89	-7.45	0.00
111	14.00	-9.42	0.00
112	16.28	-3.34	0.00
113	17.39	-6.03	0.00
114	18.82	-1.15	0.00
115	15.65	1.37	0.00
116	11.80	-7.91	0.00
117	13.81	-6.48	0.00
118	19.67	-3.94	0.00
119	20.77	4.22	0.00
120	17.19	-4.54	0.00
121	13.75	-7.42	0.00
122	17.51	-4.58	0.00
123	21.57	-2.36	0.00
124	22.92	0.86	0.00
125	22.42	1.42	0.00
126	21.56	1.79	0.00
127	20.19	0.45	0.00
128	18.49	0.45	0.00
129	16.05	0.60	0.00
130	16.58	-1.11	0.00
131	17.62	-1.56	0.00
132	20.18	-2.83	0.00
133	21.40	-1.19	0.00
134	23.26	0.53	0.00
135	25.06	3.51	0.00
136	24.85	3.33	0.00
137	23.00	4.80	0.00
138	19.15	1.55	0.00
139	17.23	-0.80	0.55
140	13.67	0.38	1.44
141	9.31	-0.41	0.64
142	11.36	-0.50	0.01
143	15.95	-0.99	0.00
144	19.46	-0.01	0.00
145	20.12	-0.54	0.00
146	22.27	2.13	0.00
147	24.69	2.88	0.00
148	26.78	5.20	0.00
149	27.78	6.84	0.00
150	27.33	6.85	0.00
151	27.53	7.89	0.18
152	26.94	6.94	0.00
153	26.98	5.10	0.00
154	25.19	5.43	0.00
155	24.13	3.81	0.15
156	23.15	6.29	0.00
157	25.23	1.93	0.32
158	22.15	8.27	0.03
159	17.74	6.77	0.68
160	20.58	5.57	0.12
161	19.62	5.55	0.63
162	17.80	2.82	0.00
163	18.99	-2.97	0.00
164	22.87	0.07	0.00
165	26.10	2.52	0.00
166	26.54	5.24	0.00
167	27.59	4.79	0.00
168	26.98	3.79	0.00
169	27.88	4.82	0.00
170	28.22	5.23	0.12
171	27.79	4.22	0.00
172	28.29	7.06	0.00
173	27.87	5.48	0.00
174	27.67	5.59	0.04
175	21.54	4.50	0.00
176	21.91	0.28	0.00
177	23.10	1.02	0.00
178	25.46	3.45	0.00
179	29.70	7.18	0.00
180	31.54	7.46	0.00
181	33.27	8.65	0.00
182	33.54	8.25	0.00
183	33.15	10.49	0.00
184	31.90	9.14	0.00
185	31.44	7.54	0.00
186	31.93	8.66	0.00
187	31.38	10.74	0.00
188	29.96	8.85	0.00
189	28.05	6.05	0.00
190	27.29	7.77	0.00
191	26.87	11.43	0.00
192	27.97	4.84	0.00
193	29.36	7.36	0.00
194	32.86	9.85	0.00
195	34.20	10.36	0.00
196	34.87	10.35	0.00
197	34.46	10.86	0.00
198	34.48	14.99	0.00
199	33.15	11.72	0.00
200	32.23	11.35	0.00
201	29.90	10.10	0.00
202	24.85	8.31	0.00
203	22.07	2.69	0.00
204	25.75	4.32	0.00
205	28.20	6.93	0.00
206	29.16	5.19	0.00
207	28.15	4.87	0.00
208	27.51	5.82	0.00
209	28.69	5.08	0.00
210	32.07	7.46	0.00
211	33.23	12.01	0.00
212	29.14	14.12	0.06
213	29.91	10.22	0.47
214	30.64	4.73	0.00
215	29.36	2.91	0.00
216	29.59	2.57	0.00
217	31.55	6.39	0.00
218	32.53	7.53	0.00
219	33.77	8.22	0.00
220	35.02	7.14	0.00
221	35.11	7.01	0.00
222	34.20	9.46	0.00
223	33.28	9.51	0.00
224	31.54	7.23	0.00
225	29.57	9.28	0.00
226	28.09	6.93	0.00
227	25.10	5.14	0.00
228	24.48	2.34	0.00
229	24.07	-1.02	0.00
230	25.03	4.35	0.28
231	25.94	3.76	0.11
232	25.54	1.94	0.12
233	24.57	3.09	0.00
234	26.49	3.13	0.00
235	27.97	3.66	0.00
236	27.47	3.02	0.00
237	26.92	0.81	0.00
238	26.22	1.83	0.00
239	26.70	2.19	0.00
240	27.82	2.87	0.00
241	27.05	7.16	0.00
242	27.92	4.52	0.00
243	28.02	5.60	0.12
244	27.59	6.07	0.11
245	25.56	5.65	0.17
246	28.02	4.06	0.00
247	28.03	3.00	0.11
248	22.40	7.62	0.45
249	24.13	5.51	0.00
250	24.72	2.47	0.00
251	25.04	3.73	0.00
252	25.10	4.04	0.00
253	24.76	6.34	0.00
254	23.32	3.00	0.07
255	19.69	-2.16	0.00
256	19.04	-4.83	0.00
257	20.20	-3.24	0.00
258	23.73	-2.51	0.00
259	24.86	-1.13	0.00
260	25.88	-0.94	0.00
261	25.24	-1.95	0.00
262	24.14	0.45	0.00
263	20.51	2.41	0.00
264	20.16	-4.00	0.00
265	23.73	-2.83	0.00
266	22.41	-2.60	0.00
267	20.77	-3.30	0.00
268	19.61	-4.92	0.00
269	17.92	-7.28	0.46
270	16.57	1.64	0.07
271	16.48	5.03	0.00
272	18.59	-2.52	0.00
273	19.38	-1.76	0.00
274	20.04	-3.07	0.00
275	18.39	1.61	1.30
276	16.94	3.10	2.72
277	20.76	2.38	0.47
278	19.31	4.26	0.18
279	16.67	2.16	0.06
280	15.54	-1.60	0.00
281	15.86	0.22	0.45
282	17.13	-0.87	0.58
283	15.91	-1.45	0.00
284	15.49	-1.09	0.00
285	16.47	-0.18	0.00
286	16.23	-3.89	0.22
287	14.75	-2.63	0.00
288	14.53	-3.36	0.00
289	15.48	-3.77	0.01
290	14.20	-3.11	0.15
291	12.03	-2.98	1.11
292	10.88	-1.06	0.52
293	10.30	-1.72	1.19
294	11.18	0.44	0.94
295	13.55	-2.08	0.00
296	14.34	-2.98	0.00
297	14.88	-3.53	0.00
298	14.37	-5.19	0.00
299	13.34	-7.96	0.00
300	13.21	-6.03	0.00
301	11.44	-4.83	0.00
302	10.64	-7.14	0.00
303	8.12	-11.28	0.00
304	2.76	-13.90	0.00
305	6.59	-13.64	0.00
306	9.80	-6.27	0.00
307	12.29	-7.68	0.00
308	14.45	-6.70	1.17
309	12.49	-0.56	0.03
310	11.07	-3.51	0.04
311	11.28	-10.88	0.00
312	8.38	-4.60	0.00
313	7.13	-6.19	0.00
314	7.81	-10.83	0.00
315	5.35	-6.24	0.07
316	2.92	-6.90	0.00
317	6.85	-9.50	0.00
318	5.78	-8.83	1.66
319	3.91	-2.86	0.19
320	2.64	-9.89	0.12
321	3.35	-7.17	0.14
322	4.49	-3.70	0.10
323	3.46	-9.48	0.00
324	4.21	-6.03	0.00
325	5.17	-6.18	0.00
326	2.49	-10.61	0.08
327	1.67	-6.74	0.00
328	3.88	-13.45	0.00
329	5.98	-13.69	0.00
330	9.62	-12.10	0.00
331	12.07	-10.75	0.00
332	9.22	-9.37	0.00
333	9.21	-9.57	0.00
334	7.37	-10.92	0.00
335	8.04	-12.52	0.00
336	9.74	-14.51	0.00
337	12.53	-14.23	0.00
338	9.62	-7.89	0.61
339	4.39	-10.43	0.70
340	-6.59	-23.85	0.42
341	-1.46	-18.31	0.15
342	-3.17	-10.95	0.14
343	-6.76	-14.92	0.00
344	-12.71	-26.36	0.00
345	-14.20	-21.41	0.07
346	-11.59	-28.70	0.00
347	-6.82	-23.72	0.00
348	-5.94	-18.95	0.00
349	-9.89	-20.10	0.00
350	-7.21	-20.85	0.00
351	-1.41	-16.11	0.03
352	7.27	-12.18	0.00
353	8.48	-9.54	1.04
354	8.54	-4.38	0.16
355	10.24	-3.47	0.00
356	13.03	-6.45	0.42
357	9.72	-2.21	0.00
358	7.70	-10.51	0.00
359	6.34	-9.33	0.00
360	6.27	-11.62	0.00
361	6.45	-11.93	0.00
362	11.57	-8.46	0.00
363	5.66	-8.78	0.00
364	1.37	-14.93	0.00
365	3.21	-14.37	0.00
366	-0.49	-14.60	0.00
