#DOY	Tmax_C	Tmin_C	PPT_cm
1	2.08	-6.74	0.78
2	1.06	-10.18	0.34
3	4.39	-6.7	0.36
4	0.44	-10.02	0.31
5	-1.65	-16.27	0
6	-1.33	-15.29	0
7	3.69	-13.73	0.01
8	3.38	-9.51	0.34
9	-2.71	-10.83	0.02
10	-3.38	-16.48	0
11	-1.79	-16.13	0.26
12	0.1	-12.14	0.32
13	-3.9	-18.7	0
14	-0.1	-16.7	0
15	0.08	-13.42	0.52
16	-2.78	-13.37	0.18
17	-5.89	-20.85	0.16
18	0.16	-12	0.61
19	-0.84	-8.79	0.95
20	-5.85	-19.9	0.08
21	-4.49	-21.07	0.04
22	-6.04	-19.35	0.06
23	-5.33	-22.18	0
24	-4.43	-20.09	0
25	-1.7	-21.37	0
26	0.72	-15.58	0.01
27	-0.16	-12.74	0.11
28	-2.04	-14.3	0.49
29	-2.24	-11.85	0.4
30	1.41	-11.25	0.16
31	3.27	-8.21	0.53
32	0.29	-9.3	0.6
33	-0.05	-8.13	0.3
34	-0.1	-9.99	0.23
35	-0.13	-12.57	0.03
36	0.09	-10.13	0.12
37	-3.13	-17.7	0
38	-2.48	-18.75	0
39	-0.44	-16.61	0
40	1.58	-16.25	0
41	-0.81	-18	0
42	-7.98	-25.81	0
43	-5.44	-22.73	0
44	-1.04	-18.65	0
45	-1.23	-17.18	0
46	1.59	-14.54	0.29
47	-4.39	-16.59	0.4
48	-9.95	-21.82	0
49	-10.33	-23.55	0.05
50	-5.35	-19.31	0.3
51	-5.16	-17.31	0.03
52	-5.37	-23.04	0.02
53	-3.41	-19.09	0.01
54	-0.39	-16.74	0
55	0.72	-17.49	0
56	1.52	-16	0
57	3.67	-14.34	0
58	5.57	-11.26	0
59	8.55	-6.04	0.77
60	6.99	-5.78	0.69
61	5.03	-9.39	0
62	9.19	-7.2	0
63	8.89	-2.91	0
64	6.56	-10.59	0
65	7.8	-8.73	0
66	7.2	-3.17	1.41
67	2.1	-4.93	0.8
68	1.31	-10.81	0.96
69	-4.38	-13.64	0.5
70	-3.59	-19.04	0
71	-1.83	-15.37	0.77
72	-3.21	-12.99	0.39
73	-0.34	-17.37	0
74	1.54	-11.91	0.38
75	0.63	-17.46	0
76	5.36	-10.08	0
77	7.8	-4.44	0
78	6.13	-5.5	0.02
79	2.39	-7.08	0
80	1.55	-9.11	0.12
81	4.12	-8.15	0.18
82	4.21	-7.22	0
83	6.45	-8.8	0
84	10.21	-6.98	0.14
85	7.86	-5.63	0.51
86	3.94	-11.55	0
87	8.25	-8.03	0.04
88	10.93	-2.59	0.4
89	6.1	-3.21	0.33
90	7.89	-7.01	0.01
91	8.55	-4.55	0.25
92	8.04	-8.66	0.81
93	11.21	-5.99	0
94	15.66	-2.68	0
95	15.58	-1.21	0.68
96	8.57	-3.51	0.87
97	7.53	-2.98	0.35
98	13.39	-4.42	0
99	17.78	-4.25	0
100	17.47	-2.97	0.06
101	14.79	-1.69	0.25
102	15.7	-2.22	0
103	19.53	-1.75	0
104	20.07	-2.21	0.09
105	17.6	0.9	0.35
106	14.44	0.39	0
107	16.94	0.29	0.1
108	7.64	-6.06	0.89
109	5.22	-9.31	0.03
110	11.07	-6.43	0
111	17.08	-3.75	0
112	21.18	-1.29	0
113	22.3	0.27	0
114	18.61	-2.38	0.02
115	12.34	-4.54	0
116	16.21	-3.36	0
117	18.79	-2.95	0
118	18.65	-1.67	0
119	14.04	-5.77	0.06
120	14.88	-2.56	0.1
121	16.81	-2.75	0
122	19.06	-0.69	0.06
123	18.17	-1.26	0.31
124	15.03	0.64	0.33
125	14.11	-1.96	0.14
126	14.36	-3.09	0.02
127	16.27	1.89	0.2
128	14.97	3.19	0.39
129	13.19	-2.36	0.17
130	12.79	-6.29	0
131	15.37	-6	0
132	19.9	-2.6	0
133	23.08	0.96	0.01
134	22.59	2.12	0
135	22.82	1.15	0
136	23.39	0.46	0
137	23.47	1.64	0
138	24.68	2.64	0.04
139	25.48	4.12	0.04
140	25.44	4.82	0
141	24.73	4.15	0
142	24.63	6.56	0.68
143	19.79	4.33	0.87
144	20.13	1.15	0
145	23.42	2.76	0
146	25.57	4.45	0
147	24.69	4.77	0
148	20.41	3.26	0.13
149	15.65	-3.52	0
150	17.62	-4.79	0.01
151	20.44	-2.22	0
152	23.58	0.91	0
153	26.72	2.83	0
154	27.75	3.96	0
155	27.23	3.2	0
156	28.23	5.82	0
157	29.04	4.51	0
158	28.08	6.98	0
159	25.38	9.16	0.42
160	21.74	6.4	0.35
161	20.54	5.87	0.5
162	25.19	4.62	0.01
163	28.29	5.17	0.02
164	28.65	5.52	0
165	27.79	6.65	0.02
166	23.14	1.9	0
167	19.3	2.91	0.02
168	21.96	2.31	0
169	26.28	3.6	0
170	29.16	6.96	0
171	27.99	5.42	0.02
172	26.37	2.78	0
173	25.19	4.16	0
174	26.48	2.17	0
175	26.54	2.56	0
176	26.35	6.44	0
177	26.22	5.9	0
178	26.01	5.67	0
179	26.97	7.19	0
180	28.42	8.27	0
181	29.22	7.8	0.08
182	27.58	7.8	0
183	26.52	8.47	0.06
184	26.22	9.51	0.08
185	26.84	8.67	0
186	27.14	9.58	0.18
187	24.03	8.95	0.38
188	22.47	10.21	0.93
189	21.56	11.18	0.11
190	19.49	10.83	1.26
191	22.39	6.99	0.13
192	26.34	6.72	0.1
193	27.39	7.96	0.24
194	27.94	7.95	0.01
195	30.43	7.08	0
196	32.1	7.51	0
197	33.1	9.1	0
198	32.61	9.4	0
199	31.89	10.84	0.48
200	30.15	9.71	0.5
201	29.21	11.18	0.37
202	29.14	10.39	0
203	30.26	9.38	0
204	31.86	10.14	0
205	31.91	11.23	0.17
206	28.67	12.26	0.02
207	28.55	10.72	0.14
208	29.13	10.12	0
209	31.03	8.92	0
210	32.88	9.89	0
211	32.42	9.75	0
212	27.8	12.64	0.19
213	23.84	11.36	0.84
214	22.83	4.72	0
215	25.11	5.33	0
216	25.28	6.94	0.22
217	25.61	7.64	0
218	27.49	8.48	0.02
219	28.44	9.09	0.02
220	27.69	8.25	0
221	28.59	9.34	0
222	28.64	7.43	0
223	28.96	7.9	0.01
224	25.83	10.78	0.42
225	24.23	7.59	0.38
226	26.11	5.98	0.02
227	26.75	7.24	0.17
228	26.59	8.66	0.15
229	26.6	6.41	0.04
230	26.85	6.44	0
231	26.91	8.96	0.04
232	25.93	5.78	0
233	28.4	5.6	0
234	28.6	6.26	0.01
235	28.6	7.12	0
236	27.41	9.09	0.12
237	25.72	8.04	0.47
238	24.35	7.23	1.03
239	19.72	4.88	0.48
240	20.7	3.81	0.03
241	24.87	4.37	0
242	26.41	5.59	0
243	26.19	6.8	0.01
244	25.01	3.96	0
245	23.04	0.58	0
246	24.36	-0.48	0
247	25.51	-0.32	0
248	26.97	0.39	0
249	25.39	6.11	0.01
250	23.64	6.04	0.02
251	19.95	6.92	1.02
252	16.47	7.13	0.76
253	18.69	4.38	0
254	20.8	3.19	0.12
255	22.71	1.85	0
256	24.77	3.03	0.02
257	23.22	5.01	0.09
258	19.43	6.63	3.64
259	12.17	-1.66	2.56
260	6.76	-5.53	0
261	11.51	-4.14	0
262	17.91	-1.93	0
263	18.13	-0.45	0.52
264	10.69	1.7	1
265	6.32	-1.89	0.29
266	6.12	-1.11	0.01
267	10.75	-2	0.03
268	14.65	-2.95	0
269	17.2	-1.88	0
270	18.77	-2.62	0
271	19.57	-2.66	0
272	20.34	-1.95	0
273	21.25	-0.8	0
274	21.03	-1.24	0
275	19.89	-0.19	0.32
276	17.39	3.75	0.66
277	18.76	0.14	0.03
278	19.09	3.15	0.21
279	15.53	6.36	0.65
280	13.52	5.58	0.66
281	13.98	0.48	0.12
282	11.54	-0.06	0.48
283	8.56	-1.44	0.34
284	9.59	-0.43	0
285	12.22	-1.79	0
286	15.99	-4	0
287	13.7	-2.83	0.3
288	11.51	-2.29	0.02
289	12.61	-1.26	1.07
290	5.84	-2.14	0.35
291	3.03	-6.8	0.19
292	1.51	-5.05	0.02
293	3.72	-2.32	0.91
294	3.23	-6.39	0.14
295	4.98	-7.44	0.17
296	9.52	-7.45	0
297	14.45	-5.71	0
298	11.78	-3.71	1.24
299	4.31	-4.44	0.68
300	3.08	-11.22	0
301	9.17	-8.58	0
302	12.33	-7.88	0
303	10.95	-6.39	0
304	8.48	-6.6	0
305	6.77	-11.51	0
306	8.55	-10.76	0
307	9.81	-5.96	0
308	8.83	-3.33	0
309	7.82	-3.76	0
310	8.86	-2	0
311	12.44	1.23	0
312	16.59	-2.97	0
313	14.41	-3.61	0
314	7.18	-6.97	0
315	5.41	-10.35	0.16
316	3.38	-7.43	0.95
317	-0.94	-14.22	0.13
318	0.72	-6.34	0.3
319	0.2	-12.67	0
320	1.05	-12.33	0
321	6.53	-9.13	0
322	7.25	-7.11	0
323	7.99	-8.21	0
324	10.03	-8.25	0
325	12.47	-5.74	0
326	13.27	-4.27	0
327	12.81	-5.18	0
328	8.02	-11.64	0
329	7.37	-8.66	0
330	6.29	-7.04	0
331	4.21	-8.25	0.62
332	1.91	-10.87	1.47
333	-10.08	-19.35	0.13
334	-11.35	-27.26	0.14
335	-6.63	-17.68	0.09
336	-8.32	-24.26	0.02
337	-8.74	-23.55	0
338	-5.05	-21.95	0
339	-2.17	-19.01	0
340	-0.1	-17.7	0
341	0.06	-15.6	0
342	1.47	-14.39	0
343	2.73	-15.07	0
344	1.74	-14.79	0.29
345	0.22	-10.21	0.21
346	-1.47	-13.21	0
347	0.57	-11.05	0.1
348	3.33	-4.56	0.02
349	4.54	-4.79	0
350	3.82	-9.06	0.24
351	-6.41	-13.84	1.06
352	-6.6	-14.76	0.06
353	-9.83	-16.49	0
354	-9.8	-16.94	0.79
355	-5.18	-13.78	0.05
356	-5.31	-19.47	0.04
357	-5.91	-16.44	0.18
358	-2.57	-15.2	0.17
359	-4.95	-20.84	0
360	-0.44	-13.85	0.03
361	2.41	-8.35	0
362	0.39	-8.29	0
363	-1.56	-10.01	0
364	-5.59	-17.02	0.01
365	-6.58	-21.68	0
