#DOY	Tmax_C	Tmin_C	PPT_cm
1	-1.06	-15.27	0
2	0.31	-8.91	0.06
3	1.83	-14.8	0.88
4	-13.41	-30.6	0.3
5	-14.39	-31.15	0.32
6	-7.25	-20.74	0.97
7	-0.59	-9.81	1.08
8	1.14	-9.9	0.44
9	0.42	-10.75	0.6
10	-5.22	-17.04	0
11	-5.68	-14.84	0.5
12	-2.63	-9.45	0.08
13	0.43	-7.66	0.08
14	-1.5	-16.25	0
15	0.31	-11.91	0
16	-0.09	-14.92	0
17	-1.75	-16.91	0
18	-2.88	-18.87	0
19	-3.15	-20.04	0
20	-2.03	-20.8	0
21	0.07	-17.71	0
22	0.58	-14.98	0.67
23	0.5	-5.04	1.76
24	2.23	-2.56	0.89
25	3.39	-2.64	2.34
26	0.6	-17.58	0.7
27	-12.08	-23.06	0.2
28	-7.56	-18.66	0.81
29	-3.8	-14.55	0
30	-1.86	-14.06	0
31	-0.65	-17.57	0.01
32	-1.3	-15.98	0
33	-1.58	-15.47	0
34	1.77	-11.28	0
35	1.09	-14.18	0
36	2.56	-15.2	0
37	4.27	-12.73	0.03
38	3.79	-7.26	0.02
39	6.57	-6.91	0.34
40	2.65	-4.81	0.33
41	-0.92	-10.39	0.04
42	-2.44	-10.72	0.22
43	-1.54	-12.04	0.28
44	-2.23	-14.18	0
45	-3.02	-11.25	0.43
46	-2.38	-18.2	0.17
47	0.47	-15.99	0.14
48	0.79	-8.8	0.18
49	-0.12	-6.73	0.3
50	-0.05	-11.5	0
51	-0.13	-17.1	0
52	1.43	-16.18	0
53	2.12	-14.18	0
54	2.55	-7.2	0.37
55	6.13	-4.93	0.08
56	8.96	-4.27	0.03
57	7.27	-3.52	0.11
58	3.06	-9.68	0.11
59	-1.61	-16.84	0
60	3.82	-13.16	0
61	8.26	-6.74	0
62	10.76	-2.2	0
63	11.63	0.67	0.02
64	8.85	-7.39	0.17
65	1.48	-9.61	0.08
66	1.14	-8.04	0.4
67	3.8	-14.16	0.21
68	5.31	-12.08	0.45
69	4.97	-13.48	0.81
70	0.47	-18.2	0
71	4.43	-14.76	0
72	4.6	-13.45	0
73	6.33	-11.9	0
74	8.66	-10.93	0
75	11.73	-8.65	0
76	14.03	-6.24	0
77	12.85	-4.82	0
78	13.38	-5.77	0
79	15.59	-2.43	0
80	17.74	-2.21	0
81	17.03	0.01	0.07
82	11.54	-4.22	0.62
83	0.81	-6.66	0.24
84	0.05	-6.47	0.86
85	-0.94	-8.39	1.77
86	-3.14	-15.71	0
87	0.6	-14.7	0
88	8.36	-9.39	0.41
89	0.23	-13.68	0.4
90	-2.57	-13.17	0.38
91	0.09	-8.87	0.25
92	1.25	-9.95	0.05
93	2.48	-6.47	0.92
94	0.42	-6	1.17
95	-2.54	-17.84	0.6
96	1.22	-15.08	0
97	7.85	-11.12	0
98	13.87	-6.6	0
99	12.22	-4.92	0.32
100	8.45	-4.52	0.06
101	10.93	-2.46	0.34
102	9.76	-1.68	0.2
103	10.72	-4.72	0
104	12.57	-2.12	0
105	15.15	0.3	0.45
106	13.13	-4.19	1.09
107	4.69	-4.66	0.03
108	8.13	-4.1	0.03
109	10.32	-6.07	0
110	15.85	-4.24	0
111	18.87	-2.2	0
112	19.16	-0.34	0
113	19.91	-0.66	0.01
114	19.63	2.14	0
115	17.16	1.12	0.13
116	11.83	-3.08	1.32
117	8.56	-5.92	0.82
118	14.66	-3.36	0
119	17.55	-0.69	0
120	17.64	-3.13	0
121	15.93	0.6	0.06
122	11.29	3.36	1.15
123	10.71	0.26	1.3
124	11.69	0.32	0.1
125	13.9	1.69	0.04
126	18.01	-1.12	0
127	18.99	-0.26	0
128	16.91	1.03	0
129	13.26	-5.2	0
130	15.02	-0.45	0
131	18.91	-2.22	0
132	21.22	5.59	0
133	17.69	0.13	0
134	15.03	-1.66	0
135	18.17	-1.06	0
136	17.76	0.79	0
137	21.1	-1.03	0
138	25.05	2.31	0
139	24.81	4.23	0.02
140	22.8	3.16	0.08
141	21.02	3.11	0.05
142	20.37	3.53	0
143	18.51	5.91	0.25
144	16.38	6.74	0.66
145	15.11	5.54	1.24
146	13.69	5.6	0.92
147	17.14	-0.2	0.01
148	19.86	1.71	0.11
149	22.13	3.03	0.01
150	20.7	3.67	0
151	19.57	4.55	0.01
152	18.54	3.82	0.54
153	18.18	5.92	0.48
154	19.22	3.01	0.48
155	21.68	2.84	0
156	21.97	6.18	0.02
157	19.73	2.28	0.06
158	17.52	4.66	0.24
159	16	3.09	0.57
160	16.19	2.64	0.22
161	15.64	4.12	1.02
162	14.93	5.34	0.74
163	16.63	0.73	0.25
164	20.26	3.88	0.02
165	20.69	3.3	0.06
166	18.73	2.85	0.55
167	18.75	1.72	0.13
168	19.24	5.24	0.02
169	17.71	4.25	0.5
170	18.45	2.75	0
171	21.97	4.21	0.02
172	19.88	4.67	0.74
173	21.42	2.17	0
174	25.19	3.78	0
175	27.04	6.61	0
176	27.17	6.3	0.02
177	24.27	10.43	0.68
178	21.15	5.7	0.01
179	23.79	4.62	0.18
180	25.44	4.63	0
181	26.53	3.91	0
182	26.67	5.26	0.02
183	25.67	7.48	0.31
184	23.75	10.08	0.02
185	23.56	4.9	0.12
186	23.79	6.82	0.02
187	24.37	6.53	0.14
188	26.19	5.69	0
189	27.24	4.68	0
190	27.63	4.21	0
191	28.27	3.97	0
192	28.52	6.57	0.09
193	28.21	9.57	0.16
194	27.91	10.18	0.5
195	25.91	6.11	0
196	26.67	3.26	0
197	27.55	3.96	0
198	28.25	4.91	0
199	28.16	5.51	0
200	27.94	7.35	0
201	27.25	8.3	0.08
202	26.76	4.4	0
203	27.11	5.27	0
204	28.94	6.99	0
205	30.22	7.51	0
206	28.55	10.1	0
207	25.8	8.9	0.15
208	26.61	7.72	0.04
209	25.51	5.51	0
210	23.43	5.26	0.06
211	22.11	4.55	0
212	22.52	5.35	0.17
213	24.16	3.61	0.08
214	26.69	5.33	0.05
215	28.82	6.92	0
216	29.02	7.16	0
217	29.31	5.9	0.03
218	28.09	10.93	0.18
219	25.9	8.98	0
220	24.8	3.45	0
221	22.24	2.79	0
222	23.38	1.33	0
223	25.57	2.67	0
224	28.02	4.96	0
225	28.13	8.11	0.02
226	25.8	9.94	0.29
227	21.32	6.59	0.62
228	19.64	0.58	0.43
229	20.44	0.11	0
230	21.73	2.87	0
231	23.68	2.38	0
232	24.52	3.64	0
233	27.11	3.87	0
234	29.97	6.24	0
235	29.56	7.43	0.53
236	26.12	7.17	0.09
237	22.3	7.1	0.07
238	23.33	5.31	0
239	25.49	5.18	0
240	27.34	4.71	0
241	26.35	6.61	0
242	26.04	7.57	0.02
243	26.11	8.74	0
244	26.14	4.27	0
245	26.71	4.67	0
246	26.79	5.03	0.01
247	26.83	5.3	0
248	26.54	5.32	0.02
249	24.82	8.85	0.04
250	24.97	6.52	0.06
251	25.18	6.61	0
252	25.45	3.15	0
253	26.35	2.05	0
254	24.53	2.38	0
255	22.01	3.6	0
256	22.28	3.83	0.03
257	23.11	4.93	0.34
258	19.97	5.83	0.65
259	20.63	5.48	0.04
260	22.62	3.69	0
261	23.58	2.42	0
262	23.62	2.25	0.02
263	20.27	2.08	0.37
264	11.38	0.24	0.11
265	10.99	-3.64	0.01
266	13.63	-3.06	0
267	15.67	-2.38	0
268	18.57	-1.43	0
269	22.45	-0.76	0
270	23.98	-1.04	0
271	24.38	-2.44	0
272	24.51	0.48	0
273	21.48	0.25	0.65
274	8.27	-5.18	0.19
275	8.77	-8.79	0
276	12.97	-6.52	0
277	14.17	-0.04	0.45
278	13.11	-1.21	0.55
279	7.59	-6.69	0
280	12.15	-7.54	0.13
281	11.49	-4.56	0.02
282	7.95	-2.79	0
283	8.17	-5.64	0
284	8.97	-2.01	0.15
285	13.73	-1.17	0
286	14.66	1.7	0.02
287	14.31	3.99	0.31
288	13.98	0.92	0.52
289	13.52	-4.51	0
290	16.35	-4.38	0
291	20.05	-3.65	0.04
292	20.07	0.55	0.01
293	16.13	0.19	0.28
294	7.14	-1.44	0
295	8.01	-8.04	0
296	9.85	-5.42	0.08
297	8.27	-0.2	0.2
298	6.64	-4.43	0.02
299	3.9	-11.9	0
300	4.81	-7.51	0.17
301	1.54	-6.36	0.06
302	-1.12	-8.76	0.04
303	-3.27	-9.69	0.1
304	4.94	-5.91	0
305	11.88	-5.72	0
306	12.52	-6.05	0
307	13.46	-7.76	0
308	16.67	-6.57	0
309	17.71	-6.91	0
310	16.26	-4.33	0
311	16.07	-6.11	0.01
312	12.67	-3.13	0
313	10.9	-8.19	0
314	11.79	-7.21	0
315	13.66	-5.63	0
316	15.01	-0.67	0.8
317	11.62	-7.09	1.64
318	-4.54	-18.18	0.1
319	-6.09	-17.37	0.22
320	-4.54	-19.6	0
321	-2.02	-17.03	0
322	1.15	-14.17	0
323	1.67	-15.16	0
324	1.97	-14.45	0
325	4.12	-13.53	0.01
326	2.83	-12.54	0.2
327	-0.56	-10.6	0.37
328	-2.44	-18.73	0.01
329	-0.33	-16.43	0
330	3.35	-13.74	0
331	5.81	-12.63	0
332	2.02	-11.17	0
333	0.39	-10.05	0
334	1.65	-14.09	0
335	2.74	-14.61	0
336	-2.36	-15.39	0
337	-8.26	-23.44	0
338	-8.72	-24.5	0
339	-2.44	-22.91	0.03
340	-8.17	-19.73	0.3
341	-13.98	-21.58	0.55
342	-13.31	-20.02	0.92
343	-14.74	-28.68	0.14
344	-13.73	-28.22	0
345	-11.24	-28.5	0.02
346	-3.83	-22.22	0.4
347	-0.79	-8.38	1.55
348	-0.1	-8.31	0
349	-3	-19.56	0
350	-4.25	-18.24	0
351	-1.66	-12.78	0.01
352	-2.81	-13	0
353	-4.17	-17.96	0
354	-1.98	-14.58	0
355	-0.68	-13.07	0
356	0.09	-12.59	0.01
357	-2.73	-9.12	0.39
358	-6.37	-19.36	0
359	-10.61	-21.83	0.08
360	-10.88	-18.77	0.06
361	-10.93	-22.58	0.23
362	-10.04	-24.69	0
363	-8.22	-22.12	0.42
364	-6.31	-13.47	0.73
365	-5.77	-15.91	0.19
