# weather for site 002_-119.415_39.046 year =  1976
# DOY Tmax(C) Tmin(C) PPT(cm)
1	-3.80	-16.44	0.09
2	-1.02	-20.72	0.00
3	-2.71	-13.29	0.00
4	3.04	-16.72	0.00
5	6.89	-5.08	0.01
6	2.93	-14.37	0.00
7	5.10	-11.62	0.00
8	12.45	-13.17	0.00
9	6.79	-7.28	0.32
10	2.79	-9.82	0.00
11	4.34	-10.46	0.08
12	8.15	-10.29	0.00
13	5.45	-12.62	0.00
14	10.04	-12.33	0.00
15	9.22	-10.92	0.00
16	9.67	-12.47	0.00
17	9.78	-12.67	0.00
18	7.28	-14.41	0.00
19	5.11	-16.63	0.00
20	4.80	-16.91	0.00
21	5.64	-17.71	0.00
22	7.31	-16.71	0.00
23	6.12	-13.68	0.04
24	6.48	-8.26	0.85
25	6.56	-13.32	0.00
26	8.09	-12.98	0.00
27	10.54	-12.16	0.00
28	11.00	-11.24	0.00
29	11.95	-11.64	0.00
30	10.29	-9.72	0.00
31	9.79	-12.28	0.00
32	10.15	-10.75	0.00
33	10.73	-12.61	0.00
34	15.40	-13.43	0.12
35	9.60	-10.51	1.53
36	-9.74	-14.69	0.37
37	-7.44	-13.23	0.67
38	-1.82	-18.78	0.67
39	-3.38	-15.65	0.09
40	0.13	-9.02	1.24
41	0.15	-16.20	0.02
42	-4.54	-17.11	0.00
43	1.28	-18.82	0.00
44	1.87	-16.30	0.12
45	7.65	-3.54	0.00
46	4.62	-5.58	0.00
47	8.42	-10.37	0.00
48	10.71	-2.92	0.00
49	10.63	-3.74	0.20
50	6.52	-5.92	0.07
51	2.62	-11.68	0.00
52	4.78	-12.14	0.00
53	6.68	-10.11	0.00
54	8.83	-11.28	0.00
55	9.57	-7.45	0.00
56	11.02	-0.16	0.00
57	13.05	0.49	0.00
58	13.40	-5.39	0.00
59	12.72	0.61	0.00
60	8.18	-2.33	1.17
61	3.43	-7.12	0.48
62	-0.48	-10.46	0.45
63	-0.55	-9.75	0.97
64	-1.44	-18.14	0.00
65	-0.09	-16.95	0.00
66	3.31	-14.31	0.00
67	8.83	-10.02	0.00
68	7.77	-10.00	0.00
69	9.46	-8.53	0.00
70	12.86	-8.61	0.00
71	10.24	-4.55	0.00
72	6.61	-12.90	0.00
73	13.43	-11.49	0.00
74	13.92	-5.22	0.00
75	13.44	-8.59	0.00
76	17.71	-2.01	0.00
77	18.31	-1.80	0.00
78	14.54	-0.67	0.14
79	11.57	-6.81	0.00
80	11.82	-13.59	0.00
81	13.73	-11.93	0.00
82	15.90	-6.12	0.00
83	14.88	0.28	0.00
84	13.61	-0.02	0.04
85	7.63	-8.19	0.00
86	11.11	-9.73	0.00
87	7.15	-6.81	0.24
88	9.15	-6.14	0.00
89	11.82	-10.62	0.00
90	15.94	-10.03	0.00
91	15.65	-3.56	0.00
92	8.63	-5.91	0.00
93	12.81	-11.33	0.00
94	16.84	-9.34	0.00
95	16.36	-7.11	0.00
96	14.68	-4.25	0.00
97	13.46	-3.56	0.00
98	17.21	-7.26	0.00
99	14.54	-3.96	0.00
100	15.18	-11.83	0.00
101	15.60	-8.38	0.00
102	11.16	0.29	0.00
103	9.21	-5.41	0.00
104	8.81	-3.44	0.40
105	10.27	-5.30	0.00
106	9.47	-4.50	0.16
107	2.77	-10.16	0.00
108	10.14	-11.99	0.00
109	12.39	-1.69	0.04
110	17.65	-8.51	0.00
111	19.99	-5.70	0.00
112	20.04	-7.47	0.00
113	17.01	2.19	0.00
114	18.83	-6.02	0.00
115	20.38	0.49	0.00
116	13.90	-0.14	0.00
117	7.27	-7.10	0.00
118	10.09	-10.07	0.00
119	14.33	-8.47	0.00
120	19.28	-6.87	0.00
121	22.43	-4.51	0.00
122	24.77	-0.10	0.00
123	19.76	0.72	0.00
124	21.61	-2.25	0.00
125	22.01	-2.50	0.00
126	17.94	1.39	0.00
127	11.32	-3.01	0.09
128	18.62	1.87	0.00
129	20.62	1.00	0.00
130	22.62	-0.32	0.00
131	22.18	-1.84	0.00
132	19.36	3.22	0.00
133	24.00	-2.13	0.00
134	28.98	-0.44	0.00
135	26.05	3.55	0.00
136	22.21	0.06	0.00
137	27.61	-0.31	0.00
138	25.57	2.81	0.00
139	23.05	-1.35	0.00
140	21.88	3.47	0.00
141	19.28	0.51	0.00
142	21.51	1.31	0.00
143	21.99	0.95	0.00
144	21.77	0.98	0.00
145	22.48	-0.82	0.00
146	22.36	1.04	0.00
147	24.35	-0.38	0.00
148	25.14	6.62	0.00
149	21.85	1.06	0.00
150	22.06	-4.19	0.00
151	20.24	3.29	0.00
152	20.62	6.34	0.00
153	21.99	5.35	0.00
154	23.13	1.61	0.00
155	21.30	1.97	0.00
156	20.76	1.37	0.00
157	22.43	-1.61	0.00
158	22.75	2.46	0.00
159	22.80	6.97	0.00
160	19.49	3.85	0.00
161	15.88	4.42	0.03
162	13.83	1.49	3.50
163	17.64	1.68	0.00
164	20.39	0.28	0.00
165	20.63	2.53	0.00
166	19.55	-1.93	0.00
167	27.87	-0.60	0.00
168	27.40	6.91	0.00
169	25.37	4.87	0.00
170	28.79	5.82	0.00
171	29.74	7.95	0.00
172	26.79	6.94	0.00
173	23.06	7.15	0.00
174	21.89	2.20	0.00
175	22.89	2.07	0.00
176	26.59	1.15	0.00
177	27.72	4.13	0.00
178	26.68	4.37	0.00
179	30.50	2.16	0.00
180	31.50	4.91	0.00
181	28.47	8.54	0.00
182	25.95	5.48	0.00
183	25.29	-0.62	0.00
184	26.41	-0.48	0.00
185	30.08	2.65	0.00
186	29.76	3.65	0.00
187	31.41	4.13	0.00
188	31.94	5.75	0.00
189	31.52	3.62	0.00
190	32.30	4.12	0.00
191	32.24	6.07	0.00
192	33.57	6.27	0.00
193	31.59	8.07	0.00
194	29.32	6.21	0.00
195	30.76	4.72	0.00
196	32.37	5.95	0.01
197	31.46	6.48	0.00
198	25.24	11.51	0.12
199	21.72	6.50	0.32
200	24.08	3.11	0.00
201	27.89	2.67	0.02
202	29.28	3.73	0.10
203	30.36	3.15	0.00
204	31.54	5.78	0.03
205	26.44	11.56	1.13
206	25.46	7.32	0.53
207	28.15	7.98	0.00
208	31.51	10.34	0.08
209	32.23	10.17	0.00
210	30.39	10.88	0.03
211	28.76	8.52	0.00
212	27.65	9.48	0.07
213	19.48	9.84	2.14
214	19.34	5.82	1.27
215	19.25	2.35	0.14
216	20.65	1.96	0.24
217	20.46	0.84	0.03
218	22.62	2.26	0.00
219	21.64	2.52	0.00
220	21.66	0.36	0.00
221	23.44	2.06	0.00
222	26.13	3.51	0.00
223	27.86	4.06	0.00
224	27.96	6.31	0.00
225	27.37	5.62	0.00
226	26.00	2.65	0.00
227	19.53	8.77	0.03
228	17.57	5.75	0.05
229	18.87	0.59	0.00
230	16.68	2.88	0.00
231	15.22	3.18	0.04
232	20.79	4.81	0.05
233	27.55	2.10	0.00
234	29.53	2.82	0.00
235	24.92	8.54	0.04
236	23.89	-0.60	0.01
237	28.00	2.13	0.00
238	26.85	3.18	0.00
239	24.79	2.68	0.00
240	25.82	-0.57	0.00
241	29.44	2.39	0.00
242	31.53	4.49	0.00
243	31.66	4.14	0.00
244	32.39	3.45	0.00
245	32.51	2.74	0.00
246	33.04	3.49	0.00
247	32.06	5.29	0.00
248	31.11	6.52	0.00
249	26.70	6.59	0.39
250	25.20	6.44	0.00
251	22.86	2.74	0.00
252	22.77	1.01	0.00
253	27.23	1.03	0.00
254	24.10	8.39	0.71
255	17.74	9.20	1.31
256	19.68	0.78	0.00
257	21.96	2.13	0.00
258	22.93	1.56	0.00
259	19.48	6.50	0.31
260	16.38	1.97	0.00
261	17.35	5.01	0.00
262	19.84	-1.02	0.00
263	21.59	-0.59	0.00
264	21.91	2.78	0.04
265	22.25	3.51	0.11
266	23.82	1.39	0.00
267	24.24	1.44	0.00
268	24.46	0.74	0.00
269	24.05	0.83	0.00
270	23.53	0.35	0.00
271	24.14	0.37	0.00
272	22.39	0.94	0.00
273	19.73	1.98	0.00
274	22.26	3.40	0.46
275	21.40	0.13	0.49
276	17.74	3.19	0.57
277	16.81	0.52	0.00
278	17.22	-2.41	0.00
279	20.55	-2.73	0.00
280	21.22	-1.85	0.00
281	21.33	-0.75	0.00
282	23.71	-1.11	0.00
283	24.99	-1.22	0.00
284	24.55	0.97	0.00
285	21.97	0.33	0.00
286	20.08	-4.92	0.00
287	21.68	-5.72	0.00
288	22.97	-5.23	0.00
289	21.63	-4.65	0.00
290	20.36	-3.68	0.00
291	18.68	-5.38	0.00
292	15.72	-8.47	0.00
293	16.58	-8.00	0.00
294	15.96	-8.81	0.00
295	17.17	-9.21	0.00
296	16.41	-4.68	0.00
297	16.03	-5.86	0.00
298	16.90	-7.42	0.00
299	15.09	-3.31	0.00
300	11.43	-8.58	0.00
301	11.60	-12.17	0.00
302	14.27	-14.37	0.00
303	17.02	-10.52	0.00
304	16.23	-6.54	0.00
305	16.27	-9.55	0.00
306	17.44	-7.80	0.00
307	17.14	-9.38	0.00
308	18.69	-9.69	0.00
309	19.15	-10.04	0.00
310	19.95	-10.15	0.00
311	19.00	-8.29	0.00
312	18.68	-6.81	0.00
313	16.50	-9.36	0.00
314	16.49	-7.87	0.00
315	14.10	-2.19	0.00
316	10.65	-7.82	0.00
317	12.07	-6.90	0.00
318	12.98	-11.07	0.10
319	9.39	-0.36	0.02
320	12.36	-5.10	0.00
321	14.81	-8.19	0.00
322	14.38	-8.85	0.00
323	15.44	-9.36	0.00
324	13.94	-9.96	0.00
325	13.53	-9.68	0.00
326	12.97	-10.44	0.00
327	12.13	-10.72	0.00
328	11.49	-11.55	0.00
329	13.85	-12.00	0.00
330	14.44	-12.22	0.00
331	9.76	-9.76	0.00
332	-1.03	-19.49	0.00
333	-0.01	-20.18	0.00
334	4.76	-19.66	0.00
335	6.65	-18.88	0.00
336	7.50	-18.05	0.00
337	8.53	-17.94	0.00
338	8.95	-17.84	0.00
339	7.85	-16.44	0.00
340	5.93	-17.61	0.00
341	5.81	-18.28	0.00
342	8.58	-18.80	0.00
343	12.49	-16.86	0.00
344	9.35	-12.02	0.00
345	3.57	-17.57	0.00
346	4.92	-17.89	0.00
347	6.66	-18.08	0.00
348	8.40	-15.95	0.00
349	7.96	-17.66	0.00
350	7.41	-17.95	0.00
351	6.93	-19.82	0.00
352	6.62	-20.43	0.00
353	7.54	-17.92	0.00
354	6.34	-18.73	0.00
355	5.36	-20.55	0.00
356	4.24	-21.96	0.00
357	1.53	-19.44	0.00
358	2.79	-13.63	0.00
359	5.28	-18.20	0.00
360	7.16	-16.46	0.00
361	9.34	-15.46	0.00
362	7.94	-18.64	0.00
363	6.32	-20.15	0.00
364	6.96	-15.86	0.00
365	4.59	-8.57	0.02
366	3.65	-17.38	0.01
