#DOY	Tmax_C	Tmin_C	PPT_cm
1	-11.63	-27.48	0
2	-10.57	-24.02	0
3	-5.81	-23.02	0
4	0.71	-15.99	0
5	3.58	-6.6	0.86
6	1.17	-8.45	1.43
7	-4.46	-13.54	0.24
8	-6.58	-15.89	0.27
9	-4.82	-12.38	1.78
10	-5.98	-19.7	0.39
11	-4.65	-12.84	0.29
12	-3.38	-12.88	0.18
13	-4.3	-17.06	0.01
14	-5.81	-17.17	0
15	-5.92	-20.13	0.32
16	-9.98	-22.15	0.16
17	-15.84	-28.58	0.32
18	-11.85	-22.46	0.3
19	-8.98	-19.78	0.33
20	-5	-15.55	0.29
21	-5.95	-17.49	0.3
22	-10.86	-22.48	0.25
23	-8.59	-21.99	0.24
24	-6.49	-22.49	0.02
25	-3.06	-16.04	0.17
26	-0.22	-10.4	0
27	1.32	-17	0
28	2.29	-13.68	0.72
29	-4.91	-19.5	0.37
30	-9.07	-15.27	1.29
31	-9.6	-24.82	0.43
32	-6.4	-17.34	0.76
33	-7.62	-21.37	0.03
34	-4.5	-20.59	0.48
35	-3.45	-13.66	0.45
36	-9.59	-21.53	0.06
37	-9.05	-22.25	0.64
38	-8.71	-21.54	0.65
39	-4.87	-15.74	0.26
40	-0.08	-8.92	0
41	-0.32	-14.7	0
42	0.58	-13.43	0
43	0.43	-7.84	0.01
44	2.17	-7.57	0.27
45	2.49	-7.43	0.66
46	-4.05	-11.04	0
47	-5.88	-15.31	0.05
48	-5.34	-13.6	0.19
49	-4.99	-20.85	0.01
50	-2.87	-18.7	0
51	-1.04	-17.15	0
52	0.19	-11.25	0
53	2.39	-8.52	0.01
54	2.21	-6.92	0.08
55	3.4	-10.66	0.23
56	3.17	-6.62	0.5
57	0.28	-9.77	0.21
58	0.44	-13.59	0
59	2.92	-11.39	0
60	4.97	-12.31	0
61	8.31	-11.43	0.33
62	5.91	-10.52	0.8
63	-4.28	-21.38	0
64	-1.76	-14.88	0.14
65	-3.73	-13.57	0.17
66	-3.99	-16.5	0.09
67	-2.26	-18.45	0.01
68	-0.04	-12.13	0
69	-0.57	-14.32	0
70	-0.35	-15.93	0
71	2.12	-13.43	0
72	2.39	-12.11	0
73	1.84	-11.55	0.32
74	0.88	-8.69	0.41
75	1.38	-14.64	0
76	0.7	-10.64	0.2
77	0.97	-10.84	0
78	1.12	-11.17	0
79	4.36	-8.75	0
80	4.68	-5.27	0.24
81	3.43	-11.48	0
82	1.92	-10.5	0
83	0.72	-14.78	0
84	4.55	-12.25	0
85	8.58	-7.64	0
86	10.39	-4.99	0.14
87	7.91	-5.42	0.37
88	1.23	-15.02	0
89	6.44	-6.42	0.25
90	5.2	-5.67	1.56
91	0.28	-7.39	0.96
92	-2.54	-19.39	0.03
93	2.35	-11.88	0.14
94	3.65	-7.33	0.13
95	4.79	-11.04	0
96	6.26	-7.43	0.05
97	3.39	-9.36	0.47
98	3.85	-5.57	0.93
99	4.02	-8.79	0.22
100	4.91	-4.12	0.52
101	4.1	-3.95	0.46
102	1.63	-7.17	0.33
103	3.19	-11.7	0
104	7.39	-7.83	0
105	13.7	-6.4	0
106	16.12	-3.35	0
107	12.66	-8.46	0.01
108	5.16	-7.13	0
109	10.52	-8.06	0
110	16.2	-3.13	0
111	15.32	-1.41	0
112	10.64	-8.87	0
113	13.36	-6.7	0
114	16.75	-4.09	0
115	14.57	-2.26	0.21
116	8.29	-5.47	0.15
117	6.23	-4.64	0
118	9.79	-8.7	0
119	15.62	-5.64	0
120	19.53	-2.55	0
121	19.2	0.66	0.6
122	8.59	-6.36	1.74
123	0.34	-6.23	0.16
124	6.95	-7.85	0
125	13.93	-3.65	0
126	19	-0.72	0
127	20.6	-0.74	0
128	19.38	0.37	0.48
129	14.82	1.97	0.76
130	11.84	-0.81	0.4
131	10.33	-1.38	0.55
132	14.76	-4.32	0.15
133	16.94	0.24	0.82
134	10.05	-2.78	0.51
135	9.64	-3.72	0.24
136	11.2	1.31	0.21
137	15.2	1.05	0
138	19.65	1.29	0
139	22.03	1.61	0
140	23.66	2.67	0
141	24.81	3.44	0.01
142	23.01	6.83	0.06
143	14.51	1.43	0.81
144	10.34	-1.06	0.42
145	11.94	-0.68	0.06
146	14.44	-1.69	0.04
147	16.75	-1.08	0.26
148	17.62	-1.33	0.02
149	19.2	2.9	0
150	18.72	3.86	0
151	18.53	-0.52	0
152	20.75	-0.11	0
153	22.93	2.72	0
154	23.73	2.84	0
155	21.61	3.94	0.3
156	14.92	4.28	0.97
157	11.51	1.76	0.18
158	16.5	2.07	0.16
159	16.18	1.32	0.02
160	12.95	0.25	0.05
161	16.76	-2.96	0
162	21.51	0.09	0.18
163	21.93	-0.91	0.12
164	13.33	-3.76	0
165	17.95	-2.72	0
166	22.47	-0.8	0
167	25.59	2.79	0
168	26.8	4.36	0
169	27.36	6.16	0.02
170	26.77	6.01	0
171	24.98	5.01	0
172	23.48	1.42	0
173	24.67	2.84	0
174	26.59	5.36	0.03
175	26.27	7.62	0
176	26.71	5.36	0
177	27.98	6.08	0
178	27.36	5.69	0
179	26.46	4.63	0
180	25.72	4.91	0
181	26.2	5.88	0
182	27.94	7.16	0
183	27.57	6.38	0
184	27.8	7.6	0.04
185	28.09	6.46	0
186	29.59	7.63	0
187	29.16	9.02	0.01
188	25.46	11.73	0.01
189	24.45	9.69	0
190	26.51	6.33	0
191	27.71	7.05	0
192	28.39	5.65	0
193	28.12	5.34	0
194	26.57	4.77	0
195	27.3	3.92	0
196	27.84	4.54	0
197	27.09	4.28	0
198	27.72	6.28	0.02
199	26.26	9.47	0.05
200	26.54	8.64	0
201	29.89	7.61	0
202	30.49	7.43	0
203	30.16	8.99	0.05
204	28.68	9.69	0.16
205	27.74	10.5	0.04
206	28.16	9.94	0.11
207	29.51	9.67	0
208	31.09	9.75	0.06
209	30.26	12.73	0
210	26.72	12.8	0.3
211	25.77	8.03	0
212	28.91	4.92	0
213	30.84	7.33	0
214	32	7.71	0
215	30.51	9.34	0
216	29.79	9.48	0.03
217	30.01	10.04	0
218	29.71	9.01	0
219	26.04	9.5	0.26
220	23.85	11.75	0.03
221	22.16	11.94	0.17
222	24.04	10.1	0.56
223	24.45	10.67	0.41
224	24.49	6.09	0
225	25.43	4.24	0
226	25.98	3.92	0
227	25.46	5.17	0.01
228	21.56	5.38	0.02
229	16.89	0.98	0.01
230	18.99	2.27	0
231	22.47	2.26	0
232	26.67	4.97	0
233	27.1	5.52	0
234	28.31	5.85	0
235	28.03	5.45	0
236	29.06	6.18	0.02
237	30.05	10.94	0.01
238	28.9	8.26	0.06
239	27.9	6.76	0
240	27.07	3.83	0
241	26.59	2.3	0
242	26.89	1.98	0
243	28.28	4.39	0
244	27.21	7.56	0.09
245	18.67	5.49	1.53
246	18.49	-1.33	0.04
247	18.98	-1.07	0
248	20.02	-1.02	0
249	19.58	0.97	0
250	19.68	-0.24	0
251	22.23	-0.12	0
252	22.05	-0.32	0
253	23.66	1.01	0.13
254	21.01	5.66	0.53
255	16.61	5.67	1.1
256	13.95	4.49	0.56
257	17.21	-0.29	0
258	19.05	-0.69	0.05
259	20.96	0.46	0
260	22.97	1.13	0
261	23.65	2.08	0
262	23.07	3.45	0.02
263	21.99	2.61	0
264	21.83	2.88	0.25
265	20.91	4.78	0.86
266	20.15	4.21	0.32
267	18.26	-2.41	0
268	20.27	-1.75	0
269	23.59	0.2	0
270	24.53	3.2	0
271	24.46	2.17	0
272	23.82	1.68	0
273	23.82	1.77	0
274	23.85	1.06	0
275	23.71	0.58	0
276	22.79	0.81	0.01
277	20.65	2.5	0.02
278	17.69	4.7	0.16
279	12.48	1.74	1.09
280	10.57	-0.73	0
281	14.83	-3.24	0
282	18.3	-3.24	0
283	20.19	-1.27	0
284	16.24	-0.54	0.25
285	14.09	-4.55	0.2
286	10.81	-6.07	0.26
287	5.49	-8.19	0
288	8.3	-11.11	0
289	12.47	-8.82	0
290	14.55	-6.39	0
291	16.81	-4.81	0
292	19.26	-3.32	0
293	19.03	-2.64	0
294	16.4	-0.41	0.11
295	9.33	-1.94	0.45
296	5.77	-6.87	0.02
297	7.29	-12.1	0
298	11.39	-9.73	0
299	15.03	-6.81	0
300	15.34	-5.93	0
301	16.6	-6.77	0
302	18.36	-6.49	0
303	19.4	-4.18	0
304	18.91	-5.55	0
305	19.59	-3.34	0
306	18.07	-2.73	0
307	18.32	-1.24	0.52
308	13.2	-2.22	0.62
309	11.94	-1	0.54
310	2.42	-7.37	0.43
311	-2	-10.67	0
312	-3.01	-13.85	0.01
313	3.03	-7.08	0
314	8.23	-4.87	0.14
315	6.52	-3.87	0.93
316	3.94	-2.68	0.35
317	1.8	-2.87	0.79
318	5.23	-1.68	0.05
319	5.81	-5.69	0
320	4.02	-11.92	0
321	9.61	-8.94	0
322	13.3	-6.74	0
323	15.18	-5.55	0
324	14.97	-6.79	0
325	7.33	-6.83	0
326	3.93	-9.87	0
327	8.32	-11.26	0
328	8.02	-8.82	0
329	8.06	-11.79	0
330	9.2	-11.56	0
331	9.32	-10.24	0.05
332	4.74	-4.55	0.22
333	2.77	-5.68	0.35
334	1.78	-4.84	0.26
335	-0.3	-4.13	0.4
336	2.55	-5.45	0.07
337	7.46	-6.99	0.02
338	4.61	-5.41	0.48
339	-0.32	-8.96	0.51
340	-3.19	-18.36	0.01
341	2.34	-10.08	0
342	8.45	-7.23	0
343	4.65	-6.82	0.28
344	-2.77	-12.99	0.03
345	-0.78	-13.65	0
346	2.85	-12.1	0
347	0.47	-9.63	0.44
348	3.33	-9.07	0.3
349	-2.57	-15.81	1.16
350	-8.44	-20.5	0.19
351	-5.26	-14.91	0.32
352	-4.83	-16.85	0.19
353	-3.91	-15.59	0.86
354	-2.02	-10.72	0.08
355	-3.95	-18.53	0.32
356	-7.61	-18.76	0.2
357	-4.11	-12	0.62
358	-4.02	-12.67	0.24
359	-6.75	-22.69	0
360	-2.62	-16.15	0.12
361	0.32	-12.09	0.5
362	-9.97	-24.39	0.13
363	-6.61	-17.52	0.38
364	-0.81	-11.14	0
365	-0.07	-15.51	0
366	-2.04	-17.85	0
