#DOY	Tmax_C	Tmin_C	PPT_cm
1	4.88	-13.33	0
2	4.86	-7.91	0
3	4.36	-3.47	0.02
4	2.5	-6.9	0.08
5	1.85	-8.46	0.74
6	-2.01	-13.9	0.24
7	-1.95	-19.49	0
8	-2.19	-13.43	0
9	-0.13	-18.55	0.1
10	-1.97	-11.9	0.94
11	1.28	-5.31	0.09
12	2.05	-6.17	0.27
13	-0.26	-5.98	1.2
14	-0.62	-12.61	0.02
15	-3.7	-15.15	0.62
16	-3.06	-16.38	1.14
17	1.72	-11.33	1
18	2.79	-10.64	0.07
19	2.68	-12.1	0.49
20	0.56	-10.68	0.45
21	-3.1	-15.65	0.05
22	-6.91	-19.22	0.18
23	-3.08	-15.94	0.02
24	-0.59	-14.41	0.18
25	1.23	-9.86	0.08
26	-0.93	-15.74	0
27	0.3	-14.69	0
28	1.2	-16.62	0
29	2.79	-14.06	0
30	-0.15	-14.93	0.01
31	-0.54	-11.19	0.06
32	-0.85	-12.65	0
33	-1.65	-12.93	0.04
34	1.78	-10.08	0
35	3.25	-5.62	0.5
36	1.39	-5.81	0.9
37	2.67	-5.09	0.11
38	1.71	-5.48	0.11
39	1.35	-6.3	0.47
40	1.35	-5.86	0.48
41	-0.42	-13.1	0
42	-3.05	-17.26	0.18
43	-2.03	-14.15	0.1
44	-1.77	-16.2	0.07
45	1.4	-9.36	0.24
46	3.8	-6.96	0.19
47	2.28	-5.2	0.4
48	1.91	-7.89	0
49	0.27	-10.16	0.01
50	0	-12.44	0.03
51	0.38	-16.23	0
52	1.04	-14.51	0
53	1.88	-7.86	0.03
54	1.14	-5.83	0.38
55	6.18	-4.66	0.73
56	2.16	-7.48	0.77
57	-5.22	-12.2	0.24
58	-6.07	-16.39	0.1
59	-6.07	-20.93	0
60	-5.98	-20.35	0.24
61	-2.29	-16.89	0.1
62	1.92	-10.6	0.6
63	2.91	-11.44	0.35
64	-2.4	-18.95	0
65	0.99	-12.66	0.6
66	-1.8	-14.84	0.31
67	-5.4	-25.62	0.02
68	-2.84	-16.83	0.26
69	-2	-17.49	0
70	2.52	-15.08	0
71	5.36	-13.62	0
72	6.13	-11.76	0
73	7.13	-9.73	0
74	7.77	-10.29	0
75	7.64	-9.83	0
76	7.93	-7.81	1.18
77	3.54	-8.08	0.97
78	-0.32	-10.69	0
79	2.71	-13.07	0
80	6.49	-11.11	0
81	6.97	-4.63	0
82	10.03	-1.58	0
83	14.83	-1.42	0
84	15.54	-0.28	0
85	12.44	-2.22	0.99
86	5.24	-2.2	0.66
87	6.36	-1.7	0.63
88	2.94	-4.57	0.22
89	1.06	-8.38	0.49
90	3.21	-7.33	0.26
91	8.74	-7.41	0.05
92	8.36	-3.7	0.05
93	9.08	-3.05	0
94	9.52	-3.09	0
95	9.21	-3.4	0
96	7.17	-4.24	0.32
97	5.23	-3.75	0.09
98	6.91	-4.13	0.09
99	7.45	-6.06	0.13
100	12.14	-6.4	0
101	17.31	-2.7	0.08
102	16.48	-1.27	0.38
103	7.55	-4.58	0.53
104	5.56	-3.44	0.79
105	5.84	-5.54	0.68
106	4.56	-5.22	1.16
107	4.03	-5.09	0.81
108	5.81	-6.33	0.3
109	8.24	-5.29	0.12
110	9.39	-2.8	0.08
111	12.18	-4.04	0
112	16.7	-3.5	0
113	19.78	-0.81	0
114	18.95	0.61	0.02
115	14.07	-2.95	0.06
116	14.13	-1.03	0
117	14.25	-2.98	0
118	16.53	-2.91	0
119	17.29	-3.41	0
120	18.68	-2.81	0
121	19.13	-1.01	0
122	18.94	-0.05	0
123	20.41	1.45	0
124	20.85	-1.4	0
125	18.13	-1.49	0.08
126	14.68	-1.41	0.31
127	14.18	0.41	0.18
128	12.27	0.98	0.3
129	15.82	-2.21	0.24
130	19.02	1.65	0.16
131	16.62	-1.21	0.23
132	15.5	-1.74	0
133	18.24	1.05	0.08
134	16.2	1.25	0.07
135	12.95	-0.23	0.01
136	18.81	-1.73	0
137	21.5	-0.24	0
138	21.64	-1.71	0
139	23.04	0.73	0
140	23.35	6.22	0.2
141	20.99	4.25	0.11
142	17.6	-2.53	0.06
143	15.46	-1.15	0
144	15.74	-1.66	0
145	19.94	-0.71	0
146	22.18	1.35	0
147	22.04	0.95	0
148	22.31	1.02	0
149	23.45	4.08	0
150	22.23	2.26	0
151	21.68	-0.46	0
152	22.57	1.14	0
153	24.46	1.75	0
154	24.24	1.69	0.21
155	22.33	1.62	0.78
156	11.31	-0.06	0.62
157	15.35	-1.51	0
158	20.58	3.91	0.1
159	17.08	2.7	0.25
160	13.55	1.06	0.66
161	14.96	1.95	0.4
162	15.93	0.36	0.1
163	19.13	1.46	0.04
164	19.83	4.42	0.2
165	14.91	4.07	0.29
166	14.85	-0.49	0.15
167	14.9	2.01	1.71
168	11.29	-0.96	1.44
169	14.8	0.19	0.22
170	20.09	1.04	0.02
171	22.2	1.04	0
172	21.74	4.27	0.04
173	24.1	3.44	0
174	23.72	2.83	0
175	21.89	1.24	0
176	24.74	1.86	0
177	24.44	4.38	0
178	23.85	1.62	0
179	26.02	1.63	0
180	27.73	4.35	0
181	29.29	6.1	0
182	29.74	6.44	0
183	29.97	6.88	0
184	29.71	7.87	0
185	28.59	9.41	0.03
186	28.91	7.72	0
187	28.39	10.72	0
188	27.61	6.73	0
189	27.97	8.04	0
190	27.18	8.67	0
191	22.98	9.48	0.08
192	26.28	7.1	0
193	28.71	7.7	0
194	29.75	6.43	0
195	30.08	9.6	0
196	29.93	6.07	0
197	30.4	7.3	0
198	31.46	6.24	0
199	32.23	8.09	0
200	32.31	7.94	0
201	32.55	7.59	0
202	30.62	8.94	0.03
203	27.13	11.4	0.17
204	25.37	11.94	0.06
205	25.2	12.22	0.6
206	23.01	10.94	0.42
207	23.6	10.65	0.24
208	25.88	10.46	0.09
209	25.92	11.77	0.36
210	24.21	11.11	0.68
211	25.14	9.85	0.51
212	25.31	8.83	0.19
213	24.71	9.56	0.01
214	22.77	4.86	0.07
215	23.23	6.89	0.01
216	22.09	7.73	0.2
217	24.08	5.03	0
218	27.36	6.08	0
219	29.51	5.21	0
220	29.67	7.21	0
221	27.4	10.15	0
222	26.48	8.55	0
223	25.11	7.16	0.04
224	26.9	6.39	0
225	26.88	6.49	0.02
226	28.4	5.9	0
227	28.56	7.91	0
228	27.72	7.62	0
229	28.74	9.05	0.01
230	27.77	8.97	0.18
231	26.76	7.49	0
232	26.9	8.34	0
233	26.42	8.78	0.5
234	24.19	6.51	0.02
235	28.57	8.22	0.08
236	28.16	7.6	0.34
237	27.39	5.95	0.03
238	26.69	7.69	0.12
239	24.21	8.54	0.05
240	25.88	3.82	0
241	28.08	3.77	0
242	28.7	5.01	0
243	26.51	6.08	0
244	24.04	8.19	0
245	24.51	5.05	0
246	28.2	4.4	0
247	29.93	6.25	0
248	29.73	7.8	0
249	28.91	7.04	0
250	29.29	7.08	0.2
251	28.25	8.78	0.03
252	27.31	9.69	0
253	25.63	8.54	0.01
254	23.38	7.6	0.55
255	22.33	7.41	1.21
256	18.34	5.24	0.1
257	22.59	3.45	0.01
258	23.36	3.96	0
259	24.73	5.02	0
260	25.38	4.77	0
261	25.33	3.79	0
262	22.11	4.1	0
263	19.63	1.53	0
264	20.12	4.52	0
265	20.28	0.37	0
266	19.36	3.43	0.02
267	20.91	3.08	0
268	21.8	1.24	0
269	21.49	-0.84	0
270	23.23	-0.4	0
271	23.61	-1.52	0
272	24.05	0.54	0
273	23.52	3.06	0.33
274	20.26	5.16	0.32
275	16.74	4.09	0.12
276	14.21	2.7	1.27
277	7.07	-1.98	1.55
278	6.96	-3.03	0.2
279	9.29	-6.75	0
280	15.54	-4.71	0
281	19.93	-2.3	0
282	20.02	-2.73	0
283	19.3	-1.9	0
284	16.97	-6.48	0
285	19.44	-4.43	0
286	21.04	-2.39	0
287	20.27	0.83	0
288	18.71	-2.16	0
289	12.86	-2.86	0.18
290	5.49	-2.2	0
291	10.68	-5.03	0
292	14.19	-7.54	0
293	14.01	-7.22	0
294	14.17	-7.56	0
295	14.56	-2.42	0.07
296	11.11	-1.06	0.57
297	12.87	-3.82	0
298	14.44	-1.71	0
299	14.28	0.2	0.21
300	12	-2.42	0.6
301	7.89	-0.2	0.74
302	6.87	-0.49	0.16
303	10.72	-0.24	0.14
304	8.58	-1.46	0
305	9.23	-0.92	0.16
306	8.58	0	0.43
307	4.12	-2.91	0.48
308	3.6	-5.81	0
309	6.23	-5.37	0.29
310	3.63	-4.68	0.47
311	1.49	-7.64	0.08
312	2.37	-6.08	0.39
313	-1.62	-9.23	0.32
314	-3.07	-10.98	0.05
315	-1.23	-10.9	0
316	2.32	-8.6	0.03
317	7.29	-8.53	0
318	10.45	-7.87	0
319	12.26	-5.38	0
320	12.31	-6.74	0
321	12.61	-4.92	0
322	9.73	-4.18	0.05
323	2.36	-5.85	0
324	3.11	-11.51	0
325	8.56	-10.19	0
326	10.79	-6.09	0
327	12.46	-8.1	0
328	10.63	-5.42	0
329	12.58	-10.12	0
330	14.3	-7.43	0
331	14.14	-5.87	0
332	13.76	-6.35	0
333	6.55	-3.97	0.29
334	11.68	-5.68	0
335	11.21	-7.94	0
336	11.75	-7.89	0
337	11.71	-8.07	0
338	11.54	-7.64	0.28
339	3.7	-12.64	0.67
340	-7.27	-23.78	0
341	-7.18	-23.03	0.01
342	-6.9	-20.65	0.13
343	-5.13	-14.26	0.24
344	-4.6	-22.86	0
345	-2.31	-20.76	0
346	1.57	-16.54	0
347	4.48	-14.81	0
348	4.75	-15.56	0
349	3.81	-14.92	0
350	4.13	-13.61	0
351	4.68	-12.63	0
352	4.13	-13.2	0.03
353	-3.13	-17.37	0.66
354	-10.26	-21.36	2.27
355	-14.12	-24.65	0.09
356	-16.38	-31.62	0
357	-13.98	-31.42	0
358	-13.94	-29.7	0.01
359	-5.81	-18.79	0.08
360	-2.68	-9.46	0.02
361	0.63	-9.32	0.03
362	0.58	-9.03	0.02
363	2.53	-5.26	0
364	3.13	-5.86	0
365	1.88	-10.08	0
