# weather for site 002_-119.415_39.046 year =  1964
# DOY Tmax(C) Tmin(C) PPT(cm)
1	15.19	-10.07	0.00
2	13.50	-3.32	0.00
3	3.52	-15.49	0.00
4	4.52	-13.45	0.00
5	5.38	-17.19	0.00
6	7.42	-8.15	0.00
7	6.82	-3.42	0.00
8	2.70	-16.15	0.00
9	7.48	-15.19	0.00
10	5.31	-7.57	0.00
11	0.01	-17.61	0.00
12	0.75	-14.83	0.00
13	2.46	-17.94	0.00
14	0.77	-11.23	0.00
15	2.06	-14.31	0.00
16	8.51	-14.34	0.00
17	7.76	-9.20	0.01
18	4.71	-3.80	0.00
19	6.94	-2.69	0.00
20	8.66	1.04	1.28
21	6.21	-8.63	1.30
22	-2.10	-7.32	0.15
23	-0.58	-11.92	0.00
24	2.97	-11.04	0.00
25	3.18	-9.06	0.06
26	4.04	-5.56	0.00
27	3.94	-11.61	0.05
28	7.56	-11.99	0.00
29	6.89	-11.31	0.00
30	8.09	-9.32	0.00
31	8.01	-11.00	0.00
32	11.10	-8.18	0.00
33	8.39	-10.54	0.00
34	6.99	-14.11	0.00
35	9.31	-11.85	0.00
36	9.31	-11.45	0.00
37	3.14	-15.08	0.00
38	6.36	-15.38	0.00
39	8.06	-14.39	0.00
40	12.32	-12.30	0.00
41	13.42	-12.19	0.00
42	11.96	-7.12	0.00
43	4.19	-15.60	0.00
44	3.70	-12.93	0.00
45	3.88	-16.01	0.00
46	4.42	-11.19	0.00
47	3.65	-9.05	0.00
48	6.99	-14.72	0.00
49	9.53	-13.80	0.00
50	10.73	-12.69	0.00
51	8.53	-13.86	0.00
52	8.63	-15.84	0.00
53	7.75	-13.61	0.00
54	8.73	-14.67	0.00
55	10.62	-13.23	0.00
56	6.53	-10.77	0.00
57	7.95	-18.10	0.00
58	9.39	-15.10	0.00
59	9.30	-13.86	0.00
60	7.71	-11.24	0.03
61	9.29	-9.81	0.52
62	4.96	-13.08	0.00
63	4.14	-14.43	0.00
64	11.32	-8.23	0.00
65	12.18	-4.88	0.14
66	2.27	-9.42	0.65
67	-1.81	-9.14	0.28
68	0.34	-18.82	0.06
69	5.53	-8.65	0.00
70	6.42	-6.00	0.00
71	9.66	-7.61	0.10
72	6.82	-5.15	0.00
73	5.72	-7.09	0.00
74	11.73	-11.94	0.00
75	11.95	-4.25	0.00
76	10.99	-11.02	0.00
77	16.12	-10.22	0.00
78	16.52	-7.32	0.00
79	9.88	-12.82	0.00
80	13.92	-12.04	0.00
81	10.91	-3.11	0.00
82	3.13	-10.90	0.42
83	2.73	-9.99	0.21
84	2.63	-9.22	0.00
85	7.38	-12.80	0.00
86	11.00	-7.93	0.00
87	14.03	-10.70	0.00
88	16.08	-7.82	0.00
89	18.60	-7.75	0.00
90	19.25	-6.70	0.00
91	18.54	-1.60	0.01
92	10.42	0.48	0.07
93	6.60	-7.53	0.00
94	5.80	-10.74	0.00
95	11.96	-8.91	0.07
96	10.81	-6.00	0.21
97	4.78	-9.08	0.00
98	10.25	-6.39	0.00
99	15.21	-7.06	0.00
100	15.83	-4.31	0.00
101	14.85	-2.83	0.00
102	15.92	-4.48	0.00
103	15.47	-7.16	0.00
104	17.93	-6.13	0.00
105	20.26	-4.76	0.00
106	21.52	-1.04	0.00
107	18.65	4.63	0.00
108	14.84	-7.45	0.00
109	11.80	-5.77	0.00
110	10.86	-0.38	0.00
111	14.81	-5.57	0.00
112	15.07	-5.57	0.39
113	14.52	-5.46	0.23
114	10.06	-7.03	0.61
115	2.36	-12.56	0.00
116	8.47	-7.67	0.00
117	14.49	-5.21	0.00
118	18.14	-3.61	0.00
119	21.32	-2.39	0.00
120	18.86	-0.65	0.00
121	14.54	-3.55	0.00
122	14.02	-2.60	0.21
123	5.89	-8.04	0.18
124	7.01	-7.39	0.38
125	6.99	-4.63	0.28
126	4.62	-3.75	0.89
127	3.05	-5.36	0.89
128	9.33	-5.91	0.01
129	12.67	-3.27	0.00
130	17.08	-4.90	0.00
131	19.38	-0.56	0.00
132	20.04	0.26	0.00
133	21.96	0.15	0.00
134	20.77	7.25	0.00
135	20.39	2.17	0.00
136	22.68	-3.11	0.00
137	21.24	-0.82	0.00
138	18.56	-1.30	0.00
139	24.61	-1.02	0.00
140	24.76	6.08	0.00
141	22.26	8.27	0.00
142	21.35	-2.49	0.00
143	21.50	-0.06	0.00
144	22.60	-2.40	0.00
145	21.82	8.18	0.00
146	20.37	-0.71	1.22
147	19.78	3.65	2.06
148	12.98	-1.25	0.67
149	13.92	-1.97	0.00
150	16.31	-0.46	0.00
151	18.58	1.24	0.00
152	22.76	2.29	0.00
153	23.44	5.25	0.00
154	22.15	1.77	0.00
155	23.26	4.09	0.00
156	23.50	8.36	0.02
157	20.65	5.04	0.00
158	20.32	6.19	0.18
159	16.93	0.61	0.09
160	13.78	0.01	0.46
161	10.60	-2.44	1.33
162	13.60	-1.27	0.00
163	18.54	0.52	0.00
164	21.56	1.18	0.00
165	22.99	3.74	0.00
166	25.53	5.50	0.00
167	24.99	5.15	0.00
168	17.49	4.38	0.00
169	17.86	2.82	0.00
170	17.73	-0.69	0.00
171	19.63	-0.84	0.00
172	22.30	2.05	0.00
173	22.19	1.62	0.00
174	25.28	2.22	0.00
175	28.01	3.45	0.00
176	29.94	7.59	0.00
177	28.86	5.99	0.00
178	26.56	8.46	0.00
179	24.51	3.80	0.00
180	24.98	2.93	0.00
181	25.04	3.46	0.00
182	26.48	2.26	0.00
183	26.27	6.92	0.00
184	24.96	4.74	0.00
185	24.26	2.86	0.00
186	25.30	4.77	0.00
187	24.61	0.39	0.00
188	28.09	5.60	0.00
189	30.10	8.06	0.00
190	28.96	4.42	0.00
191	26.90	2.67	0.00
192	29.27	6.08	0.00
193	31.03	7.94	0.47
194	31.08	9.03	0.00
195	29.91	7.50	0.00
196	28.28	7.75	0.00
197	26.00	4.96	0.00
198	29.47	4.97	0.00
199	29.59	7.06	0.00
200	28.31	8.74	0.00
201	29.51	4.92	0.00
202	30.11	7.16	0.00
203	29.65	5.49	0.00
204	29.16	4.21	0.00
205	29.78	5.59	0.00
206	31.52	7.15	0.00
207	32.38	11.14	0.00
208	31.83	8.65	0.00
209	31.46	9.42	0.01
210	29.15	10.96	0.25
211	29.12	7.93	0.04
212	27.80	10.14	0.00
213	26.43	2.74	0.00
214	24.99	5.44	0.00
215	26.75	3.35	0.00
216	28.90	4.87	0.00
217	30.10	4.73	0.00
218	30.41	5.34	0.00
219	29.72	7.63	0.08
220	28.91	10.06	0.16
221	29.97	8.99	0.00
222	30.34	5.66	0.00
223	29.55	10.01	0.00
224	30.15	7.56	0.00
225	29.24	4.82	0.00
226	29.19	5.02	0.00
227	30.44	5.15	0.00
228	29.22	6.82	0.12
229	28.77	4.55	0.00
230	30.03	6.27	0.00
231	27.25	6.41	0.00
232	25.40	4.29	0.00
233	25.03	2.37	0.00
234	26.70	2.24	0.00
235	29.13	2.85	0.00
236	30.65	6.94	0.00
237	30.52	5.83	0.03
238	29.61	4.38	0.06
239	27.88	7.23	0.00
240	25.74	0.71	0.00
241	24.71	5.95	0.00
242	23.12	0.02	0.00
243	23.79	-1.12	0.00
244	22.11	7.48	0.27
245	13.06	-1.25	0.00
246	16.96	-5.39	0.00
247	22.07	-3.25	0.00
248	24.26	-0.27	0.00
249	24.68	-1.19	0.00
250	23.69	-1.99	0.00
251	24.28	-1.91	0.00
252	24.02	-2.90	0.00
253	23.71	-3.25	0.00
254	24.51	-0.78	0.00
255	25.55	0.17	0.00
256	26.25	1.31	0.00
257	26.10	1.85	0.00
258	24.84	-0.69	0.00
259	23.25	-0.72	0.00
260	25.74	-2.04	0.00
261	24.75	7.08	0.00
262	20.46	-0.99	0.00
263	19.93	-4.18	0.00
264	21.43	-2.93	0.00
265	18.85	-3.61	0.00
266	18.56	-5.23	0.00
267	22.54	-2.31	0.00
268	24.44	-0.22	0.00
269	26.85	-1.26	0.00
270	25.44	2.70	0.00
271	25.12	-0.60	0.00
272	25.03	-2.29	0.00
273	24.37	-0.95	0.00
274	25.83	-1.45	0.00
275	24.76	3.00	0.00
276	25.97	-1.70	0.00
277	26.21	-1.07	0.00
278	25.59	-0.22	0.00
279	25.92	0.40	0.03
280	26.38	-0.20	0.00
281	27.11	1.14	0.00
282	24.68	4.95	0.00
283	23.35	-0.30	0.00
284	22.95	-1.28	0.00
285	24.23	-2.44	0.00
286	25.38	-1.87	0.00
287	22.76	-0.72	0.00
288	23.10	-1.95	0.00
289	22.44	2.12	0.00
290	21.80	4.20	0.00
291	18.01	-4.71	0.00
292	15.99	-7.22	0.00
293	18.60	-8.62	0.00
294	20.93	-8.18	0.00
295	22.67	-7.68	0.00
296	22.00	-6.83	0.00
297	19.66	-7.77	0.00
298	20.19	-9.20	0.00
299	19.44	-7.32	0.00
300	16.23	-1.41	0.00
301	15.82	-5.01	0.00
302	16.16	3.07	0.38
303	14.09	1.58	0.45
304	12.39	-3.89	0.00
305	11.91	-5.74	0.12
306	9.94	-3.61	0.17
307	9.55	-4.45	0.00
308	12.45	-8.57	0.00
309	15.11	-6.86	0.00
310	14.80	-6.05	0.00
311	14.53	-6.92	0.00
312	14.31	-7.08	0.00
313	13.32	-4.63	0.08
314	11.18	-1.57	0.15
315	4.87	-5.13	0.81
316	3.54	-5.76	1.01
317	5.57	-2.59	0.55
318	2.17	-10.79	0.31
319	-2.32	-12.88	0.19
320	-3.33	-11.89	0.17
321	-4.31	-14.37	0.35
322	-4.11	-14.29	0.09
323	-2.24	-16.84	0.00
324	-0.58	-18.75	0.00
325	1.37	-17.58	0.00
326	3.27	-16.37	0.00
327	6.85	-12.17	0.00
328	8.72	-12.38	0.00
329	11.25	-8.60	0.00
330	14.31	-2.68	0.03
331	11.92	0.14	0.00
332	7.39	-7.03	0.00
333	9.94	-3.61	0.00
334	13.01	-7.09	0.00
335	12.89	-9.88	0.01
336	11.82	-1.32	0.07
337	9.72	-3.80	0.21
338	6.07	-10.14	0.01
339	0.80	-12.26	0.00
340	1.45	-8.57	0.01
341	1.32	-6.04	0.00
342	5.73	-9.17	0.00
343	5.85	-6.52	0.00
344	9.75	-3.85	0.00
345	11.95	-2.27	0.26
346	9.27	2.16	0.05
347	4.67	-12.82	0.00
348	1.15	-18.57	0.00
349	7.38	-13.64	0.00
350	9.42	-8.56	0.00
351	9.08	-14.17	0.00
352	2.70	-17.51	0.00
353	-1.33	-14.44	0.37
354	5.48	-10.79	1.10
355	7.19	-2.96	0.19
356	10.57	-0.47	3.56
357	13.00	4.95	2.98
358	12.06	6.48	1.17
359	10.86	1.69	0.00
360	8.91	3.22	0.53
361	7.40	-1.29	1.61
362	3.90	-6.99	2.52
363	-2.50	-8.50	0.18
364	-1.83	-11.16	0.07
365	-2.07	-13.26	0.46
366	-2.86	-9.84	0.04
