#DOY	Tmax_C	Tmin_C	PPT_cm
1	-1.8	-15.26	0
2	4.39	-10.47	0.26
3	2.26	-17.44	0.28
4	-9.63	-25.97	0
5	-10.45	-26.91	0
6	-6.69	-20.09	1.06
7	-3.54	-9.59	1.48
8	-0.58	-6.42	0.99
9	-2.68	-12.01	0.66
10	-0.99	-11.35	0.11
11	0.09	-9.31	0.52
12	-6.58	-19.55	0.46
13	-9.38	-23.11	0.39
14	-2.18	-11.92	0.2
15	-0.41	-8.32	0.33
16	-1.39	-8.66	0.68
17	-0.85	-5.82	0.23
18	1.18	-6.3	0
19	-1.22	-11.8	0.39
20	-3.28	-15.11	0.19
21	0.54	-9.12	0.06
22	2.37	-11.47	0.31
23	-1.67	-13.39	0.28
24	-7	-20.71	0.12
25	-5.15	-19.32	0
26	-3.87	-18.2	0
27	-3.49	-20.26	0
28	-4.44	-20.17	0
29	-5.85	-22.36	0
30	-11.04	-21.19	0
31	-5.99	-23.71	0.01
32	-1.56	-20.17	0.5
33	-2.31	-11.85	0.63
34	-3.88	-12.69	0.1
35	-7.61	-23.98	0
36	-5.72	-25.75	0
37	-5.27	-24.18	0
38	-3.05	-17.88	0.38
39	-0.94	-8.85	0.34
40	1.98	-5.64	0.19
41	0.47	-4.09	0.15
42	-1.7	-8.94	0.1
43	-2.68	-10.73	0.2
44	-2.34	-16.33	0.04
45	-6.07	-20.53	0
46	-11.1	-21.46	0.03
47	-12	-20.72	0.13
48	-10.52	-17.77	0.52
49	-4.15	-16.78	0.06
50	2.92	-7.41	0.34
51	3.8	-4.5	0.72
52	-2.11	-11.95	0.31
53	-4.1	-15.44	0.11
54	-3.52	-12.84	0.18
55	-1.15	-8.64	0.87
56	-1.6	-11.94	0.25
57	-3.34	-18.06	0.16
58	-1	-15.8	0
59	-2.9	-19.83	0
60	-2.96	-18.85	0
61	-3.48	-22.14	0.02
62	-2.61	-18.22	0
63	-3.76	-20.99	0
64	-1.91	-19.13	0
65	1.09	-12	0
66	3.46	-12.05	0
67	4.69	-11.15	0
68	5.84	-10.01	0
69	3.56	-7.87	0.74
70	0.4	-6.75	0.61
71	-3.36	-17.53	0
72	-2.85	-18.02	0.06
73	2.56	-9.34	0.73
74	5.5	-4.08	0.52
75	5.82	-1.59	0.12
76	4.06	-1.87	0.82
77	5.29	-2.08	0.5
78	7.65	-2.28	0
79	7.55	-6.74	0.08
80	7.1	-3.04	0.02
81	7.08	-8.89	0
82	9.95	-6.73	0
83	13.37	-4.51	0
84	14.7	-4.22	0
85	14.87	-1.01	0
86	13.13	-0.05	0.15
87	8.06	-1.21	1.17
88	5.87	-2	1.15
89	5.97	-2.01	0.34
90	5.48	-2.72	0.02
91	9.17	-6.16	0
92	7.54	-3.36	0.76
93	6.14	-3.58	0
94	10.03	-4.97	0.67
95	10.61	-3.14	1.7
96	5.08	-3.61	0.44
97	1.62	-7.2	0.02
98	5.95	-8.78	0
99	10.47	-6.43	0.44
100	10.07	-5.64	0.22
101	8.06	-3.22	0.29
102	6.73	-4.11	0.32
103	3.82	-5.82	0.6
104	5.12	-9.18	0
105	7.09	-7.06	0.32
106	6.88	-2.87	0.61
107	10.84	-6.64	0.08
108	10.5	-4.06	1.73
109	2.65	-6.27	0.7
110	3.48	-7.42	0
111	8.93	-6.54	0
112	16.16	-3.56	0.01
113	16.3	-1.11	0.13
114	10.89	-3.06	0.22
115	11.44	-3.78	0.18
116	14.2	-0.88	0.48
117	14.45	1	0.3
118	13.65	-2.14	0
119	14.11	-4.4	0.06
120	13	0.15	0.32
121	11.73	-3.98	0
122	12.61	-5.27	0
123	16.52	-0.37	0
124	16.29	1.97	0.44
125	9.5	-0.37	0.55
126	8.24	-3.67	0.34
127	7.76	-0.68	0.84
128	8.22	-5.27	0
129	9.61	-2.77	0
130	15.46	-4.15	0
131	20.32	-2.21	0
132	22.23	1.56	0
133	23.8	3.39	0
134	23.77	3.63	0.13
135	20.24	6.25	0.65
136	18.76	5.44	0.27
137	16.33	5.53	0.09
138	17.68	-0.17	0
139	19.74	1.45	0.3
140	20.79	2.52	0.36
141	21.88	5.32	0.07
142	19.2	3.93	0.26
143	18.29	1.25	0.04
144	17.96	0.19	0.12
145	21.5	2.72	0
146	22.67	4.54	0.03
147	20.19	5	0.08
148	20.83	3.08	0
149	21.36	4.45	0.01
150	21.22	3.33	0
151	24.52	4.09	0
152	22.22	7.04	0.01
153	20.5	1.84	0.28
154	19.35	0.7	0.67
155	13.32	-1.2	0.01
156	19.05	4.59	0
157	21.65	2.89	0.35
158	15.97	0.27	0.12
159	11.74	2.43	0.36
160	15.39	1.49	0.12
161	20.02	0.46	0
162	22.08	5.41	0
163	21.54	4.07	0
164	21.83	1.11	0
165	24.94	1.66	0
166	26.34	5.4	0
167	26.35	7.19	0.01
168	24.17	3.37	0.04
169	18.64	3.45	0.08
170	18.96	1.2	0
171	24.16	3.73	0
172	25.71	6.43	0.02
173	24.05	2.45	0
174	21.38	2.88	0
175	19.65	-3.69	0
176	21.67	-1.08	0
177	25.53	2.51	0
178	28.23	4.52	0
179	28.09	5.33	0
180	27.12	6.93	0
181	26.06	2.57	0
182	26.26	5.69	0
183	28.09	5.89	0
184	27.61	5.82	0
185	16.69	-1.59	0.19
186	17.5	2.09	0.09
187	21.19	1.92	0
188	25.41	0.15	0
189	25.92	5.07	0
190	26.5	1.41	0
191	27.76	4.83	0
192	28.21	4.76	0.08
193	27.36	7.67	0
194	25.32	7.22	0.13
195	26.93	6.74	0.1
196	27.34	5.4	0
197	26.72	4.23	0
198	26.28	4.49	0
199	26.03	2.17	0
200	27.46	2.41	0
201	27.5	6.25	0
202	27.28	5.69	0
203	25.65	2.77	0
204	22.01	5.92	0.25
205	19.43	6.84	0.79
206	22.39	2.21	0
207	24.31	3.16	0
208	23.63	0.96	0
209	26.5	2.48	0
210	29.17	3.89	0
211	29.37	8.57	0
212	29.43	7.37	0
213	29.16	4.73	0
214	26.38	3.8	0
215	24.92	4.31	0
216	23.2	5.38	0
217	23.15	3.41	0.08
218	23.39	3.72	0.01
219	24.55	4.72	0.03
220	23.53	6.24	0.2
221	24.02	6.37	0.2
222	24.88	9.32	0.87
223	24.74	7.66	0.02
224	26.39	7.87	0.11
225	27.04	7.64	0
226	26.26	5.69	0.23
227	24.25	5.14	0.03
228	25.34	4.42	0
229	26.48	3.69	0
230	27.3	2.9	0
231	26.39	6.44	0
232	24.92	6.73	0.05
233	21.97	8.95	1.06
234	20.69	3.9	0
235	22.98	3.09	0
236	27.8	5.21	0
237	27.54	7.26	0
238	22.42	8.15	0.08
239	21.79	5.06	0
240	23.7	2.58	0
241	24.45	3.69	0
242	21.81	4.04	0
243	22.17	-0.02	0
244	22.91	3.45	0
245	20.27	6.03	0.03
246	22.53	-0.13	0
247	24.75	0.7	0.14
248	23.56	5.54	0.07
249	22.9	2.54	0.12
250	22.45	5.2	0.91
251	20.98	0.82	0
252	22.75	1.61	0
253	24.76	3.16	0
254	25.87	0.7	0
255	25.56	3.64	0.2
256	19.19	1.51	0.2
257	14.33	-6.29	0
258	18.88	-3.76	0
259	18.13	-1.19	0.32
260	18.01	2.48	0.23
261	16.32	3.16	0.69
262	14.42	3.06	0.52
263	19	-1.51	0
264	21.63	0.64	0
265	22.07	2.19	0
266	22.55	0.64	0
267	19.73	-2.15	0.36
268	15.9	-3.46	0
269	16.95	-3.66	0
270	20.6	-3.3	0
271	22.73	-2.56	0
272	23.03	-2.65	0
273	22.7	-3.38	0
274	21.24	-0.82	0
275	19.93	-0.83	0
276	22.37	-0.59	0
277	23.06	0.55	0
278	24.39	1.09	0.23
279	20.82	2.33	0.55
280	14.01	2.71	1.49
281	10.6	0.58	0.72
282	7.01	-1.24	0.2
283	10.07	-1.92	0.19
284	16.78	-2.99	0.1
285	11.87	3.04	0.37
286	12.65	0.34	0.6
287	11.17	0.26	1.52
288	11.88	-1.47	0.38
289	10.19	0.51	0.26
290	8.46	-0.95	0.22
291	6.4	0.65	0.14
292	9.97	-0.8	0.04
293	9.2	-4.36	0
294	12.99	-4.86	0
295	14.42	-3.79	0
296	15.49	-4.19	0
297	15.19	-4.15	0
298	12.48	-5.79	0
299	8.29	-5.68	0
300	7.88	-10.67	0.1
301	5.44	-4.99	0.3
302	4.36	-8.62	0.17
303	2.56	-15.18	0
304	10.85	-10.26	0
305	9.26	-5.64	0
306	5.97	-12.23	0
307	6.4	-8.16	0.06
308	4.52	-5.49	0.06
309	-1.21	-9.61	0
310	2.16	-12.96	0
311	3.86	-13.73	0
312	5.45	-13.77	0
313	7.62	-13.28	0
314	9.86	-9.68	0
315	9.2	-5.11	0.84
316	4.48	-3.64	1.38
317	1.44	-5.48	0.44
318	1.02	-6.77	0.2
319	1.62	-13.92	0
320	1.67	-14.22	0
321	2.68	-12.26	0
322	0.88	-11.15	0.36
323	-2.58	-19.85	0
324	-1.61	-17.62	0
325	0.36	-15.54	0
326	1.81	-7.74	0.32
327	3.92	-8.2	1.39
328	-7.99	-17.13	0.1
329	-12.33	-22.22	0
330	-9.15	-21.76	0
331	-5.48	-22.48	0
332	-2.58	-17.7	0
333	2.02	-11.14	0
334	4.13	-10.51	0
335	1.54	-9.98	0.08
336	-1.52	-9.53	0.19
337	-1.52	-12.71	0
338	0.58	-14.34	0.07
339	0.61	-13.77	0.01
340	-1.33	-12.61	0
341	0.58	-14.9	0
342	3.45	-10.51	0
343	4.69	-7.28	0
344	5.86	-8.12	0.05
345	3.72	-11.26	0
346	-0.53	-9.43	0.78
347	-2.53	-13.54	0.03
348	-2.38	-20.44	0.05
349	-3.42	-17.99	0.6
350	-3.72	-11.83	0.6
351	-5.92	-15.95	0.01
352	-6.65	-22.98	0
353	-7.8	-20.66	0.02
354	-7.97	-20.98	0
355	-8.02	-23.33	0.06
356	-8.77	-25.44	0.06
357	-6.83	-18.03	0.18
358	-7.35	-23.35	0
359	-5.4	-21.25	0.02
360	-3.1	-17.39	0.03
361	-1.54	-12.75	0.94
362	-0.83	-7.21	0.05
363	-3.6	-12.91	0
364	-6.11	-20.29	0
365	-3.01	-17.83	0.01
