#DOY	Tmax_C	Tmin_C	PPT_cm
1	1.43	-11.15	0.01
2	0.1	-9.73	0.67
3	-5.53	-13.95	0.34
4	-8.4	-20.14	0.39
5	-10.99	-23.05	0
6	-9.35	-25	0.03
7	-3.16	-14.75	0.52
8	-0.04	-7.93	0
9	-0.14	-12.02	0
10	0.77	-15.17	0
11	-0.48	-17.43	0
12	-2.59	-19.07	0
13	-3.02	-19.23	0
14	-2.88	-18.37	0
15	-4.35	-18.52	0
16	-0.75	-13.1	0
17	-1.49	-20.48	0
18	-4.88	-21.2	0
19	-5.36	-20.01	0
20	-3.96	-15.25	0
21	-3.92	-17.63	0
22	-4.49	-20.68	0
23	-2.89	-19.72	0
24	-2.06	-17.49	0
25	-2.43	-14.65	0.62
26	-7.38	-22.07	0.2
27	-4.95	-18.43	0
28	-3.42	-9.22	0.06
29	0.17	-7.12	0
30	1.7	-9.23	0.44
31	-0.24	-10.42	0.11
32	-8.11	-21.13	0.03
33	-5.6	-18.34	0.28
34	-4.6	-13.54	0.65
35	-4.39	-8.4	1.1
36	-3.76	-11.91	0.05
37	-4.93	-14.7	0.12
38	-2.6	-19.57	0
39	-5.04	-16.57	0.78
40	-5.78	-13.91	0.16
41	-5.8	-24.57	0
42	-6.89	-18.97	0
43	-9.88	-31.71	0
44	-9.97	-28.04	0
45	-5.89	-25.43	0
46	-3.83	-20.96	0
47	-0.07	-16.93	0
48	2.7	-13.6	0
49	5.56	-7.9	0
50	8.27	-4.85	0.04
51	0.76	-12.7	0.02
52	1.28	-14.54	0.03
53	2.14	-8.61	0.03
54	3.34	-8.35	0
55	3.68	-10.3	0
56	3.88	-6.03	0.05
57	6.53	-7.76	0
58	7.79	-4.05	0.05
59	1.45	-4.04	0.38
60	-0.82	-9.05	0.68
61	-0.77	-9.24	0.6
62	0.51	-14.64	0
63	1.61	-10.08	0.06
64	2.02	-10.95	0
65	0.85	-12.42	0
66	0.62	-7.39	0
67	4.53	-9.71	0
68	5.83	-9.79	0
69	8.75	-8.16	0
70	9.97	-6.67	0
71	7.95	-8.57	0
72	9.91	-7.75	0
73	10.82	-7.64	0
74	8.71	-7.84	0
75	7.93	-4.13	0.1
76	8.98	-4.08	0
77	11.2	-2.08	0
78	13.71	-4.88	0
79	17.17	-4.38	0
80	19.24	-1.66	0
81	18.84	-3.42	0
82	20.3	-2.22	0
83	20.55	2.02	0
84	17.79	1.41	0.26
85	17.4	0.3	0.06
86	18.41	-0.13	0.26
87	14.98	-2.86	0.22
88	4.09	-5.58	0.8
89	8.61	-8.14	0
90	16.6	-4.81	0
91	20.16	-4.4	0
92	19.55	-0.4	0
93	18.02	-2.45	0
94	14.91	1.92	0
95	16.06	-3.45	0
96	14.92	-0.4	0
97	16.14	-1.01	0.02
98	15.02	-0.41	1
99	13.21	1.68	0.92
100	10.35	1.36	1.1
101	6.32	-3.78	0.28
102	5.88	-8.97	0
103	8.98	-3.75	0.23
104	14.44	-3.62	0
105	16.3	-1.43	0
106	16.22	-0.83	0
107	17.56	-0.64	0.1
108	17.89	-1.61	0
109	15.03	-1.02	1.04
110	11.04	-4.28	0.14
111	10.11	-2.68	0.08
112	7.73	-1.82	1.07
113	6.91	-3.91	0.06
114	10.87	-3.45	0
115	11.63	-4.1	0
116	12.2	-1.98	0.03
117	15.35	-4.41	0
118	19.67	-2.32	0
119	19.86	-1.44	0.22
120	16.93	-1.75	0.24
121	9.75	-2.67	0.44
122	11.5	-4.49	0
123	16.38	-3.83	0
124	19.57	0.58	0
125	22.91	0.43	0
126	24.87	1.94	0
127	23.83	0.67	0
128	23.19	1.15	0
129	22.67	1.56	0
130	22.59	1.79	0
131	23.28	-0.29	0
132	22.01	1.71	0.74
133	9.66	-2.84	1.1
134	8.37	-1.88	0.98
135	11.98	-4.07	0
136	17.1	-0.07	0.04
137	18.31	3.12	0
138	19.89	4.75	0
139	21.36	5.53	0
140	20.35	6.34	0
141	21.55	3.64	0
142	20.51	0.31	0
143	17.05	1.81	0.05
144	18.45	0.02	0.02
145	17.61	-0.61	0.16
146	15.01	0.65	0.19
147	17.65	-1.71	0
148	20.26	3.15	0
149	22.32	3.73	0.25
150	20.29	1.97	0.68
151	11.45	-3.01	0.05
152	16.79	-0.69	0.03
153	20.05	-0.61	0
154	24.71	2.29	0
155	27.58	4.79	0
156	26.63	6.86	0
157	26.28	5.1	0
158	29.17	4.69	0
159	28.66	5.84	0
160	28.36	5.63	0
161	27.57	6.74	0
162	24.69	5.54	0
163	16.56	0.14	0
164	17.52	3.88	0
165	22.52	2.28	0
166	27.62	3.73	0
167	26.66	3.31	0.02
168	24.03	5.63	0.33
169	19.73	2.98	0.72
170	18.88	4.51	0.25
171	23.02	4.7	0.22
172	22.47	5.06	0.25
173	16.91	4.72	0.41
174	18.87	0.93	0
175	23.55	3.28	0
176	25.13	3.33	0
177	23.82	6.62	0
178	22.93	4.91	0.02
179	22.91	5.63	0.09
180	24.58	4.4	0.02
181	20.89	5.62	0.05
182	16.25	7.61	0.05
183	23.38	6.05	0.04
184	27.19	4.13	0
185	25.92	4.3	0
186	24.08	3.73	0.06
187	23.75	5.06	0.11
188	24.74	3.09	0
189	27.02	3.86	0
190	28.72	7.21	0
191	29.78	7.5	0
192	28.54	12.52	0
193	28.9	8.87	0
194	30.89	7.59	0
195	31.83	9.78	0.06
196	31.09	10.8	0.03
197	29.98	12.79	0.28
198	28.49	12.2	1.15
199	25.26	8.37	0.19
200	27.37	11.13	0.26
201	27.56	10.62	0
202	27.73	11	0
203	27.45	8.06	0
204	27.26	7.5	0.04
205	24.42	7.2	0.14
206	23.5	3.65	0.01
207	25.47	4.07	0.06
208	26.05	5.43	0.01
209	24.16	5.75	0.04
210	25.34	4.98	0
211	26.01	6.38	0.02
212	26.18	6.55	0.17
213	28.43	6.33	0.01
214	29.55	7.54	0.04
215	28.22	7.67	0.03
216	26.65	8.29	0
217	27.9	6.48	0
218	27.29	9.69	0.16
219	24.69	7.92	0.02
220	26.97	8.56	0
221	26.99	3.22	0
222	26.67	3.57	0
223	27.67	3.47	0
224	26.86	4.41	0
225	26.33	4.2	0
226	26.28	3.85	0
227	27.81	4.31	0
228	28.17	6.92	0.03
229	28.26	7.89	0.02
230	28.02	8.74	0.33
231	20.94	9.41	0.64
232	16.27	8.22	0.38
233	20.61	7.09	0.29
234	21.71	6.62	0.02
235	22.12	6.95	0.22
236	22.48	8.17	0
237	20.47	4.55	0.01
238	22.77	4.52	0.11
239	21.83	5.72	0.22
240	18.68	2.98	0.57
241	16.55	0.33	0
242	22.74	0.66	0.15
243	24.9	1.49	0.04
244	26.58	3.59	0
245	27.42	4.19	0
246	27.74	6.19	0.08
247	26.05	8.91	0.73
248	21.98	6.41	1.68
249	15.81	1.87	1.42
250	18.72	1.61	0
251	22.04	2.04	0
252	24.97	4.51	0
253	25.44	4.87	0.02
254	24.37	7.32	0.26
255	24.84	3.83	0.01
256	25.64	5.19	0.08
257	24.14	8.04	0.05
258	19.23	3.96	0.2
259	18.98	-3.4	0.02
260	20.67	-0.8	0
261	24.77	1.69	0
262	24.82	2.61	0.72
263	19.05	6.57	0.99
264	13.76	4.72	1.22
265	7.84	-0.41	1.38
266	7.53	-0.4	0.16
267	10.67	0.14	0.1
268	15.98	1.01	0.05
269	19.15	-0.65	0.03
270	19.71	-0.01	0
271	20.94	1.13	0
272	20.37	2.17	0
273	16.72	1.93	0.29
274	12.42	4.05	0.6
275	12.29	3.78	0.58
276	14.07	1	0.02
277	15.72	0.02	0.05
278	17.13	-1.07	0
279	16.71	-1	0.02
280	16.74	-1.42	0.04
281	17.31	-1.54	0
282	18.61	-1.51	0
283	20.31	-0.92	0
284	20.01	-1.12	0
285	19.98	-1.85	0.02
286	16.93	-3.54	0.05
287	12.96	-0.85	0.3
288	13.09	-3.17	0
289	15.08	-2.9	0
290	17.73	-1.24	0
291	16.95	1.57	0.13
292	9.9	-2	0.3
293	7.4	-1.53	0.1
294	11.95	2.39	0.04
295	12.52	3.42	0.07
296	8.33	-1.88	0.77
297	8.76	-2.8	0.08
298	5.76	0.06	0.62
299	7.81	-1.14	0.04
300	10.67	-1.14	0.04
301	12.09	0.69	0.04
302	11.99	0.27	0.42
303	4.82	-3.28	0.39
304	3.12	-3.01	0.18
305	1.55	-5.22	0.65
306	-0.71	-9.53	0
307	2.23	-14.16	0
308	7.27	-11.2	0
309	10.4	-8.79	0
310	12.32	-7.6	0
311	14.36	-6.87	0
312	15.47	-6.2	0.08
313	17.3	-2.83	0.04
314	9.6	-1.5	0.45
315	7.68	-1.03	0.03
316	7.01	-0.99	0.06
317	9.79	-2.34	0
318	8.03	-4.66	0
319	7.29	-3.77	0
320	9.37	-8.43	0
321	10.48	-7.07	0
322	9.23	-4.79	0
323	3.99	-8.7	0
324	0.75	-6.84	0.14
325	-1.68	-7.2	0.75
326	-2.29	-6.55	0.48
327	2.03	-5.6	0
328	2.49	-7.63	0
329	0.43	-8.26	0.08
330	2.32	-5.13	0.29
331	1.97	-4.66	0.78
332	-2.97	-13.39	1.4
333	-5.59	-10.64	2.16
334	-9.16	-23.7	0
335	-9.9	-25.56	0
336	-9.67	-23.93	0
337	-8.82	-22.8	0
338	-7.23	-23.05	0
339	-4.76	-20.55	0
340	-1.55	-16.26	0.01
341	-2.45	-13.06	0.02
342	-2.85	-15.62	0.04
343	-1.8	-10.66	0.8
344	1.28	-4.43	0.01
345	3.56	-4.01	0
346	3.05	-9.87	0
347	3.34	-10.5	0
348	1.91	-8.09	0
349	3.8	-9.46	0
350	0.67	-9.13	0.11
351	-1.51	-10.53	0
352	-2.89	-15.86	0
353	-2.51	-15.92	0
354	-0.5	-15.25	0
355	2.81	-14.57	0
356	-1.21	-15.48	0
357	-5.6	-17.74	0.06
358	-10.08	-20.01	0.17
359	-9.22	-24.04	0
360	-4.71	-18.66	0
361	-0.34	-15.9	0
362	0.63	-11.46	0
363	2.67	-7.42	0.03
364	2.79	-5.38	0.65
365	2.11	-4.07	0.17
366	3.72	-6.46	0
