#DOY	Tmax_C	Tmin_C	PPT_cm
1	-0.81	-16.33	0.02
2	-4.01	-12.36	0.54
3	-5.21	-20.65	0.02
4	-6.51	-23.44	0.19
5	-4.83	-12.66	0.33
6	-6.04	-19.78	0
7	-6.4	-21.75	0
8	-2.88	-15.42	0.23
9	-4.36	-10.84	0.26
10	-2.54	-9.43	0.42
11	4.12	-6.94	0
12	4.53	-3.82	0.02
13	3.61	-13.85	0
14	3.18	-12.29	0
15	5.18	-7.87	0
16	5.32	-3.6	0.08
17	5.88	-3.9	0.21
18	4.08	-1.9	1.43
19	4.91	-1.32	0.86
20	4.79	-6.43	0.04
21	4.04	-4.14	0.99
22	-0.04	-6.59	0.23
23	-0.28	-11.23	0.22
24	-0.51	-10.01	0.05
25	-0.31	-5.43	0.98
26	2.01	-3.55	0.55
27	-0.8	-8.42	0.04
28	-3.24	-16.85	0
29	-4.83	-15.19	0.22
30	-3.17	-19.49	0
31	-1.56	-17.4	0
32	-0.44	-14.77	0
33	1	-11	0
34	6.55	-12.25	0
35	2.43	-14.19	0
36	2.79	-12.97	0
37	5.67	-12.64	0
38	6.37	-12.3	0
39	4.31	-11.84	0
40	3.86	-9.32	0.06
41	3.28	-4.02	1.27
42	3.66	-3.18	1.83
43	1.25	-3.25	0.99
44	0.6	-5.93	1.39
45	1.91	-4.91	0.92
46	3.2	-5.66	0.81
47	1.99	-12.77	0.03
48	1.25	-6.59	0.61
49	1.16	-7.6	0.14
50	1.14	-10.61	0
51	1.78	-14.49	0.02
52	5.36	-6.93	0.05
53	4.65	-6.76	0.07
54	4.13	-7.51	0
55	6.44	-6.01	0.02
56	0.98	-8.2	0.1
57	-1.42	-13.84	0
58	6.35	-8.35	0
59	8.45	-6.21	0.01
60	6.21	-5.53	0
61	6.38	-8.14	0
62	6.71	-6.05	0
63	7.81	-6.65	0
64	9.77	-8.11	0
65	11.75	-5.9	0.04
66	10.58	-5.67	0
67	7.82	-3.45	0.44
68	5.31	-8.35	0.02
69	3.23	-4.63	0.78
70	1.96	-8.56	0.45
71	2.13	-12.48	0.26
72	4.46	-5.89	0.59
73	6.25	-8.95	0
74	7.01	-8.9	0.03
75	5.24	-5.68	1.17
76	2.51	-10.02	0.03
77	3.01	-8.46	0.08
78	3.34	-7.3	0.1
79	5.49	-10.41	0.22
80	4.36	-7.62	0.18
81	3.66	-8.23	0
82	6.73	-10.39	0.05
83	9.12	-4.92	0.08
84	9.62	-2.24	0.1
85	11.32	-6.32	0
86	12.48	-2.78	0
87	14.36	-5.88	0.14
88	11.45	-1.78	0.4
89	8.99	-6.36	0.11
90	6.81	-5.64	0.77
91	4.93	-5.05	0
92	6.59	-9.37	0.11
93	4.72	-3.91	0.51
94	7.67	-7.38	0
95	14.32	-4.96	0
96	18.04	-0.87	0
97	16.6	-3.21	0
98	13.3	-1.48	0
99	15.31	-7.4	0
100	18.19	-2.57	0
101	16.77	-5.16	0
102	16.11	-3.08	0
103	17.39	-4.53	0
104	18.78	-2.94	0
105	18.57	-1.69	0.59
106	12.9	-2.11	0.14
107	13.17	-1.58	0.1
108	18.01	-1.05	0
109	18.54	-1.13	0
110	10.9	-5.65	0.78
111	12.81	-2.37	0
112	17.81	-4.15	0.16
113	15.1	0.92	1.53
114	13.8	1.51	1.03
115	12.01	-1.6	0.5
116	14.16	-4.93	0
117	17.96	-1.12	0
118	20.88	-0.07	0
119	23.25	2.38	0
120	20.75	2.44	0.11
121	16.04	0.71	0.06
122	19.12	-4.96	0
123	22.83	-1.38	0
124	24.85	-0.28	0
125	25.28	2.03	0
126	26	2.34	0
127	24.04	0.5	0
128	20.6	4.63	0.56
129	14.42	-0.54	0.66
130	12.51	-1.97	0.16
131	19.04	3	0.48
132	19.67	-3.43	0.39
133	4.74	-5.8	0.13
134	12.28	-7.59	0
135	18.48	-1.33	0
136	20.27	4.24	0
137	22.6	2.18	0
138	21.41	0.92	0.78
139	9.86	-0.69	0.04
140	15.73	-2.42	0.02
141	19.68	1.84	0
142	21.27	-0.51	0
143	22.77	1.05	0
144	25.51	3.72	0
145	23.63	4.19	0.1
146	20.26	3.66	0.33
147	16.36	3.64	0.88
148	19.79	0	0.03
149	25.84	3.05	0.04
150	28.36	6.88	0.16
151	28.55	2.87	0
152	27.92	5.02	0
153	25.26	-0.46	0
154	26.09	0.84	0
155	27.55	3.46	0
156	26.61	1.92	0
157	28.11	4.64	0
158	29.04	6.29	0
159	29.67	3.85	0
160	29.31	7.8	0
161	25.92	10.54	0.01
162	24	-0.72	0
163	25.19	2.4	0
164	25.77	2.42	0.06
165	23.99	5.56	0.02
166	22.88	-0.15	0
167	25.59	3.47	0
168	19.57	1.31	0
169	19.02	1.02	0
170	23.52	0.03	0.02
171	21.25	5.05	0.76
172	18.84	3.72	0.13
173	22.93	0.34	0
174	26.48	3.7	0
175	27.62	4.49	0.02
176	26.68	5.2	0
177	24.66	7.22	0.04
178	22.13	4.92	0
179	21.36	5.31	0
180	24.98	2.65	0
181	27.04	4.59	0
182	28.25	3.99	0
183	27.87	6.43	0
184	27.25	6.63	0.06
185	27.75	9.45	0
186	27.23	5.83	0
187	28.48	4.31	0
188	29.26	3.88	0
189	30.28	5.75	0
190	28	10.33	0.34
191	24.64	10.82	0.4
192	26.88	6.97	0
193	27.22	7.17	0
194	28.77	7.83	0
195	29.48	9.96	0
196	31.06	8.92	0
197	29.74	12.29	0
198	30.3	11.98	0.1
199	26.78	11.25	0.35
200	26.43	8.61	0.12
201	28.56	5.48	0
202	28.77	5.99	0
203	28.55	5.42	0
204	29.14	4.74	0
205	31.83	6.93	0
206	30.72	6.12	0
207	30.26	5.99	0
208	30.71	7.49	0
209	30.53	9.43	0
210	30.71	8.96	0
211	30.19	6.64	0
212	30.19	9.46	0
213	29.64	7.91	0
214	32	10.27	0
215	32.49	10.5	0
216	31.41	11.59	0
217	29.95	12.12	0
218	28.21	9.36	0.02
219	29.3	6.98	0
220	29.09	5.86	0
221	30.81	6.63	0
222	32.13	6.25	0
223	30.85	8.52	0
224	30.92	11.1	0
225	30.29	8.34	0
226	30.68	7.92	0
227	29.9	8.38	0.06
228	29.64	9.53	0.02
229	27.35	10.39	0.66
230	25.39	7.74	0.21
231	23.56	8.55	0.24
232	24.93	8.45	0.38
233	25.87	9.72	0.06
234	26.92	6.55	0
235	24.96	7.94	0.58
236	24.63	5.16	0
237	26.39	6.75	0.32
238	27.12	8.45	0.12
239	25.06	8.19	0.32
240	24.95	9.48	0.28
241	24.89	10.13	0.37
242	23.58	7.92	0.38
243	23.26	8.96	0.55
244	21.18	7.74	0.15
245	21.81	5.7	0.1
246	23.2	3.86	0.03
247	24.44	2.61	0
248	27.33	4.26	0
249	26.66	6.26	0
250	24.28	7.92	0
251	24.1	-0.19	0.01
252	23.27	6.78	0.11
253	21.7	2.09	0.03
254	24.16	0.72	0.04
255	23.72	1.29	0
256	24.34	1.49	0
257	25.15	2.35	0
258	27.07	2.9	0
259	28.53	3.94	0
260	29.15	4.43	0
261	27.64	4.28	0.15
262	24.19	4.78	0.38
263	21.54	4.31	0.02
264	19.5	0	0.07
265	14.95	0.08	2.1
266	11.3	2.29	2.71
267	9.52	-3.33	0.86
268	5.58	-4.98	0
269	11.63	-5.99	0
270	17.46	-3.75	0
271	20.19	-2.13	0
272	21.57	-0.94	0
273	20.55	1.35	0.1
274	20.83	1.43	0
275	21.98	0.14	0
276	22.39	0.25	0
277	20.07	1.67	0
278	18.96	-1.02	0
279	16.23	-4.38	0
280	15.03	-7.62	0
281	14.75	-8.56	0
282	15.98	-10.23	0
283	17.74	-6.72	0
284	18.98	-2.99	0
285	17.92	-2.01	0.43
286	13.77	-2.57	0.03
287	10.38	-3.91	0.04
288	8.72	-2.39	0
289	12.01	-6.23	0
290	13.57	-6.47	0
291	15.86	-5.69	0
292	17.97	-4.31	0
293	18.79	-4.86	0
294	17.99	-5.56	0
295	18.13	-4.97	0
296	14.08	-6.47	0
297	13.73	-5.81	0.04
298	11.9	-1	0.34
299	7.33	0.24	0.05
300	9.6	-4.08	0.02
301	12.89	-2.99	0
302	12.38	-0.38	0.02
303	11.69	1.72	0.2
304	11.28	-4.59	0
305	5.99	-4.49	0.52
306	2.94	-3.68	0.71
307	1.86	-6.6	0.13
308	1.67	-13.79	0
309	3.88	-11.96	0.24
310	6.89	-6.46	0.73
311	-0.39	-13.25	0.05
312	-3.73	-19.81	0.14
313	-4.92	-17.71	0.09
314	0.1	-11.19	0.68
315	-1.22	-13.74	0.71
316	0.59	-17.55	0.21
317	-8.59	-23.73	0.01
318	-8.02	-21.97	0
319	-5.71	-20.25	0.55
320	-3.15	-15.79	0.76
321	-4.9	-19.21	0.09
322	-7.18	-23.86	0.05
323	-8.82	-23.52	0
324	-6.6	-21.11	0
325	-2.17	-21.14	0
326	-1.5	-18.3	0
327	-0.99	-14.71	0
328	2.74	-17.82	0
329	-1.11	-19.06	0.16
330	-0.77	-11.93	0
331	-1.43	-13.47	0.1
332	-3.04	-9.52	0.22
333	-0.38	-8.55	0.02
334	0.52	-14.8	0.13
335	-0.44	-12.78	0.24
336	-1.69	-20.11	0
337	-1.92	-18.61	0
338	-1.28	-16.3	0
339	-0.45	-17.64	0
340	-1.98	-15.66	0
341	-0.48	-13.64	0
342	0.28	-15.37	0
343	-2	-15.56	0.36
344	1.91	-9.97	0.36
345	1.37	-5.37	1.34
346	-1.94	-15.05	0.31
347	-5.93	-16.08	0.7
348	-4.99	-12.94	0.41
349	-4.76	-12.75	0.26
350	-2.09	-7.21	0.46
351	-5.26	-17.44	0
352	-4.32	-15.9	0.08
353	-2.07	-16.58	0
354	-6.15	-21.84	0.06
355	-4.01	-15.31	0
356	-7.58	-22.7	0
357	-6.37	-16.62	0.03
358	-2.31	-12.45	0.06
359	-3.07	-15.76	0.22
360	-2.69	-12.59	0.08
361	-7.45	-17.66	0
362	-7.51	-21.36	0
363	-5.43	-19.39	0
364	-6.2	-21.49	0
365	-5.59	-19.75	0.13
366	-1.7	-12.13	0.13
