# weather for site 002_-119.415_39.046 year =  1978
# DOY Tmax(C) Tmin(C) PPT(cm)
1	-0.41	-10.13	0.00
2	-0.64	-8.19	0.00
3	0.40	-9.94	0.05
4	2.01	-9.98	0.11
5	4.71	-2.96	1.33
6	6.57	-5.29	0.14
7	6.30	-10.91	0.00
8	6.36	-7.03	0.00
9	2.71	-5.46	0.35
10	4.20	-9.43	0.00
11	6.70	-8.74	0.00
12	3.66	-9.18	0.00
13	7.17	-4.38	0.00
14	6.15	-5.13	0.04
15	6.22	-4.12	0.74
16	6.41	-1.99	2.11
17	6.42	-3.76	0.23
18	3.02	-5.87	0.00
19	7.42	-4.72	0.01
20	5.32	-4.52	0.08
21	7.11	-8.53	0.00
22	3.85	-7.80	0.00
23	-0.44	-12.73	0.00
24	2.78	-15.19	0.00
25	3.60	-13.71	0.00
26	7.65	-10.79	0.00
27	5.69	-12.09	0.00
28	7.29	-9.05	0.00
29	10.01	-11.35	0.00
30	9.21	-10.89	0.00
31	10.65	-10.82	0.00
32	10.67	-11.60	0.00
33	7.91	-7.32	0.00
34	11.93	-5.37	0.00
35	11.04	-5.32	0.26
36	9.10	-3.58	0.86
37	6.55	-4.04	0.23
38	4.63	-2.63	1.20
39	5.13	-8.90	0.25
40	3.00	-3.16	2.10
41	1.43	-5.16	2.48
42	-0.18	-9.54	0.00
43	-0.90	-13.11	0.00
44	1.30	-8.43	0.29
45	2.84	-12.01	0.00
46	2.99	-11.19	0.00
47	1.41	-12.08	0.00
48	2.81	-11.86	0.01
49	5.45	-9.26	0.00
50	7.80	-8.39	0.00
51	9.48	-7.13	0.00
52	11.05	-8.61	0.00
53	11.21	-7.33	0.00
54	13.76	-8.19	0.00
55	12.75	-7.02	0.00
56	13.26	-4.49	0.00
57	11.81	-3.65	0.00
58	9.80	-6.70	0.00
59	7.76	-8.89	0.13
60	8.37	-2.39	0.68
61	9.40	-2.09	0.00
62	10.99	-3.35	0.45
63	10.43	-1.59	1.48
64	8.96	-3.64	0.00
65	10.68	-6.35	0.00
66	14.85	-5.87	0.00
67	12.34	-0.08	0.00
68	7.13	-0.67	0.35
69	8.91	0.63	0.42
70	7.82	-1.89	0.18
71	3.20	-3.90	0.34
72	9.06	-8.84	0.00
73	10.95	-8.29	0.00
74	13.42	-9.24	0.00
75	16.66	-7.96	0.00
76	17.97	-6.22	0.00
77	17.02	-3.33	0.00
78	17.20	-1.72	0.00
79	17.62	-3.57	0.07
80	12.93	1.77	1.42
81	12.75	-0.62	0.04
82	12.37	-2.84	0.00
83	12.78	-7.24	0.00
84	16.83	-6.14	0.00
85	18.88	-2.93	0.00
86	18.65	-2.43	0.00
87	20.00	-3.88	0.00
88	20.35	-0.38	0.00
89	16.21	4.02	0.42
90	11.98	2.46	1.22
91	9.98	-0.32	0.02
92	9.09	-0.97	0.00
93	10.66	-5.26	0.00
94	8.10	-2.47	0.00
95	11.40	-10.07	0.00
96	9.67	-0.57	0.00
97	3.83	-4.14	0.26
98	8.47	-3.93	0.17
99	15.28	-5.55	0.00
100	19.81	-4.50	0.00
101	19.27	-2.71	0.00
102	18.56	-3.47	0.00
103	16.02	3.47	0.00
104	14.54	-2.40	0.00
105	12.07	-2.45	0.15
106	5.90	-5.89	0.01
107	12.24	-9.59	0.00
108	16.98	-10.16	0.00
109	16.10	-0.67	0.00
110	10.96	2.03	0.14
111	9.60	-9.12	0.00
112	14.12	-9.94	0.00
113	16.20	-4.67	0.00
114	15.61	1.11	0.24
115	11.59	3.02	0.86
116	12.40	-2.40	0.18
117	15.11	0.91	0.00
118	14.99	-3.60	0.00
119	14.93	-0.19	0.00
120	11.02	-0.24	0.17
121	13.51	0.94	0.03
122	17.86	-3.23	0.00
123	20.90	-0.80	0.00
124	18.69	-0.90	0.00
125	10.88	-3.09	0.00
126	11.59	-5.42	0.00
127	15.60	-4.90	0.00
128	19.84	-4.11	0.00
129	20.76	-1.21	0.00
130	19.21	1.17	0.00
131	19.04	5.02	0.00
132	23.76	-3.86	0.00
133	25.67	0.11	0.00
134	22.99	2.87	0.00
135	20.95	3.02	0.00
136	11.68	-3.28	0.00
137	15.48	-5.77	0.00
138	18.40	-4.75	0.00
139	21.26	-0.43	0.00
140	24.30	-0.66	0.00
141	23.66	1.74	0.00
142	23.17	2.53	0.00
143	19.50	1.03	0.06
144	9.25	-2.99	0.00
145	12.40	-6.50	0.00
146	16.97	-3.84	0.00
147	21.35	-1.49	0.00
148	25.35	-0.14	0.00
149	26.67	3.38	0.00
150	21.01	0.09	0.00
151	19.20	-3.23	0.00
152	22.14	-1.40	0.00
153	22.49	-0.17	0.00
154	22.54	1.48	0.00
155	23.25	2.86	0.00
156	25.08	3.37	0.00
157	28.50	3.28	0.00
158	29.20	6.71	0.00
159	31.55	3.23	0.00
160	28.33	11.61	0.00
161	23.65	8.79	0.00
162	23.38	0.23	0.00
163	24.83	7.54	0.00
164	24.59	4.44	0.00
165	23.49	2.90	0.00
166	21.58	0.89	0.00
167	22.45	-0.54	0.00
168	26.06	0.07	0.00
169	25.11	6.60	0.00
170	25.18	-0.83	0.00
171	27.75	3.05	0.00
172	27.22	3.67	0.00
173	26.73	3.28	0.00
174	25.65	3.21	0.00
175	23.28	5.67	0.00
176	21.63	0.05	0.00
177	20.94	4.47	0.00
178	21.05	5.11	0.08
179	21.84	4.53	0.00
180	25.21	3.13	0.00
181	25.39	4.13	0.00
182	25.47	4.93	0.00
183	23.21	1.79	0.00
184	20.82	-0.03	0.00
185	23.03	2.21	0.00
186	25.75	6.26	0.00
187	28.27	5.04	0.15
188	27.27	8.18	0.00
189	27.59	5.02	0.00
190	30.59	5.69	0.00
191	29.48	5.50	0.00
192	28.03	4.83	0.00
193	28.53	2.18	0.00
194	30.97	5.88	0.00
195	31.76	8.49	0.00
196	31.35	9.96	0.00
197	27.49	3.75	0.00
198	29.34	4.98	0.00
199	31.23	7.54	0.00
200	31.39	3.87	0.00
201	30.56	2.82	0.00
202	30.36	6.13	0.00
203	33.29	4.81	0.00
204	34.46	6.29	0.00
205	34.07	6.87	0.00
206	34.23	9.57	0.00
207	31.64	15.84	0.00
208	31.00	11.16	0.00
209	31.49	8.87	0.00
210	32.42	6.74	0.00
211	33.75	7.46	0.00
212	35.10	9.34	0.00
213	34.04	7.71	0.00
214	33.73	8.61	0.00
215	34.36	8.71	0.00
216	33.83	14.64	0.04
217	33.91	8.28	0.15
218	33.27	9.07	0.00
219	33.32	9.18	0.01
220	34.45	9.03	0.00
221	33.93	10.76	0.00
222	32.40	10.62	0.00
223	30.59	8.70	0.00
224	29.32	6.43	0.00
225	26.00	9.80	0.00
226	23.52	1.60	0.00
227	26.59	1.42	0.00
228	27.06	7.07	0.00
229	22.30	5.22	0.00
230	21.58	-2.21	0.00
231	26.54	0.93	0.00
232	27.15	4.98	0.00
233	25.71	4.00	0.00
234	24.78	4.95	0.00
235	24.55	1.61	0.00
236	25.15	-1.42	0.00
237	24.95	1.95	0.00
238	25.83	2.05	0.00
239	25.08	1.42	0.00
240	27.00	2.85	0.00
241	30.67	6.05	0.00
242	30.62	4.30	0.00
243	25.91	1.36	0.00
244	28.75	4.47	0.00
245	28.53	5.55	0.00
246	28.49	5.31	0.00
247	26.79	8.11	0.01
248	21.16	9.28	0.09
249	17.99	8.00	0.81
250	16.17	1.95	0.65
251	18.12	-3.86	0.00
252	19.46	-0.59	0.00
253	17.90	7.34	0.00
254	17.37	-2.67	0.00
255	16.22	-2.94	0.00
256	18.61	-5.02	0.14
257	16.85	2.24	0.55
258	20.00	-1.19	0.06
259	23.13	-0.38	0.00
260	19.31	3.20	0.00
261	9.28	-7.16	0.00
262	10.59	-9.37	0.00
263	15.27	-8.87	0.00
264	21.34	-6.66	0.00
265	25.29	-3.26	0.00
266	26.22	-1.27	0.00
267	27.53	-1.02	0.00
268	29.50	-0.14	0.00
269	27.95	3.95	0.00
270	27.80	3.18	0.00
271	27.23	1.03	0.00
272	25.14	0.12	0.00
273	26.94	1.16	0.00
274	26.81	1.39	0.00
275	22.90	-1.06	0.00
276	23.11	-1.86	0.00
277	24.64	-2.47	0.00
278	25.44	-1.62	0.00
279	25.68	-0.88	0.00
280	24.93	-2.81	0.00
281	24.47	-2.61	0.00
282	23.99	0.54	0.00
283	22.71	0.69	0.00
284	22.95	-1.00	0.00
285	22.45	-2.02	0.00
286	21.69	-3.77	0.00
287	23.41	-3.80	0.00
288	24.08	0.41	0.00
289	22.41	-1.69	0.00
290	19.35	-1.37	0.00
291	18.88	-3.46	0.00
292	20.04	-4.60	0.00
293	19.13	-5.22	0.00
294	17.35	-3.87	0.00
295	15.30	-6.46	0.00
296	16.74	-9.84	0.00
297	18.38	-9.54	0.00
298	17.96	-7.19	0.00
299	18.89	-8.76	0.00
300	21.71	-8.31	0.00
301	22.69	-5.91	0.00
302	16.83	-0.11	0.00
303	8.98	-4.83	0.50
304	0.52	-5.82	0.95
305	0.74	-4.63	1.12
306	7.81	-2.63	0.10
307	12.36	-7.00	0.00
308	16.57	-6.61	0.00
309	14.20	-5.67	0.00
310	13.70	-6.92	0.00
311	14.31	-7.76	0.00
312	17.14	-9.39	0.00
313	16.23	-6.61	0.00
314	-0.84	-8.74	0.09
315	-6.54	-11.27	0.15
316	2.74	-17.55	0.32
317	-0.07	-7.95	0.13
318	-0.42	-12.49	0.00
319	2.46	-17.50	0.00
320	5.07	-8.59	0.00
321	9.11	-7.86	0.00
322	9.98	-13.68	0.00
323	12.99	-6.30	0.00
324	11.18	-1.34	0.12
325	7.80	-2.25	0.10
326	3.34	-9.45	0.13
327	4.36	-10.95	0.00
328	4.44	-11.97	0.00
329	3.53	-14.08	0.00
330	1.49	-8.30	0.00
331	1.97	-16.42	0.00
332	7.57	-13.83	0.00
333	13.30	-4.09	0.00
334	11.35	-2.67	0.00
335	8.96	-1.60	0.82
336	3.05	-9.01	0.00
337	2.72	-11.88	0.00
338	9.72	-11.44	0.00
339	7.88	-10.22	0.00
340	-5.81	-15.35	0.00
341	-7.88	-17.89	0.00
342	-5.34	-20.70	0.00
343	1.27	-15.74	0.00
344	4.29	-8.19	0.00
345	5.88	-11.10	0.00
346	4.92	-7.50	0.00
347	2.47	-10.26	0.00
348	4.72	-10.98	0.00
349	6.31	-13.97	0.00
350	2.92	-17.01	0.00
351	5.52	-13.16	1.31
352	3.29	-8.79	0.82
353	-1.62	-12.27	0.80
354	-3.79	-25.82	0.00
355	-4.16	-21.63	0.00
356	-2.42	-21.48	0.00
357	-1.96	-20.71	0.00
358	0.46	-19.09	0.00
359	3.23	-14.21	0.00
360	-1.22	-18.19	0.00
361	-1.10	-15.62	0.00
362	2.82	-14.72	0.00
363	0.96	-18.62	0.00
364	-2.34	-20.61	0.00
365	-4.37	-22.23	0.00
