# This file holds atmospheric CO2 concentrations in PPM per scenario.
# The data is organized by year, with each year having a concentration value.

# The number of years depends on what data is available. Only a reasonable
# range of years is needed (e.g. 1900-2150), though adding a few hundred in either
# direction will not noticeably hurt performance.

# New scenarios are appended to this file. To do so, follow the existing pattern
#    e.g. Scenario starts at year 0, then year/PPM combination begins after that

# Note: If a SOILWAT2 run cannot find a requested year here, the program will exit


# Placeholder Scenario
0             Default
# Year  PPM
1700	360.0
1701	360.0
1702	360.0
1703	360.0
1704	360.0
1705	360.0
1706	360.0
1707	360.0
1708	360.0
1709	360.0
1710	360.0
1711	360.0
1712	360.0
1713	360.0
1714	360.0
1715	360.0
1716	360.0
1717	360.0
1718	360.0
1719	360.0
1720	360.0
1721	360.0
1722	360.0
1723	360.0
1724	360.0
1725	360.0
1726	360.0
1727	360.0
1728	360.0
1729	360.0
1730	360.0
1731	360.0
1732	360.0
1733	360.0
1734	360.0
1735	360.0
1736	360.0
1737	360.0
1738	360.0
1739	360.0
1740	360.0
1741	360.0
1742	360.0
1743	360.0
1744	360.0
1745	360.0
1746	360.0
1747	360.0
1748	360.0
1749	360.0
1750	360.0
1751	360.0
1752	360.0
1753	360.0
1754	360.0
1755	360.0
1756	360.0
1757	360.0
1758	360.0
1759	360.0
1760	360.0
1761	360.0
1762	360.0
1763	360.0
1764	360.0
1765	360.0
1766	360.0
1767	360.0
1768	360.0
1769	360.0
1770	360.0
1771	360.0
1772	360.0
1773	360.0
1774	360.0
1775	360.0
1776	360.0
1777	360.0
1778	360.0
1779	360.0
1780	360.0
1781	360.0
1782	360.0
1783	360.0
1784	360.0
1785	360.0
1786	360.0
1787	360.0
1788	360.0
1789	360.0
1790	360.0
1791	360.0
1792	360.0
1793	360.0
1794	360.0
1795	360.0
1796	360.0
1797	360.0
1798	360.0
1799	360.0
1800	360.0
1801	360.0
1802	360.0
1803	360.0
1804	360.0
1805	360.0
1806	360.0
1807	360.0
1808	360.0
1809	360.0
1810	360.0
1811	360.0
1812	360.0
1813	360.0
1814	360.0
1815	360.0
1816	360.0
1817	360.0
1818	360.0
1819	360.0
1820	360.0
1821	360.0
1822	360.0
1823	360.0
1824	360.0
1825	360.0
1826	360.0
1827	360.0
1828	360.0
1829	360.0
1830	360.0
1831	360.0
1832	360.0
1833	360.0
1834	360.0
1835	360.0
1836	360.0
1837	360.0
1838	360.0
1839	360.0
1840	360.0
1841	360.0
1842	360.0
1843	360.0
1844	360.0
1845	360.0
1846	360.0
1847	360.0
1848	360.0
1849	360.0
1850	360.0
1851	360.0
1852	360.0
1853	360.0
1854	360.0
1855	360.0
1856	360.0
1857	360.0
1858	360.0
1859	360.0
1860	360.0
1861	360.0
1862	360.0
1863	360.0
1864	360.0
1865	360.0
1866	360.0
1867	360.0
1868	360.0
1869	360.0
1870	360.0
1871	360.0
1872	360.0
1873	360.0
1874	360.0
1875	360.0
1876	360.0
1877	360.0
1878	360.0
1879	360.0
1880	360.0
1881	360.0
1882	360.0
1883	360.0
1884	360.0
1885	360.0
1886	360.0
1887	360.0
1888	360.0
1889	360.0
1890	360.0
1891	360.0
1892	360.0
1893	360.0
1894	360.0
1895	360.0
1896	360.0
1897	360.0
1898	360.0
1899	360.0
1900	360.0
1901	360.0
1902	360.0
1903	360.0
1904	360.0
1905	360.0
1906	360.0
1907	360.0
1908	360.0
1909	360.0
1910	360.0
1911	360.0
1912	360.0
1913	360.0
1914	360.0
1915	360.0
1916	360.0
1917	360.0
1918	360.0
1919	360.0
1920	360.0
1921	360.0
1922	360.0
1923	360.0
1924	360.0
1925	360.0
1926	360.0
1927	360.0
1928	360.0
1929	360.0
1930	360.0
1931	360.0
1932	360.0
1933	360.0
1934	360.0
1935	360.0
1936	360.0
1937	360.0
1938	360.0
1939	360.0
1940	360.0
1941	360.0
1942	360.0
1943	360.0
1944	360.0
1945	360.0
1946	360.0
1947	360.0
1948	360.0
1949	360.0
1950	360.0
1951	360.0
1952	360.0
1953	360.0
1954	360.0
1955	360.0
1956	360.0
1957	360.0
1958	360.0
1959	360.0
1960	360.0
1961	360.0
1962	360.0
1963	360.0
1964	360.0
1965	360.0
1966	360.0
1967	360.0
1968	360.0
1969	360.0
1970	360.0
1971	360.0
1972	360.0
1973	360.0
1974	360.0
1975	360.0
1976	360.0
1977	360.0
1978	360.0
1979	360.0
1980	360.0
1981	360.0
1982	360.0
1983	360.0
1984	360.0
1985	360.0
1986	360.0
1987	360.0
1988	360.0
1989	360.0
1990	360.0
1991	360.0
1992	360.0
1993	360.0
1994	360.0
1995	360.0
1996	360.0
1997	360.0
1998	360.0
1999	360.0
2000	360.0
2001	360.0
2002	360.0
2003	360.0
2004	360.0
2005	360.0
2006	360.0
2007	360.0
2008	360.0
2009	360.0
2010	360.0
2011	360.0
2012	360.0
2013	360.0
2014	360.0
2015	360.0
2016	360.0
2017	360.0
2018	360.0
2019	360.0
2020	360.0
2021	360.0
2022	360.0
2023	360.0
2024	360.0
2025	360.0
2026	360.0
2027	360.0
2028	360.0
2029	360.0
2030	360.0
2031	360.0
2032	360.0
2033	360.0
2034	360.0
2035	360.0
2036	360.0
2037	360.0
2038	360.0
2039	360.0
2040	360.0
2041	360.0
2042	360.0
2043	360.0
2044	360.0
2045	360.0
2046	360.0
2047	360.0
2048	360.0
2049	360.0
2050	360.0
2051	360.0
2052	360.0
2053	360.0
2054	360.0
2055	360.0
2056	360.0
2057	360.0
2058	360.0
2059	360.0
2060	360.0
2061	360.0
2062	360.0
2063	360.0
2064	360.0
2065	360.0
2066	360.0
2067	360.0
2068	360.0
2069	360.0
2070	360.0
2071	360.0
2072	360.0
2073	360.0
2074	360.0
2075	360.0
2076	360.0
2077	360.0
2078	360.0
2079	360.0
2080	360.0
2081	360.0
2082	360.0
2083	360.0
2084	360.0
2085	360.0
2086	360.0
2087	360.0
2088	360.0
2089	360.0
2090	360.0
2091	360.0
2092	360.0
2093	360.0
2094	360.0
2095	360.0
2096	360.0
2097	360.0
2098	360.0
2099	360.0
2100	360.0
2101	360.0
2102	360.0
2103	360.0
2104	360.0
2105	360.0
2106	360.0
2107	360.0
2108	360.0
2109	360.0
2110	360.0
2111	360.0
2112	360.0
2113	360.0
2114	360.0
2115	360.0
2116	360.0
2117	360.0
2118	360.0
2119	360.0
2120	360.0
2121	360.0
2122	360.0
2123	360.0
2124	360.0
2125	360.0
2126	360.0
2127	360.0
2128	360.0
2129	360.0
2130	360.0
2131	360.0
2132	360.0
2133	360.0
2134	360.0
2135	360.0
2136	360.0
2137	360.0
2138	360.0
2139	360.0
2140	360.0
2141	360.0
2142	360.0
2143	360.0
2144	360.0
2145	360.0
2146	360.0
2147	360.0
2148	360.0
2149	360.0
2150	360.0
2151	360.0
2152	360.0
2153	360.0
2154	360.0
2155	360.0
2156	360.0
2157	360.0
2158	360.0
2159	360.0
2160	360.0
2161	360.0
2162	360.0
2163	360.0
2164	360.0
2165	360.0
2166	360.0
2167	360.0
2168	360.0
2169	360.0
2170	360.0
2171	360.0
2172	360.0
2173	360.0
2174	360.0
2175	360.0
2176	360.0
2177	360.0
2178	360.0
2179	360.0
2180	360.0
2181	360.0
2182	360.0
2183	360.0
2184	360.0
2185	360.0
2186	360.0
2187	360.0
2188	360.0
2189	360.0
2190	360.0
2191	360.0
2192	360.0
2193	360.0
2194	360.0
2195	360.0
2196	360.0
2197	360.0
2198	360.0
2199	360.0
2200	360.0
2201	360.0
2202	360.0
2203	360.0
2204	360.0
2205	360.0
2206	360.0
2207	360.0
2208	360.0
2209	360.0
2210	360.0
2211	360.0
2212	360.0
2213	360.0
2214	360.0
2215	360.0
2216	360.0
2217	360.0
2218	360.0
2219	360.0
2220	360.0
2221	360.0
2222	360.0
2223	360.0
2224	360.0
2225	360.0
2226	360.0
2227	360.0
2228	360.0
2229	360.0
2230	360.0
2231	360.0
2232	360.0
2233	360.0
2234	360.0
2235	360.0
2236	360.0
2237	360.0
2238	360.0
2239	360.0
2240	360.0
2241	360.0
2242	360.0
2243	360.0
2244	360.0
2245	360.0
2246	360.0
2247	360.0
2248	360.0
2249	360.0
2250	360.0
2251	360.0
2252	360.0
2253	360.0
2254	360.0
2255	360.0
2256	360.0
2257	360.0
2258	360.0
2259	360.0
2260	360.0
2261	360.0
2262	360.0
2263	360.0
2264	360.0
2265	360.0
2266	360.0
2267	360.0
2268	360.0
2269	360.0
2270	360.0
2271	360.0
2272	360.0
2273	360.0
2274	360.0
2275	360.0
2276	360.0
2277	360.0
2278	360.0
2279	360.0
2280	360.0
2281	360.0
2282	360.0
2283	360.0
2284	360.0
2285	360.0
2286	360.0
2287	360.0
2288	360.0
2289	360.0
2290	360.0
2291	360.0
2292	360.0
2293	360.0
2294	360.0
2295	360.0
2296	360.0
2297	360.0
2298	360.0
2299	360.0
2300	360.0
2301	360.0
2302	360.0
2303	360.0
2304	360.0
2305	360.0
2306	360.0
2307	360.0
2308	360.0
2309	360.0
2310	360.0
2311	360.0
2312	360.0
2313	360.0
2314	360.0
2315	360.0
2316	360.0
2317	360.0
2318	360.0
2319	360.0
2320	360.0
2321	360.0
2322	360.0
2323	360.0
2324	360.0
2325	360.0
2326	360.0
2327	360.0
2328	360.0
2329	360.0
2330	360.0
2331	360.0
2332	360.0
2333	360.0
2334	360.0
2335	360.0
2336	360.0
2337	360.0
2338	360.0
2339	360.0
2340	360.0
2341	360.0
2342	360.0
2343	360.0
2344	360.0
2345	360.0
2346	360.0
2347	360.0
2348	360.0
2349	360.0
2350	360.0
2351	360.0
2352	360.0
2353	360.0
2354	360.0
2355	360.0
2356	360.0
2357	360.0
2358	360.0
2359	360.0
2360	360.0
2361	360.0
2362	360.0
2363	360.0
2364	360.0
2365	360.0
2366	360.0
2367	360.0
2368	360.0
2369	360.0
2370	360.0
2371	360.0
2372	360.0
2373	360.0
2374	360.0
2375	360.0
2376	360.0
2377	360.0
2378	360.0
2379	360.0
2380	360.0
2381	360.0
2382	360.0
2383	360.0
2384	360.0
2385	360.0
2386	360.0
2387	360.0
2388	360.0
2389	360.0
2390	360.0
2391	360.0
2392	360.0
2393	360.0
2394	360.0
2395	360.0
2396	360.0
2397	360.0
2398	360.0
2399	360.0
2400	360.0
2401	360.0
2402	360.0
2403	360.0
2404	360.0
2405	360.0
2406	360.0
2407	360.0
2408	360.0
2409	360.0
2410	360.0
2411	360.0
2412	360.0
2413	360.0
2414	360.0
2415	360.0
2416	360.0
2417	360.0
2418	360.0
2419	360.0
2420	360.0
2421	360.0
2422	360.0
2423	360.0
2424	360.0
2425	360.0
2426	360.0
2427	360.0
2428	360.0
2429	360.0
2430	360.0
2431	360.0
2432	360.0
2433	360.0
2434	360.0
2435	360.0
2436	360.0
2437	360.0
2438	360.0
2439	360.0
2440	360.0
2441	360.0
2442	360.0
2443	360.0
2444	360.0
2445	360.0
2446	360.0
2447	360.0
2448	360.0
2449	360.0
2450	360.0
2451	360.0
2452	360.0
2453	360.0
2454	360.0
2455	360.0
2456	360.0
2457	360.0
2458	360.0
2459	360.0
2460	360.0
2461	360.0
2462	360.0
2463	360.0
2464	360.0
2465	360.0
2466	360.0
2467	360.0
2468	360.0
2469	360.0
2470	360.0
2471	360.0
2472	360.0
2473	360.0
2474	360.0
2475	360.0
2476	360.0
2477	360.0
2478	360.0
2479	360.0
2480	360.0
2481	360.0
2482	360.0
2483	360.0
2484	360.0
2485	360.0
2486	360.0
2487	360.0
2488	360.0
2489	360.0
2490	360.0
2491	360.0
2492	360.0
2493	360.0
2494	360.0
2495	360.0
2496	360.0
2497	360.0
2498	360.0
2499	360.0
2500  360.0

# Placeholder Scenario
0             RCP85
# Year  PPM
1765	278.05158
1766	278.10615
1767	278.22039
1768	278.34305
1769	278.47058
1770	278.60047
1771	278.73275
1772	278.86881
1773	279.00907
1774	279.15318
1775	279.3018
1776	279.4568
1777	279.61808
1778	279.78192
1779	279.9432
1780	280.0974
1781	280.2428
1782	280.38168
1783	280.51832
1784	280.6572
1785	280.8026
1786	280.9568
1787	281.11808
1788	281.28192
1789	281.4432
1790	281.5982
1791	281.74682
1792	281.89093
1793	282.03119
1794	282.16725
1795	282.29901
1796	282.4268
1797	282.55093
1798	282.67123
1799	282.7873
1800	282.89901
1801	283.00677
1802	283.11093
1803	283.21129
1804	283.30737
1805	283.39963
1806	283.48978
1807	283.57796
1808	283.66116
1809	283.73511
1810	283.79676
1811	283.84667
1812	283.88853
1813	283.92613
1814	283.96267
1815	284.00107
1816	284.04267
1817	284.08613
1818	284.12853
1819	284.16667
1820	284.1982
1821	284.22333
1822	284.24427
1823	284.26307
1824	284.28133
1825	284.30027
1826	284.32
1827	284.34
1828	284.36
1829	284.38
1830	284.4
1831	284.385
1832	284.28
1833	284.125
1834	283.975
1835	283.825
1836	283.675
1837	283.525
1838	283.425
1839	283.4
1840	283.4
1841	283.425
1842	283.5
1843	283.6
1844	283.725
1845	283.9
1846	284.075
1847	284.225
1848	284.4
1849	284.575
1850	284.725
1851	284.875
1852	285
1853	285.125
1854	285.275
1855	285.425
1856	285.575
1857	285.725
1858	285.9
1859	286.075
1860	286.225
1861	286.375
1862	286.5
1863	286.625
1864	286.775
1865	286.9
1866	287
1867	287.1
1868	287.225
1869	287.375
1870	287.525
1871	287.7
1872	287.9
1873	288.125
1874	288.4
1875	288.7
1876	289.025
1877	289.4
1878	289.8
1879	290.225
1880	290.7
1881	291.2
1882	291.675
1883	292.125
1884	292.575
1885	292.975
1886	293.3
1887	293.575
1888	293.8
1889	294
1890	294.175
1891	294.325
1892	294.475
1893	294.6
1894	294.7
1895	294.8
1896	294.9
1897	295.025
1898	295.225
1899	295.5
1900	295.8
1901	296.125
1902	296.475
1903	296.825
1904	297.2
1905	297.625
1906	298.075
1907	298.5
1908	298.9
1909	299.3
1910	299.7
1911	300.075
1912	300.425
1913	300.775
1914	301.1
1915	301.4
1916	301.725
1917	302.075
1918	302.4
1919	302.7
1920	303.025
1921	303.4
1922	303.775
1923	304.125
1924	304.525
1925	304.975
1926	305.4
1927	305.825
1928	306.3
1929	306.775
1930	307.225
1931	307.7
1932	308.175
1933	308.6
1934	309
1935	309.4
1936	309.75
1937	310
1938	310.175
1939	310.3
1940	310.375
1941	310.375
1942	310.3
1943	310.2
1944	310.125
1945	310.1
1946	310.125
1947	310.2
1948	310.325
1949	310.5
1950	310.75
1951	311.1
1952	311.5
1953	311.925
1954	312.425
1955	313
1956	313.6
1957	314.225
1958	314.8475
1959	315.5
1960	316.2725
1961	317.075
1962	317.795
1963	318.3975
1964	318.925
1965	319.6475
1966	320.6475
1967	321.605
1968	322.635
1969	323.9025
1970	324.985
1971	325.855
1972	327.14
1973	328.6775
1974	329.7425
1975	330.585
1976	331.7475
1977	333.2725
1978	334.8475
1979	336.525
1980	338.36
1981	339.7275
1982	340.7925
1983	342.1975
1984	343.7825
1985	345.2825
1986	346.7975
1987	348.645
1988	350.7375
1989	352.4875
1990	353.855
1991	355.0175
1992	355.885
1993	356.7775
1994	358.1275
1995	359.8375
1996	361.4625
1997	363.155
1998	365.3225
1999	367.3475
2000	368.865
2001	370.4675
2002	372.5225
2003	374.76
2004	376.8125
2005	378.8125
2006	380.8275
2007	382.7775
2008	384.8
2009	387.01226
2010	389.32416
2011	391.63801
2012	394.00866
2013	396.46384
2014	399.00402
2015	401.62793
2016	404.32819
2017	407.09588
2018	409.92701
2019	412.82151
2020	415.78022
2021	418.79629
2022	421.86439
2023	424.99469
2024	428.19734
2025	431.47473
2026	434.82619
2027	438.24456
2028	441.7208
2029	445.25085
2030	448.83485
2031	452.47359
2032	456.177
2033	459.96398
2034	463.85181
2035	467.85003
2036	471.96047
2037	476.18237
2038	480.50799
2039	484.92724
2040	489.43545
2041	494.03235
2042	498.7297
2043	503.52959
2044	508.43266
2045	513.45614
2046	518.61062
2047	523.90006
2048	529.32418
2049	534.8752
2050	540.54279
2051	546.32201
2052	552.21189
2053	558.2122
2054	564.31311
2055	570.51669
2056	576.84343
2057	583.30471
2058	589.90539
2059	596.64656
2060	603.52045
2061	610.5165
2062	617.60526
2063	624.76367
2064	631.99471
2065	639.29052
2066	646.65274
2067	654.09843
2068	661.64491
2069	669.30474
2070	677.07762
2071	684.95429
2072	692.90196
2073	700.89416
2074	708.93159
2075	717.01548
2076	725.13597
2077	733.30667
2078	741.52368
2079	749.80466
2080	758.1823
2081	766.64451
2082	775.17446
2083	783.75141
2084	792.36578
2085	801.0188
2086	809.71464
2087	818.42214
2088	827.15719
2089	835.95594
2090	844.80471
2091	853.72536
2092	862.72597
2093	871.7768
2094	880.86435
2095	889.98162
2096	899.12407
2097	908.28871
2098	917.47137
2099	926.66527
2100	935.87437
2101	945.13213
2102	954.4662
2103	963.83906
2104	973.2408
2105	982.68037
2106	992.14288
2107	1001.6311
2108	1011.1191
2109	1020.6085
2110	1030.1004
2111	1039.5892
2112	1049.1233
2113	1058.7002
2114	1068.3216
2115	1077.9995
2116	1087.6999
2117	1097.4303
2118	1107.1765
2119	1116.9122
2120	1126.6592
2121	1136.4015
2122	1146.1344
2123	1155.9064
2124	1165.7401
2125	1175.6176
2126	1185.5295
2127	1195.4833
2128	1205.4772
2129	1215.4661
2130	1225.453
2131	1235.4493
2132	1245.419
2133	1255.397
2134	1265.4211
2135	1275.4843
2136	1285.5943
2137	1295.7632
2138	1305.9625
2139	1316.1708
2140	1326.3936
2141	1336.6283
2142	1346.8594
2143	1357.0727
2144	1367.2797
2145	1377.5097
2146	1387.793
2147	1398.1376
2148	1408.5226
2149	1418.9467
2150	1429.3969
2151	1439.8354
2152	1450.2111
2153	1460.4793
2154	1470.5915
2155	1480.5564
2156	1490.4552
2157	1500.2994
2158	1510.0573
2159	1519.7332
2160	1529.3276
2161	1538.8274
2162	1548.2214
2163	1557.5025
2164	1566.6838
2165	1575.7093
2166	1584.5792
2167	1593.389
2168	1602.1444
2169	1610.8232
2170	1619.4189
2171	1627.9283
2172	1636.3423
2173	1644.6544
2174	1652.8621
2175	1660.9472
2176	1668.8714
2177	1676.6491
2178	1684.3479
2179	1691.9855
2180	1699.5543
2181	1707.0542
2182	1714.4671
2183	1721.7857
2184	1728.9986
2185	1736.073
2186	1743.0204
2187	1749.8272
2188	1756.4845
2189	1763.0469
2190	1769.542
2191	1775.972
2192	1782.3281
2193	1788.5985
2194	1794.7605
2195	1800.7999
2196	1806.7334
2197	1812.5201
2198	1818.1423
2199	1823.6498
2200	1829.0556
2201	1834.3733
2202	1839.6122
2203	1844.7812
2204	1849.8682
2205	1854.849
2206	1859.7106
2207	1864.4469
2208	1869.0362
2209	1873.4672
2210	1877.784
2211	1881.9947
2212	1886.1097
2213	1890.1554
2214	1894.1313
2215	1898.0123
2216	1901.7766
2217	1905.4235
2218	1908.9603
2219	1912.3445
2220	1915.5465
2221	1918.6217
2222	1921.6126
2223	1924.5227
2224	1927.352
2225	1930.1
2226	1932.7513
2227	1935.2926
2228	1937.7127
2229	1940.0103
2230	1942.1583
2231	1944.1572
2232	1946.0278
2233	1947.7762
2234	1949.4392
2235	1951.0121
2236	1952.5138
2237	1953.9433
2238	1955.2718
2239	1956.4604
2240	1957.4929
2241	1958.428
2242	1959.1897
2243	1959.7707
2244	1960.2847
2245	1960.7288
2246	1961.0674
2247	1961.3194
2248	1961.4957
2249	1961.5683
2250	1961.5774
2251	1961.5774
2252	1961.5774
2253	1961.5774
2254	1961.5774
2255	1961.5774
2256	1961.5774
2257	1961.5774
2258	1961.5774
2259	1961.5774
2260	1961.5774
2261	1961.5774
2262	1961.5774
2263	1961.5774
2264	1961.5774
2265	1961.5774
2266	1961.5774
2267	1961.5774
2268	1961.5774
2269	1961.5774
2270	1961.5774
2271	1961.5774
2272	1961.5774
2273	1961.5774
2274	1961.5774
2275	1961.5774
2276	1961.5774
2277	1961.5774
2278	1961.5774
2279	1961.5774
2280	1961.5774
2281	1961.5774
2282	1961.5774
2283	1961.5774
2284	1961.5774
2285	1961.5774
2286	1961.5774
2287	1961.5774
2288	1961.5774
2289	1961.5774
2290	1961.5774
2291	1961.5774
2292	1961.5774
2293	1961.5774
2294	1961.5774
2295	1961.5774
2296	1961.5774
2297	1961.5774
2298	1961.5774
2299	1961.5774
2300	1961.5774
2301	1961.5774
2302	1961.5774
2303	1961.5774
2304	1961.5774
2305	1961.5774
2306	1961.5774
2307	1961.5774
2308	1961.5774
2309	1961.5774
2310	1961.5774
2311	1961.5774
2312	1961.5774
2313	1961.5774
2314	1961.5774
2315	1961.5774
2316	1961.5774
2317	1961.5774
2318	1961.5774
2319	1961.5774
2320	1961.5774
2321	1961.5774
2322	1961.5774
2323	1961.5774
2324	1961.5774
2325	1961.5774
2326	1961.5774
2327	1961.5774
2328	1961.5774
2329	1961.5774
2330	1961.5774
2331	1961.5774
2332	1961.5774
2333	1961.5774
2334	1961.5774
2335	1961.5774
2336	1961.5774
2337	1961.5774
2338	1961.5774
2339	1961.5774
2340	1961.5774
2341	1961.5774
2342	1961.5774
2343	1961.5774
2344	1961.5774
2345	1961.5774
2346	1961.5774
2347	1961.5774
2348	1961.5774
2349	1961.5774
2350	1961.5774
2351	1961.5774
2352	1961.5774
2353	1961.5774
2354	1961.5774
2355	1961.5774
2356	1961.5774
2357	1961.5774
2358	1961.5774
2359	1961.5774
2360	1961.5774
2361	1961.5774
2362	1961.5774
2363	1961.5774
2364	1961.5774
2365	1961.5774
2366	1961.5774
2367	1961.5774
2368	1961.5774
2369	1961.5774
2370	1961.5774
2371	1961.5774
2372	1961.5774
2373	1961.5774
2374	1961.5774
2375	1961.5774
2376	1961.5774
2377	1961.5774
2378	1961.5774
2379	1961.5774
2380	1961.5774
2381	1961.5774
2382	1961.5774
2383	1961.5774
2384	1961.5774
2385	1961.5774
2386	1961.5774
2387	1961.5774
2388	1961.5774
2389	1961.5774
2390	1961.5774
2391	1961.5774
2392	1961.5774
2393	1961.5774
2394	1961.5774
2395	1961.5774
2396	1961.5774
2397	1961.5774
2398	1961.5774
2399	1961.5774
2400	1961.5774
2401	1961.5774
2402	1961.5774
2403	1961.5774
2404	1961.5774
2405	1961.5774
2406	1961.5774
2407	1961.5774
2408	1961.5774
2409	1961.5774
2410	1961.5774
2411	1961.5774
2412	1961.5774
2413	1961.5774
2414	1961.5774
2415	1961.5774
2416	1961.5774
2417	1961.5774
2418	1961.5774
2419	1961.5774
2420	1961.5774
2421	1961.5774
2422	1961.5774
2423	1961.5774
2424	1961.5774
2425	1961.5774
2426	1961.5774
2427	1961.5774
2428	1961.5774
2429	1961.5774
2430	1961.5774
2431	1961.5774
2432	1961.5774
2433	1961.5774
2434	1961.5774
2435	1961.5774
2436	1961.5774
2437	1961.5774
2438	1961.5774
2439	1961.5774
2440	1961.5774
2441	1961.5774
2442	1961.5774
2443	1961.5774
2444	1961.5774
2445	1961.5774
2446	1961.5774
2447	1961.5774
2448	1961.5774
2449	1961.5774
2450	1961.5774
2451	1961.5774
2452	1961.5774
2453	1961.5774
2454	1961.5774
2455	1961.5774
2456	1961.5774
2457	1961.5774
2458	1961.5774
2459	1961.5774
2460	1961.5774
2461	1961.5774
2462	1961.5774
2463	1961.5774
2464	1961.5774
2465	1961.5774
2466	1961.5774
2467	1961.5774
2468	1961.5774
2469	1961.5774
2470	1961.5774
2471	1961.5774
2472	1961.5774
2473	1961.5774
2474	1961.5774
2475	1961.5774
2476	1961.5774
2477	1961.5774
2478	1961.5774
2479	1961.5774
2480	1961.5774
2481	1961.5774
2482	1961.5774
2483	1961.5774
2484	1961.5774
2485	1961.5774
2486	1961.5774
2487	1961.5774
2488	1961.5774
2489	1961.5774
2490	1961.5774
2491	1961.5774
2492	1961.5774
2493	1961.5774
2494	1961.5774
2495	1961.5774
2496	1961.5774
2497	1961.5774
2498	1961.5774
2499	1961.5774
2500	1961.5774
