#DOY	p_W_W	p_W_D	PPT_avg	PPT_sd
  1	0.77778	0.230769	0.26647	0.295168
  2	0.58824	0.285714	0.46000	0.426037
  3	0.85714	0.176471	0.44867	0.611122
  4	0.86667	0.562500	0.39545	0.361541
  5	0.81818	0.555556	0.52739	0.411684
  6	0.69565	0.375000	0.58737	0.455800
  7	0.63158	0.583333	0.39526	0.467266
  8	0.73684	0.166667	0.41875	0.437156
  9	0.81250	0.400000	0.37158	0.452318
 10	0.78947	0.166667	0.54529	0.696923
 11	0.70588	0.357143	0.61706	0.665571
 12	0.88235	0.357143	0.36200	0.463881
 13	0.70000	0.181818	0.31062	0.300721
 14	0.62500	0.133333	0.43750	0.575975
 15	0.91667	0.473684	0.27300	0.259881
 16	0.80000	0.454545	0.28810	0.342996
 17	0.71429	0.400000	0.29263	0.340993
 18	0.68421	0.166667	0.30733	0.359850
 19	0.73333	0.375000	0.40882	0.349801
 20	0.76471	0.357143	0.25611	0.282325
 21	0.61111	0.153846	0.53462	0.649521
 22	0.84615	0.333333	0.27941	0.259675
 23	0.88235	0.357143	0.30750	0.406498
 24	0.75000	0.181818	0.32118	0.377490
 25	0.70588	0.214286	0.65933	0.761694
 26	0.73333	0.375000	0.26588	0.248245
 27	0.82353	0.142857	0.25125	0.352361
 28	0.81250	0.533333	0.49714	0.612153
 29	0.76190	0.100000	0.35471	0.336807
 30	0.52941	0.428571	0.39933	0.696281
 31	0.60000	0.562500	0.40389	0.541133
 32	0.72222	0.076923	0.31714	0.258142
 33	0.85714	0.411765	0.28579	0.258786
 34	0.68421	0.083333	0.34000	0.418900
 35	0.78571	0.294118	0.32375	0.433695
 36	0.75000	0.000000	0.29000	0.333685
 37	0.75000	0.263158	0.18214	0.172233
 38	0.71429	0.352941	0.28313	0.313342
 39	0.75000	0.400000	0.37667	0.232480
 40	0.77778	0.307692	0.23111	0.203842
 41	0.72222	0.307692	0.34588	0.449222
 42	0.70588	0.285714	0.38875	0.487837
 43	0.75000	0.466667	0.27158	0.268582
 44	0.73684	0.500000	0.42900	0.506494
 45	0.90000	0.454545	0.50696	0.435686
 46	0.69565	0.375000	0.25053	0.233725
 47	0.57895	0.416667	0.20500	0.147468
 48	0.62500	0.533333	0.28167	0.284775
 49	0.83333	0.461538	0.33048	0.473249
 50	0.71429	0.400000	0.53474	0.793273
 51	0.68421	0.416667	0.47667	0.567233
 52	0.83333	0.153846	0.32647	0.321849
 53	0.82353	0.214286	0.27471	0.485079
 54	0.47059	0.357143	0.27000	0.260000
 55	0.84615	0.166667	0.24714	0.273508
 56	0.78571	0.235294	0.40067	0.415202
 57	0.80000	0.312500	0.21706	0.234754
 58	0.64706	0.285714	0.21867	0.305377
 59	0.53333	0.500000	0.22750	0.223502
 60	0.56250	0.200000	0.37500	0.313557
 61	0.75000	0.473684	0.30889	0.332422
 62	0.61111	0.153846	0.48923	0.382633
 63	0.84615	0.333333	0.30706	0.276897
 64	0.64706	0.285714	0.46200	0.521621
 65	0.66667	0.312500	0.27733	0.227454
 66	0.80000	0.375000	0.46778	0.557268
 67	0.77778	0.307692	0.31833	0.329157
 68	0.77778	0.230769	0.33824	0.475095
 69	0.76471	0.071429	0.43643	0.402045
 70	0.64286	0.470588	0.31412	0.304714
 71	0.58824	0.214286	0.28538	0.278885
 72	0.69231	0.277778	0.30857	0.360125
 73	0.64286	0.176471	0.40417	0.289402
 74	0.75000	0.263158	0.39786	0.410050
 75	0.71429	0.294118	0.37400	0.440224
 76	0.86667	0.437500	0.36400	0.312012
 77	0.85000	0.181818	0.30421	0.283731
 78	0.63158	0.250000	0.47200	0.418692
 79	0.60000	0.125000	0.32000	0.295736
 80	0.63636	0.400000	0.27800	0.255740
 81	0.53333	0.375000	0.22500	0.207985
 82	0.71429	0.235294	0.29071	0.308107
 83	0.57143	0.294118	0.38462	0.325439
 84	0.84615	0.611111	0.34636	0.372860
 85	0.59091	0.666667	0.45526	0.457607
 86	0.78947	0.500000	0.29857	0.270911
 87	0.71429	0.600000	0.36143	0.390734
 88	0.80952	0.500000	0.34500	0.372044
 89	0.63636	0.333333	0.27059	0.273461
 90	0.76471	0.428571	0.48211	0.459983
 91	0.68421	0.250000	0.54688	0.664998
 92	0.87500	0.466667	0.35619	0.383034
 93	0.71429	0.200000	0.42353	0.331774
 94	0.64706	0.428571	0.32706	0.327180
 95	0.58824	0.285714	0.34714	0.436286
 96	0.57143	0.352941	0.38786	0.371176
 97	0.85714	0.352941	0.36000	0.404809
 98	0.61111	0.230769	0.41929	0.337832
 99	0.85714	0.235294	0.45937	0.633198
100	0.75000	0.266667	0.39563	0.389358
101	0.75000	0.466667	0.36105	0.272170
102	0.73684	0.000000	0.62500	0.739238
103	0.50000	0.235294	0.33545	0.317911
104	0.36364	0.200000	0.35500	0.475845
105	0.50000	0.260870	0.48200	0.269394
106	0.80000	0.238095	0.41231	0.371734
107	0.84615	0.333333	0.26529	0.329225
108	0.76471	0.214286	0.41563	0.431076
109	0.81250	0.333333	0.61111	0.728947
110	0.66667	0.384615	0.51353	0.842563
111	0.64706	0.285714	0.54600	0.565317
112	0.80000	0.375000	0.36278	0.349938
113	0.83333	0.230769	0.63167	1.069625
114	0.77778	0.461538	0.58350	0.657421
115	0.75000	0.454545	0.44350	0.421092
116	0.65000	0.181818	0.70800	0.599121
117	0.66667	0.312500	0.37133	0.317172
118	0.73333	0.187500	0.66000	0.677370
119	0.85714	0.294118	0.38176	0.419065
120	0.82353	0.214286	0.43647	0.662806
121	0.64706	0.285714	0.42800	0.437153
122	0.66667	0.500000	0.67111	0.795124
123	0.77778	0.384615	0.59263	0.796582
124	0.73684	0.250000	0.33647	0.257389
125	0.82353	0.285714	0.23000	0.227027
126	0.66667	0.076923	0.24538	0.235040
127	0.76923	0.277778	0.39533	0.332069
128	0.80000	0.312500	0.41235	0.366803
129	0.70588	0.285714	0.36562	0.298127
130	0.81250	0.200000	0.35875	0.436438
131	0.81250	0.266667	0.45000	0.477768
132	0.82353	0.285714	0.55778	0.557606
133	0.72222	0.461538	0.32895	0.398356
134	0.63158	0.583333	0.31105	0.316980
135	0.63158	0.250000	0.31933	0.311528
136	0.86667	0.562500	0.22045	0.211017
137	0.45455	0.111111	0.35000	0.312762
138	0.72727	0.250000	0.30846	0.342146
139	0.76923	0.277778	0.45800	0.733682
140	0.66667	0.312500	0.25000	0.242133
141	0.66667	0.250000	0.24714	0.203221
142	0.78571	0.117647	0.36615	0.288402
143	0.69231	0.277778	0.29786	0.286925
144	0.78571	0.235294	0.22267	0.206518
145	0.73333	0.062500	0.32583	0.398964
146	1.00000	0.263158	0.38235	0.333776
147	0.64706	0.214286	0.43214	0.808038
148	0.78571	0.294118	0.28500	0.362307
149	0.81250	0.266667	0.39235	0.602231
150	0.76471	0.285714	0.36706	0.481803
151	0.76471	0.214286	0.23500	0.262704
152	0.81250	0.133333	0.39667	0.366327
153	0.66667	0.375000	0.52000	0.806300
154	0.75000	0.400000	0.27389	0.352589
155	0.61111	0.153846	0.30846	0.235685
156	0.76923	0.166667	0.26538	0.274640
157	0.84615	0.277778	0.22812	0.295933
158	0.75000	0.200000	0.22133	0.302132
159	0.73333	0.250000	0.35467	0.263164
160	1.00000	0.312500	0.28400	0.320352
161	0.80000	0.181818	0.31500	0.342658
162	0.77778	0.230769	0.25941	0.346365
163	0.76471	0.214286	0.38125	0.600743
164	0.56250	0.133333	0.17727	0.213312
165	0.54545	0.200000	0.18600	0.184584
166	0.60000	0.095238	0.27875	0.461099
167	0.87500	0.521739	0.19158	0.384177
168	0.63158	0.250000	0.31200	0.489551
169	0.73333	0.125000	0.15538	0.214422
170	0.46154	0.222222	0.07400	0.081268
171	0.50000	0.190476	0.25111	0.280154
172	0.66667	0.363636	0.15571	0.205678
173	0.35714	0.117647	0.42571	0.516555
174	0.85714	0.125000	0.16667	0.183780
175	0.33333	0.090909	0.25400	0.340485
176	0.60000	0.269231	0.34000	0.459952
177	0.80000	0.238095	0.20923	0.205648
178	0.53846	0.277778	0.23667	0.317957
179	0.58333	0.157895	0.24000	0.355153
180	0.70000	0.095238	0.24333	0.278298
181	0.44444	0.136364	0.12143	0.111867
182	0.85714	0.333333	0.10429	0.095492
183	0.64286	0.235294	0.18923	0.201555
184	0.76923	0.222222	0.28429	0.237639
185	0.35714	0.294118	0.16000	0.149741
186	0.50000	0.285714	0.27545	0.436426
187	0.72727	0.200000	0.18750	0.261190
188	0.50000	0.157895	0.21000	0.318237
189	0.77778	0.409091	0.38000	0.471635
190	0.68750	0.266667	0.41267	0.360782
191	0.60000	0.250000	0.20692	0.257985
192	0.61538	0.333333	0.26429	0.400187
193	0.57143	0.352941	0.30571	0.361465
194	0.71429	0.117647	0.36583	0.521265
195	0.41667	0.263158	0.23500	0.201674
196	0.60000	0.190476	0.14900	0.153583
197	0.60000	0.142857	0.25333	0.289093
198	0.66667	0.272727	0.21583	0.310936
199	0.66667	0.315789	0.20143	0.170513
200	0.85714	0.294118	0.24294	0.253618
201	0.64706	0.142857	0.19000	0.191311
202	0.76923	0.222222	0.16000	0.181150
203	0.71429	0.235294	0.23357	0.379100
204	0.57143	0.352941	0.37643	0.491037
205	0.85714	0.294118	0.40235	0.469302
206	0.76471	0.428571	0.33474	0.334753
207	0.73684	0.333333	0.21889	0.248286
208	0.77778	0.230769	0.17353	0.215521
209	0.41176	0.285714	0.36455	0.586078
210	0.72727	0.300000	0.29071	0.353803
211	0.57143	0.294118	0.41923	0.546343
212	0.76923	0.333333	0.21000	0.191381
213	0.62500	0.400000	0.23312	0.348630
214	0.75000	0.200000	0.19800	0.182138
215	0.73333	0.125000	0.14385	0.173135
216	0.84615	0.388889	0.23444	0.242832
217	0.55556	0.230769	0.22462	0.276092
218	0.76923	0.444444	0.18389	0.204943
219	0.61111	0.230769	0.19929	0.271561
220	0.71429	0.352941	0.25875	0.311531
221	0.68750	0.266667	0.35067	0.389715
222	0.46667	0.312500	0.36833	0.390613
223	0.75000	0.421053	0.19294	0.269392
224	0.76471	0.142857	0.26333	0.390122
225	0.60000	0.375000	0.28000	0.306804
226	0.60000	0.312500	0.24357	0.328132
227	0.64286	0.294118	0.21929	0.223829
228	0.85714	0.352941	0.26333	0.403791
229	0.66667	0.692308	0.13333	0.157077
230	0.66667	0.200000	0.16125	0.137689
231	0.56250	0.466667	0.28187	0.334589
232	0.68750	0.466667	0.24722	0.228339
233	0.72222	0.307692	0.45412	0.515934
234	0.64706	0.357143	0.11125	0.159995
235	0.68750	0.200000	0.29143	0.273548
236	0.64286	0.529412	0.21722	0.289884
237	0.61111	0.384615	0.16062	0.209808
238	0.68750	0.400000	0.25000	0.288531
239	0.70588	0.428571	0.18889	0.222972
240	0.61111	0.153846	0.21846	0.227554
241	0.69231	0.222222	0.21692	0.250845
242	0.61538	0.277778	0.13308	0.136649
243	0.53846	0.388889	0.13500	0.148674
244	0.71429	0.411765	0.15941	0.164221
245	0.70588	0.071429	0.37538	0.533176
246	0.76923	0.444444	0.19056	0.240110
247	0.50000	0.076923	0.28400	0.349291
248	0.50000	0.476190	0.42533	0.516331
249	0.66667	0.312500	0.35867	0.371654
250	0.73333	0.500000	0.22789	0.283854
251	0.73684	0.250000	0.52235	0.434634
252	0.64706	0.214286	0.37286	0.398100
253	0.78571	0.470588	0.22211	0.257651
254	0.78947	0.166667	0.32294	0.275267
255	0.70588	0.285714	0.52563	0.597974
256	0.87500	0.266667	0.43056	0.490659
257	0.72222	0.230769	0.23125	0.284391
258	0.68750	0.266667	0.42133	0.910344
259	0.73333	0.375000	0.44882	0.866349
260	0.70588	0.142857	0.47714	0.519266
261	0.64286	0.294118	0.55143	0.947189
262	0.85714	0.352941	0.47889	0.995170
263	0.72222	0.461538	0.57316	0.898029
264	0.94737	0.083333	0.41158	0.424569
265	0.68421	0.250000	0.48938	0.571565
266	0.75000	0.200000	0.41133	0.732119
267	0.53333	0.187500	0.39000	0.390768
268	0.45455	0.200000	0.35556	0.325081
269	1.00000	0.090909	0.28909	0.305400
270	0.54545	0.150000	0.39333	0.338785
271	0.66667	0.090909	0.43000	0.395619
272	0.62500	0.217391	0.37100	0.564455
273	0.60000	0.238095	0.37727	0.339620
274	0.81818	0.050000	0.36900	0.240113
275	0.80000	0.238095	0.52923	0.398214
276	0.76923	0.222222	0.59571	0.532494
277	0.85714	0.235294	0.53875	0.818884
278	0.62500	0.266667	0.31071	0.286235
279	0.64286	0.294118	0.43143	0.406937
280	0.85714	0.176471	0.64000	0.864300
281	0.66667	0.125000	0.60500	0.613374
282	0.75000	0.157895	0.48750	0.599668
283	0.75000	0.105263	0.21545	0.206851
284	0.72727	0.250000	0.39000	0.398518
285	0.69231	0.222222	0.23769	0.184443
286	0.69231	0.333333	0.30200	0.319222
287	0.66667	0.187500	0.42538	0.446890
288	0.69231	0.111111	0.31636	0.290595
289	0.81818	0.200000	0.34231	0.355976
290	0.69231	0.000000	0.32444	0.152325
291	0.88889	0.272727	0.29571	0.230375
292	0.85714	0.058824	0.31692	0.452482
293	0.69231	0.111111	0.27909	0.286337
294	0.63636	0.200000	0.36182	0.355972
295	0.81818	0.200000	0.36077	0.397774
296	0.53846	0.277778	0.39583	0.382491
297	0.75000	0.105263	0.44545	0.476495
298	0.63636	0.200000	0.47818	0.453405
299	0.72727	0.100000	0.33900	0.278506
300	0.70000	0.238095	0.36417	0.428962
301	0.91667	0.210526	0.30867	0.277022
302	0.73333	0.250000	0.24800	0.228323
303	0.86667	0.375000	0.27316	0.218354
304	0.68421	0.250000	0.48688	0.586751
305	0.75000	0.266667	0.40687	0.226472
306	0.56250	0.066667	0.55600	0.517262
307	0.60000	0.142857	0.55778	0.559012
308	0.66667	0.181818	0.37800	0.402376
309	0.70000	0.238095	0.48917	0.457592
310	0.83333	0.052632	0.52455	0.348263
311	0.72727	0.250000	0.17923	0.311300
312	0.69231	0.444444	0.43882	0.754933
313	0.70588	0.357143	0.53765	0.668118
314	0.82353	0.142857	0.51187	0.431296
315	0.75000	0.266667	0.40375	0.459549
316	0.68750	0.333333	0.49438	0.477772
317	0.68750	0.466667	0.44444	0.445094
318	0.77778	0.230769	0.38353	0.346174
319	0.52941	0.214286	0.52833	0.422371
320	0.58333	0.157895	0.64000	0.619749
321	1.00000	0.285714	0.34625	0.374217
322	0.81250	0.133333	0.37867	0.382545
323	0.60000	0.187500	0.28833	0.322908
324	0.66667	0.210526	0.33417	0.375172
325	1.00000	0.157895	0.44000	0.310667
326	0.66667	0.312500	0.45333	0.624919
327	0.66667	0.250000	0.36714	0.440077
328	0.78571	0.235294	0.38800	0.352910
329	0.73333	0.375000	0.39529	0.402898
330	0.58824	0.428571	0.46625	0.348442
331	0.68750	0.333333	0.30375	0.264950
332	0.75000	0.266667	0.40563	0.507569
333	0.87500	0.266667	0.45444	0.514533
334	0.72222	0.230769	0.34875	0.395759
335	0.87500	0.466667	0.35476	0.642290
336	0.80952	0.200000	0.43684	0.453383
337	0.52632	0.083333	0.13182	0.138117
338	0.63636	0.300000	0.25615	0.262124
339	0.92308	0.388889	0.19105	0.203958
340	0.68421	0.250000	0.37375	0.312237
341	0.87500	0.466667	0.37857	0.390503
342	0.76190	0.000000	0.33313	0.411335
343	0.68750	0.533333	0.25000	0.233880
344	0.78947	0.250000	0.17333	0.156280
345	0.38889	0.307692	0.24182	0.385923
346	0.81818	0.550000	0.27000	0.301191
347	0.85000	0.363636	0.40143	0.396110
348	0.80952	0.100000	0.29722	0.257495
349	0.72222	0.384615	0.40333	0.358526
350	0.66667	0.384615	0.26118	0.209072
351	0.70588	0.285714	0.44062	0.477863
352	0.75000	0.400000	0.23556	0.273845
353	0.72222	0.384615	0.40000	0.383529
354	0.72222	0.153846	0.80200	0.874187
355	0.86667	0.312500	0.38889	0.481369
356	0.83333	0.307692	0.30316	0.426068
357	0.63158	0.500000	0.44500	0.634018
358	0.66667	0.230769	0.33333	0.429895
359	0.53333	0.187500	0.48636	0.737255
360	0.90909	0.300000	0.20563	0.337460
361	0.81250	0.333333	0.36667	0.346817
362	0.72222	0.230769	0.15562	0.182061
363	0.56250	0.600000	0.33500	0.602136
364	0.83333	0.384615	0.39800	0.431248
365	0.75000	0.454545	0.31950	0.426719
366	0.60000	0.000000	0.14000	0.065574
