#WEEK	wTmax_C	wTmin_C	var_MAX	cov_MAXMIN	cov_MINMAX	var_MIN	CF_Tmax_wet	CF_Tmax_dry	CF_Tmin_wet	CF_Tmin_dry
 1	-3.240922	-16.10290	20.1975	22.73186	22.73186	37.1880	 0.64495	-0.94544	 2.070423	-3.03505
 2	-2.337465	-15.17783	19.2403	18.84129	18.84129	34.3495	-0.40288	 0.47137	 1.613988	-1.88837
 3	-3.067880	-16.45599	27.9085	30.45613	30.45613	44.9735	-0.35838	 0.46894	 0.886804	-1.16039
 4	-2.245346	-15.92576	19.1094	19.65526	19.65526	34.1570	 0.10372	-0.13572	 1.693321	-2.21573
 5	-2.718203	-16.32558	26.0402	29.47164	29.47164	46.9122	-0.39127	 0.42513	 1.183541	-1.28596
 6	-2.058986	-16.09599	30.7503	35.52670	35.52670	58.1200	-0.18182	 0.19040	 1.808153	-1.89344
 7	-0.259263	-13.22728	15.9512	16.45746	16.45746	34.8065	 0.16551	-0.27790	 1.701693	-2.85716
 8	 1.486820	-11.97023	14.9477	13.71865	13.71865	25.5671	-0.44532	 0.48385	 1.611027	-1.75044
 9	 2.451659	-11.33594	22.7708	19.53823	19.53823	28.5604	-0.88101	 0.87293	 0.888074	-0.87993
10	 4.120829	 -9.48544	17.3146	12.95730	12.95730	22.0979	-0.94592	 1.04694	 0.790438	-0.87485
11	 5.775346	 -8.21240	21.4769	11.58381	11.58381	14.7953	-1.94871	 1.89556	 0.307069	-0.29869
12	 7.697788	 -7.02733	23.2468	13.21285	13.21285	14.3482	-0.86086	 0.79230	 0.588962	-0.54205
13	 7.384793	 -6.96226	26.9086	12.46186	12.46186	14.2139	-0.43539	 0.71679	 0.753443	-1.24042
14	 9.623502	 -5.71788	30.7748	14.06012	14.06012	13.1396	-2.12742	 2.39856	-0.178033	 0.20072
15	11.429355	 -5.17065	31.9212	13.51599	13.51599	12.5879	-1.60957	 1.23008	 0.872135	-0.66651
16	13.600369	 -3.22452	24.9818	10.11030	10.11030	10.5057	-1.73712	 1.92264	 0.394604	-0.43675
17	13.704885	 -2.47327	25.8551	 8.46044	 8.46044	 7.2453	-2.46043	 2.98767	-0.031434	 0.03817
18	14.670922	 -1.71622	27.6302	 8.12178	 8.12178	 7.6979	-2.12092	 2.48148	 0.357503	-0.41828
19	16.212719	 -0.91903	25.4962	 7.92765	 7.92765	 7.8960	-1.94467	 2.31789	 0.291320	-0.34723
20	18.501475	  0.83207	21.0719	 7.40261	 7.40261	 8.3684	-1.78366	 1.83367	 0.439926	-0.45226
21	19.351567	  1.27770	15.9669	 4.85737	 4.85737	 7.9715	-1.81076	 1.51920	 0.759779	-0.63744
22	20.392719	  1.85304	15.3710	 4.70428	 4.70428	 6.6743	-1.19428	 1.34650	 0.372350	-0.41981
23	21.756820	  2.98728	21.2257	 7.14260	 7.14260	 7.9087	-2.34527	 2.41103	 0.264355	-0.27177
24	22.914240	  3.29194	14.7827	 4.90192	 4.90192	 5.9261	-1.08955	 0.86444	 0.623377	-0.49458
25	25.186636	  4.21134	 9.9117	 3.33752	 3.33752	 5.5134	-1.14887	 0.51316	 1.155082	-0.51594
26	26.283180	  5.74032	11.0005	 3.26365	 3.26365	 5.7348	-1.65771	 0.87555	 0.840477	-0.44391
27	27.278341	  6.50111	11.4040	 3.33052	 3.33052	 7.6973	-1.50246	 0.96749	 1.073012	-0.69095
28	27.385438	  7.34115	 8.0790	 1.30435	 1.30435	 4.5786	-1.28385	 0.87580	 0.950780	-0.64859
29	28.059124	  7.74392	 7.1095	 1.50225	 1.50225	 5.6760	-0.84020	 0.63015	 1.386836	-1.04013
30	27.247143	  7.84461	 7.4122	 0.81544	 0.81544	 6.5911	-1.18242	 1.21557	 1.005664	-1.03386
31	27.292442	  7.89581	 6.0307	 0.78436	 0.78436	 5.4536	-0.86975	 0.80048	 0.930059	-0.85598
32	26.830737	  7.24507	 7.1937	 0.80005	 0.80005	 6.1061	-0.96812	 0.94172	 0.935118	-0.90961
33	26.304516	  6.63539	 6.7950	 2.07097	 2.07097	 5.7259	-0.63794	 0.70607	 0.891275	-0.98646
34	25.782857	  6.52783	 7.7880	 0.45088	 0.45088	 4.9489	-0.88889	 1.02091	 0.817166	-0.93853
35	25.350000	  5.39009	 7.4099	 1.87066	 1.87066	 6.7396	-0.68030	 0.59233	 1.170601	-1.01923
36	23.892074	  4.29097	 9.7643	 2.73204	 2.73204	 8.5147	-0.69707	 0.69068	 1.311069	-1.29904
37	21.469631	  2.70811	15.1779	 3.21190	 3.21190	 8.5773	-0.89277	 1.06411	 1.353161	-1.61286
38	19.739816	  1.06673	18.7659	 4.80656	 4.80656	11.4028	-1.03321	 1.16489	 1.450837	-1.63575
39	19.310415	 -0.55779	23.2220	 6.92822	 6.92822	10.3236	-2.68433	 1.25148	 1.220397	-0.56897
40	17.617926	 -0.92922	20.6862	 3.04173	 3.04173	10.5103	-2.01209	 1.59637	 1.497550	-1.18814
41	15.441290	 -2.79866	25.9744	 4.20588	 4.20588	 7.9039	-2.79534	 1.94363	 1.095180	-0.76149
42	13.567143	 -4.25636	24.8089	 3.64515	 3.64515	 9.7416	-2.76056	 1.67678	 1.316237	-0.79949
43	11.809124	 -5.23862	27.3148	 7.03088	 7.03088	11.1303	-2.22781	 1.40704	 1.337427	-0.84469
44	 8.509585	 -6.12166	37.6193	17.01331	17.01331	22.9513	-1.72548	 1.34361	 1.645343	-1.28121
45	 7.898802	 -6.66452	35.8648	12.69844	12.69844	14.1911	-2.54439	 2.25676	 0.380202	-0.33722
46	 5.181659	 -8.64429	36.2856	18.59690	18.59690	23.8421	-1.91541	 1.76285	 0.856882	-0.78863
47	 3.249032	-10.81074	32.3931	20.23116	20.23116	24.9607	-1.88773	 1.61345	 0.701437	-0.59952
48	 0.011521	-12.33696	27.9382	20.43175	20.43175	26.9124	-1.00931	 1.29616	 0.772122	-0.99157
49	-0.147143	-13.07553	24.2835	22.62596	22.62596	35.2125	-0.34242	 0.38606	 1.551530	-1.74927
50	-1.429355	-14.22309	22.9828	20.96687	20.96687	31.2624	-0.51040	 0.66787	 0.897884	-1.17489
51	-3.405115	-15.88373	25.5387	23.85112	23.85112	33.2241	-0.58308	 0.74880	 0.798733	-1.02574
52	-3.799954	-16.85253	24.6797	26.35703	26.35703	39.1849	-0.53470	 0.59180	 0.706131	-0.78154
53	-2.243077	-14.61974	23.5312	20.07799	20.07799	29.9225	-1.00344	 1.44245	 0.125831	-0.18088
