# weather for site gridmet example at -105.58 / 39.59 year =  1981
# DOY, Tmax_C, Tmin_C, PPT_cm, sfcWind_mPERs, hursmax_pct, hursmin_pct, rsds_WPERm2
1	2.71	-10.11	0.00	2.36	99.40	28.41	99.27
2	2.80	-8.72	0.00	3.97	63.93	25.73	96.38
3	1.79	-10.50	0.00	2.68	100.00	28.94	98.07
4	0.12	-9.22	0.09	3.06	95.93	36.06	81.88
5	-1.52	-11.45	0.06	2.40	100.00	47.65	69.44
6	-1.72	-15.41	0.00	3.29	100.00	33.13	102.36
7	4.18	-10.14	0.00	2.77	58.44	20.25	101.18
8	3.50	-10.83	0.00	3.17	46.22	15.02	102.48
9	0.96	-11.21	0.00	2.27	45.06	14.44	102.26
10	1.08	-11.45	0.00	2.60	66.43	27.06	103.27
11	-0.93	-13.84	0.00	2.37	87.25	22.67	106.95
12	3.21	-12.43	0.00	3.79	45.98	7.46	107.78
13	1.79	-11.71	0.00	3.70	21.38	9.27	108.26
14	1.66	-12.33	0.00	2.38	58.78	13.32	107.17
15	-2.03	-14.32	0.04	2.59	59.25	20.52	94.57
16	-7.31	-17.90	0.26	2.08	100.00	32.22	102.40
17	-3.03	-16.90	0.00	2.56	100.00	67.60	109.84
18	-3.59	-15.30	0.00	3.39	100.00	60.90	110.76
19	-2.62	-15.88	0.09	3.79	100.00	40.86	112.96
20	-3.71	-15.29	0.00	4.59	100.00	35.51	114.25
21	2.31	-14.50	0.00	3.88	66.32	13.46	113.68
22	5.21	-9.73	0.00	3.19	60.01	21.41	116.26
23	6.12	-8.21	0.00	3.19	43.76	16.41	118.05
24	1.79	-11.01	0.05	5.06	49.84	12.65	118.08
25	-6.10	-16.03	0.00	6.16	88.70	24.23	120.18
26	-7.92	-19.11	0.00	4.55	92.77	34.91	121.38
27	-3.92	-16.81	0.03	4.81	98.18	40.73	121.27
28	1.26	-13.13	0.00	2.96	100.00	44.68	115.35
29	-3.00	-13.83	0.00	3.76	99.95	39.29	116.40
30	-1.89	-14.12	0.10	5.93	87.97	28.81	115.10
31	-8.68	-17.63	0.20	4.58	100.00	28.04	96.87
32	-13.04	-20.77	0.17	6.00	95.34	46.09	87.84
33	-7.56	-21.39	0.00	7.31	80.95	54.69	134.00
34	-3.54	-16.12	0.00	3.39	65.71	33.80	134.91
35	-4.49	-16.24	0.00	2.66	74.25	36.71	126.66
36	-5.84	-17.14	0.00	2.85	76.31	41.83	139.51
37	-5.05	-15.16	0.00	5.88	70.17	35.64	111.03
38	-8.17	-16.91	0.00	6.58	82.99	35.31	128.49
39	-5.47	-14.79	0.00	8.37	68.67	40.39	135.44
40	-4.64	-15.04	0.39	4.64	94.93	38.55	124.58
41	-11.12	-25.86	1.30	4.96	100.00	52.03	88.37
42	-5.66	-25.05	0.00	7.00	74.05	43.67	147.92
43	-4.45	-15.90	0.00	4.48	89.49	45.32	147.60
44	-0.01	-13.34	0.00	3.59	83.48	41.91	149.31
45	4.78	-8.85	0.00	4.95	66.64	14.31	144.39
46	0.46	-7.74	0.00	4.17	62.75	16.74	152.01
47	4.16	-9.62	0.00	3.58	60.12	31.71	152.02
48	4.17	-7.16	0.00	4.19	71.50	32.84	132.05
49	3.06	-9.20	0.00	5.33	75.22	17.86	156.21
50	6.17	-6.46	0.00	4.67	64.85	21.93	155.92
51	3.36	-8.75	0.69	5.24	55.12	25.67	139.03
52	-6.64	-14.23	0.43	5.81	100.00	30.51	142.81
53	-2.58	-14.81	0.00	6.24	91.24	47.18	164.22
54	4.45	-9.55	0.00	3.47	67.27	18.01	166.29
55	5.78	-8.06	0.00	3.35	47.32	17.44	170.22
56	5.09	-7.74	0.00	3.58	46.65	13.61	170.02
57	1.29	-7.55	0.00	6.06	51.88	15.62	135.31
58	-0.46	-11.36	0.00	3.77	72.94	21.88	174.20
59	2.28	-11.03	0.07	2.28	51.48	23.03	174.92
60	0.91	-11.13	0.19	2.50	95.29	20.65	139.69
61	2.09	-12.22	0.68	4.56	100.00	34.70	160.63
62	-1.88	-12.42	0.94	4.51	100.00	32.90	152.01
63	-5.22	-17.51	0.52	6.19	100.00	51.75	144.42
64	-1.42	-17.72	0.19	2.88	92.51	27.07	187.29
65	-2.31	-14.30	0.44	2.68	99.30	47.09	164.73
66	-6.00	-15.13	0.69	3.48	100.00	47.11	160.08
67	-3.53	-17.33	0.06	2.98	100.00	53.74	180.90
68	-2.30	-15.61	0.06	2.39	97.84	44.57	189.66
69	-2.11	-13.59	0.14	2.18	99.48	41.05	145.58
70	-1.69	-14.19	0.28	3.08	97.91	45.16	183.90
71	0.09	-13.23	0.47	2.98	100.00	39.80	179.68
72	-2.18	-12.43	0.00	2.89	99.96	39.08	100.21
73	0.80	-12.32	0.00	3.10	87.66	32.86	188.64
74	1.81	-11.33	0.00	3.46	84.93	27.85	195.66
75	3.89	-10.62	0.07	4.18	75.85	24.74	196.58
76	-2.67	-11.80	0.03	6.29	83.56	21.59	158.65
77	-3.93	-13.14	0.09	1.98	100.00	26.57	132.58
78	0.67	-15.48	0.11	2.84	96.26	42.40	189.99
79	1.82	-9.71	0.33	4.42	85.73	38.07	161.22
80	-3.07	-12.38	0.31	7.49	100.00	33.41	162.84
81	-1.09	-13.82	0.00	2.55	100.00	46.44	191.11
82	0.33	-12.18	0.73	3.59	86.62	36.45	174.08
83	1.20	-10.39	0.39	3.18	100.00	34.45	190.50
84	3.58	-13.02	0.00	3.58	99.33	20.41	209.21
85	6.22	-7.21	0.00	4.86	58.50	23.13	185.08
86	2.53	-7.39	0.54	7.73	69.41	19.30	174.26
87	-1.39	-13.99	1.05	5.21	99.27	23.37	194.00
88	0.68	-15.24	0.06	5.88	100.00	39.26	213.70
89	2.39	-11.51	0.05	7.05	89.60	20.81	202.53
90	-3.64	-15.33	0.00	9.05	74.51	22.66	230.29
91	4.96	-10.70	0.04	5.53	54.51	18.32	216.65
92	5.89	-7.32	0.00	5.46	56.81	21.06	199.70
93	-1.01	-10.83	1.01	4.27	89.12	23.51	189.98
94	-6.35	-13.61	0.06	6.36	82.00	27.06	142.55
95	1.94	-14.84	0.00	4.73	59.01	23.72	224.52
96	4.66	-7.33	0.13	5.73	43.75	18.22	219.39
97	4.77	-6.11	0.10	5.80	54.54	23.92	217.14
98	0.45	-7.74	0.46	4.22	96.84	23.50	200.95
99	7.06	-7.11	0.00	5.13	64.73	29.66	225.62
100	8.56	-4.09	0.00	4.75	46.88	19.02	227.82
101	8.47	-3.91	0.00	4.35	47.70	17.82	208.10
102	8.46	-4.57	0.00	4.26	47.33	21.16	228.82
103	6.47	-4.98	0.00	2.59	52.39	21.87	171.19
104	8.07	-5.86	0.00	4.49	76.00	27.21	229.73
105	9.37	-3.43	0.00	3.86	74.99	27.53	202.21
106	9.77	-4.28	0.00	5.37	70.52	22.97	234.64
107	12.39	-3.08	0.10	3.09	63.27	19.72	232.21
108	9.88	-2.51	0.33	3.09	52.22	18.52	225.24
109	6.06	-3.78	1.57	3.30	98.78	30.78	191.72
110	7.55	-6.53	0.43	3.26	99.42	33.03	231.77
111	6.46	-5.70	0.11	5.23	67.16	27.71	221.69
112	2.76	-6.61	0.03	4.47	71.88	30.52	216.14
113	8.97	-6.22	0.00	2.49	62.37	28.61	242.44
114	11.07	-3.70	0.00	2.76	61.10	25.22	244.45
115	14.18	-1.69	0.00	3.08	56.01	21.67	236.71
116	13.17	-1.22	0.00	4.16	49.86	17.72	247.52
117	11.19	-2.78	0.00	2.40	45.56	15.55	203.64
118	10.37	-1.64	0.00	3.07	73.38	22.13	250.81
119	12.15	-2.33	0.00	3.66	53.49	26.69	249.02
120	9.79	-1.47	0.00	3.09	57.29	25.34	241.29
121	10.19	-2.11	0.12	3.00	68.93	36.51	269.34
122	10.42	1.10	0.48	4.28	71.10	32.29	256.94
123	7.14	-0.41	0.97	3.04	90.06	31.12	251.35
124	4.28	-5.93	0.74	2.69	70.50	40.10	284.31
125	6.99	-6.50	0.71	3.89	98.80	35.46	264.57
126	5.10	-2.72	0.36	4.26	91.97	31.65	277.31
127	1.89	-5.56	0.17	4.93	57.80	26.46	273.04
128	0.78	-8.58	0.68	4.45	54.75	24.26	254.74
129	-2.40	-10.72	0.19	4.49	89.06	28.69	254.58
130	4.58	-8.73	0.00	2.76	75.16	33.65	269.86
131	5.69	-3.60	0.33	5.66	68.49	27.49	245.06
132	3.91	-7.36	0.35	4.13	62.05	23.05	210.90
133	0.67	-8.39	0.17	2.98	92.24	35.15	289.80
134	8.57	-6.26	0.00	3.24	74.43	30.14	289.96
135	8.08	-1.34	0.20	5.46	53.43	23.06	262.64
136	3.46	-3.91	1.08	2.18	76.04	23.76	235.65
137	0.77	-5.81	0.93	4.89	88.13	44.95	229.58
138	2.44	-5.74	0.17	4.61	95.88	58.59	274.83
139	9.33	-5.38	0.04	3.10	94.52	35.34	288.01
140	8.09	-1.56	0.05	6.45	64.47	26.74	231.83
141	1.78	-2.64	0.08	7.65	57.05	30.90	254.72
142	4.88	-4.41	0.24	5.46	71.96	39.13	271.60
143	7.38	-3.71	0.30	3.10	82.65	38.88	294.47
144	8.99	-2.42	0.16	2.16	77.53	35.20	288.30
145	8.80	-1.28	0.09	2.67	64.84	32.16	246.32
146	10.67	-0.88	0.09	2.76	71.04	36.86	243.96
147	10.79	-0.11	0.11	2.38	68.76	35.04	280.64
148	11.28	1.99	1.35	2.40	85.08	32.70	275.50
149	7.22	-0.72	1.72	3.19	93.26	36.62	239.54
150	9.79	-2.12	0.60	2.60	97.28	45.37	284.08
151	11.54	-0.34	0.10	2.96	69.63	34.76	278.25
152	11.94	-1.23	0.17	2.27	61.72	24.77	274.53
153	13.32	-1.32	0.71	2.31	50.13	21.61	289.14
154	10.66	1.24	1.06	2.40	76.84	21.71	247.46
155	12.35	-1.34	0.18	2.11	76.30	33.06	290.10
156	13.23	-1.14	0.00	2.61	58.07	33.66	284.34
157	16.55	0.67	0.00	2.87	69.02	24.22	294.53
158	17.45	4.06	0.00	5.45	44.38	20.15	284.42
159	17.55	4.98	0.00	6.25	38.84	19.56	288.84
160	17.65	4.68	0.00	5.13	41.39	19.38	287.11
161	18.01	3.67	0.00	2.74	50.18	19.84	277.25
162	17.54	4.54	0.05	3.32	42.55	17.99	295.17
163	17.45	3.54	0.00	5.04	51.53	14.47	299.03
164	15.52	2.84	0.00	5.83	35.05	13.37	300.13
165	8.59	-2.49	0.00	4.52	41.40	13.65	268.69
166	5.92	-8.16	0.00	4.58	55.69	17.49	303.28
167	13.02	-5.44	0.00	3.96	45.15	16.65	303.45
168	15.03	1.20	0.00	6.43	27.61	14.05	302.16
169	13.77	0.45	0.00	2.89	33.57	13.75	269.39
170	15.94	1.84	0.00	4.85	33.12	18.28	295.64
171	18.14	3.65	0.00	4.55	38.55	17.99	294.64
172	18.03	5.69	0.00	4.62	38.14	16.91	295.73
173	18.24	3.76	0.05	2.87	46.05	15.63	300.14
174	20.03	4.96	0.00	3.67	42.61	14.62	295.35
175	20.12	6.33	0.04	2.14	34.94	12.95	286.70
176	19.42	4.62	0.25	3.50	53.02	17.16	288.46
177	19.85	6.05	0.30	3.16	58.47	17.69	274.10
178	18.65	5.87	0.20	2.69	57.95	17.11	258.35
179	16.73	5.86	0.40	3.07	61.42	20.16	260.67
180	15.66	3.45	0.63	3.09	67.39	22.11	272.71
181	17.02	4.14	0.29	3.00	72.93	26.67	282.81
182	14.93	4.83	1.03	3.21	82.93	31.89	230.63
183	12.16	4.26	0.56	3.30	95.31	41.64	164.31
184	15.40	3.15	0.21	2.38	96.70	38.56	273.17
185	14.22	3.56	0.19	3.90	71.49	32.28	271.26
186	17.34	3.56	0.00	2.98	65.52	26.45	290.34
187	19.82	4.25	0.03	2.58	49.12	21.50	289.95
188	19.82	7.36	0.64	2.27	49.36	21.42	273.76
189	16.01	7.33	0.23	4.12	63.01	24.37	258.81
190	17.52	4.24	0.38	3.30	58.54	31.18	263.24
191	17.90	4.65	0.20	2.67	83.86	31.36	268.72
192	18.21	4.86	0.45	2.70	65.00	33.76	246.60
193	17.03	6.16	0.51	2.79	85.61	33.06	264.85
194	15.62	5.79	0.25	2.66	80.89	32.45	238.31
195	16.22	4.47	0.03	3.30	69.47	34.95	256.73
196	17.52	4.55	0.71	2.78	67.92	33.73	259.61
197	16.12	4.54	0.26	2.88	81.08	30.41	243.01
198	14.41	3.46	0.38	1.69	88.00	31.17	206.70
199	14.91	3.16	0.21	1.99	87.18	35.66	264.15
200	17.61	4.13	0.00	4.56	67.93	24.40	280.85
201	18.62	4.25	0.00	3.37	35.88	19.53	282.27
202	18.91	5.98	0.04	4.69	37.81	16.47	282.27
203	19.11	6.07	0.07	3.36	38.44	17.24	269.44
204	18.52	5.54	0.11	2.79	45.27	19.83	265.98
205	17.21	5.84	0.15	3.10	48.71	21.30	262.27
206	15.73	4.06	0.40	3.08	72.85	25.06	224.74
207	13.27	2.75	0.55	3.29	94.34	30.15	208.82
208	14.99	2.07	0.08	2.67	90.04	31.38	272.19
209	15.82	1.62	0.03	2.55	74.03	24.60	276.24
210	17.11	3.54	0.00	2.90	48.52	20.62	273.03
211	18.63	4.35	0.12	2.89	43.69	21.31	268.03
212	17.14	5.04	0.00	2.79	50.79	20.42	265.00
213	16.52	5.64	0.09	2.59	67.78	27.21	235.40
214	17.12	4.44	0.42	3.10	68.77	30.89	258.36
215	18.02	5.06	0.05	3.40	84.09	31.29	258.23
216	18.82	5.95	0.00	2.49	75.82	32.40	263.85
217	18.39	5.75	0.07	3.10	45.12	23.01	263.51
218	16.59	5.43	0.00	3.30	73.99	26.38	267.45
219	14.02	1.77	0.00	2.70	99.49	30.40	264.69
220	13.92	0.75	0.32	2.29	83.75	36.73	257.39
221	10.71	1.96	0.76	3.17	99.42	36.51	207.48
222	10.60	-1.06	0.43	2.28	100.00	44.96	230.30
223	9.52	-1.56	0.66	2.60	100.00	45.78	223.21
224	8.62	2.71	0.70	2.30	100.00	57.54	155.38
225	12.52	0.61	0.67	3.27	100.00	43.33	248.38
226	14.00	1.27	0.40	2.99	87.54	40.04	248.38
227	13.62	3.04	0.71	1.88	96.87	39.69	216.97
228	12.12	2.54	0.81	2.80	93.67	41.26	223.09
229	12.62	0.35	0.22	1.80	100.00	44.36	245.55
230	13.52	1.33	0.09	2.98	98.48	34.51	254.96
231	15.12	1.68	0.00	2.79	64.88	28.98	254.25
232	16.41	2.45	0.00	2.08	65.79	29.94	245.37
233	17.03	5.22	0.72	2.48	72.96	29.04	242.97
234	13.52	4.15	0.35	3.28	83.70	28.14	228.13
235	15.12	1.94	0.14	2.58	64.86	34.77	238.16
236	15.05	3.84	0.07	3.09	60.23	28.91	215.46
237	15.43	3.67	0.26	3.19	72.84	30.83	225.18
238	15.21	4.06	0.14	2.50	58.54	30.16	237.15
239	13.60	1.84	0.11	2.20	83.91	33.31	226.52
240	14.92	1.93	0.04	2.47	90.24	35.00	232.30
241	15.33	4.05	0.07	3.87	62.04	32.97	225.34
242	15.64	3.97	0.18	3.97	69.78	32.83	220.34
243	14.55	4.41	0.50	2.38	79.48	29.99	204.64
244	13.85	2.20	0.36	3.45	79.26	28.72	233.71
245	16.25	2.42	0.30	3.08	54.71	30.55	229.00
246	13.09	3.32	0.30	2.98	81.12	25.01	207.71
247	15.66	1.67	0.00	3.48	81.41	29.08	239.59
248	13.34	3.38	0.27	3.19	68.48	27.40	193.89
249	10.30	0.60	0.56	3.59	82.05	34.70	190.96
250	6.19	0.61	0.60	1.68	100.00	46.54	115.70
251	13.15	-1.26	0.55	2.29	92.15	39.61	233.69
252	12.87	0.50	0.43	2.47	86.03	32.77	224.97
253	11.06	1.71	0.33	2.90	79.17	33.11	199.91
254	11.85	0.22	0.00	3.48	72.68	33.90	205.47
255	12.46	0.51	0.00	2.59	65.27	34.48	218.19
256	13.56	2.21	0.05	3.20	63.58	29.17	226.28
257	13.56	2.48	0.09	1.81	50.65	25.10	221.61
258	12.65	0.67	0.04	2.92	75.25	24.31	219.34
259	10.62	-1.79	0.00	2.20	86.64	34.96	222.93
260	10.74	-3.01	0.00	2.66	85.87	24.16	227.26
261	14.37	-2.12	0.00	2.89	37.70	14.85	226.09
262	13.76	0.51	0.00	4.59	28.11	14.65	221.87
263	14.05	1.81	0.00	3.87	48.56	17.09	209.27
264	12.55	1.42	0.00	4.17	60.58	25.39	197.06
265	14.46	1.91	0.00	4.30	62.26	27.67	205.31
266	12.15	0.89	0.05	2.90	57.56	25.92	159.31
267	11.46	0.41	0.10	2.29	69.77	27.87	194.24
268	10.77	-0.71	0.00	5.86	74.36	25.60	200.77
269	9.34	-2.72	0.00	4.43	67.18	17.80	209.88
270	12.17	-2.57	0.00	3.78	44.48	20.66	205.17
271	13.76	0.89	0.00	4.66	41.26	20.45	202.99
272	13.36	1.41	0.00	4.86	56.62	20.56	191.94
273	10.95	1.18	0.00	3.69	56.65	22.92	177.60
274	10.93	-1.65	0.00	2.58	88.97	29.42	202.83
275	10.94	0.84	0.07	3.86	75.87	34.97	171.22
276	5.63	-1.54	0.06	5.06	82.78	46.24	173.66
277	8.11	-3.80	0.14	4.16	93.87	45.23	180.53
278	5.82	-2.13	0.09	4.53	88.47	33.46	197.41
279	8.82	-3.73	0.00	3.08	85.04	35.92	199.02
280	9.62	-3.35	0.00	3.76	71.56	30.82	197.83
281	7.04	-1.72	0.03	5.35	69.91	31.12	153.41
282	4.53	-2.34	0.00	2.91	84.56	34.94	185.94
283	7.94	-5.41	0.00	4.06	79.67	40.82	188.42
284	8.65	-0.55	0.03	7.53	68.11	31.09	182.08
285	5.02	-4.22	0.00	5.64	80.35	29.83	159.39
286	4.22	-1.57	0.19	3.93	72.08	37.25	116.29
287	4.34	-3.67	0.83	3.44	99.30	36.34	165.91
288	-0.75	-4.53	1.72	4.15	100.00	36.34	127.80
289	-1.25	-8.33	0.25	4.86	100.00	54.53	134.67
290	0.13	-9.21	0.00	5.08	90.87	58.46	168.39
291	3.81	-8.63	0.00	3.06	96.17	34.70	178.12
292	6.82	-5.76	0.00	4.27	56.71	18.44	179.84
293	6.44	-5.14	0.00	3.77	34.23	17.93	176.62
294	3.12	-7.19	0.00	2.07	77.81	20.68	171.62
295	0.69	-8.19	0.00	2.73	74.43	28.92	170.22
296	2.99	-8.69	0.00	3.83	74.00	32.52	167.94
297	-0.27	-8.17	0.60	3.15	76.89	31.63	131.26
298	-4.56	-11.06	0.10	3.26	100.00	45.65	163.11
299	8.01	-8.55	0.03	4.15	87.27	24.54	160.04
300	7.73	-4.05	0.00	4.14	48.27	24.46	153.13
301	6.53	-4.16	0.00	4.84	56.53	26.50	143.11
302	4.22	-3.26	0.32	7.64	76.47	34.03	136.53
303	-4.16	-9.43	0.85	3.70	94.71	34.62	133.34
304	-3.39	-11.28	0.43	3.79	100.00	65.71	155.62
305	3.20	-9.87	0.00	5.89	91.13	39.28	148.56
306	3.74	-6.89	0.00	4.90	88.57	39.67	144.27
307	5.79	-6.79	0.00	2.76	79.11	30.82	146.34
308	7.49	-5.79	0.00	3.47	72.67	19.40	145.85
309	5.39	-6.66	0.00	2.26	48.95	19.46	141.06
310	7.00	-4.63	0.00	3.25	56.71	25.95	125.78
311	4.31	-4.79	0.49	3.89	81.26	28.43	120.71
312	0.40	-7.55	0.08	2.80	95.14	33.01	106.21
313	1.48	-11.47	0.00	3.07	79.63	39.89	138.46
314	3.53	-8.59	0.00	2.10	71.00	24.38	138.38
315	3.41	-9.29	0.00	2.06	54.09	22.47	135.46
316	5.49	-8.01	0.00	3.47	51.50	23.15	132.78
317	7.30	-5.58	0.00	3.97	45.59	24.05	127.58
318	6.81	-3.97	0.00	5.83	62.68	26.15	126.58
319	5.10	-5.02	0.00	5.12	70.34	29.19	118.54
320	8.80	-3.75	0.00	3.46	73.04	29.63	124.40
321	9.71	-3.67	0.00	4.58	52.09	14.07	125.89
322	-0.19	-11.46	0.28	7.57	85.61	13.18	92.24
323	-5.52	-14.99	0.00	4.06	90.85	37.40	122.49
324	2.01	-13.99	0.00	3.94	81.89	21.70	121.30
325	2.08	-10.66	0.00	5.04	79.01	24.84	115.97
326	2.90	-7.77	0.00	5.96	76.56	30.12	115.27
327	2.36	-8.96	0.51	5.11	97.95	32.26	104.27
328	6.48	-5.19	0.00	5.93	73.26	21.48	117.69
329	2.01	-11.26	0.76	4.56	54.85	20.99	105.10
330	-6.43	-16.56	0.11	2.46	100.00	26.82	115.50
331	-3.73	-14.84	0.18	3.04	90.12	42.00	110.72
332	-3.62	-13.81	0.08	2.96	92.94	49.85	110.61
333	-1.90	-12.81	0.77	2.45	97.16	54.14	95.37
334	-8.95	-15.61	0.07	8.73	100.00	43.87	108.60
335	-7.99	-18.67	0.07	7.93	77.06	65.76	105.67
336	-3.66	-13.83	0.00	8.99	70.78	61.10	106.37
337	-3.18	-9.69	0.00	6.40	75.58	54.21	107.38
338	1.07	-9.91	0.00	3.66	62.63	28.75	106.67
339	1.22	-6.58	0.00	4.97	48.77	30.35	105.77
340	4.64	-5.28	0.00	5.36	50.21	26.46	104.18
341	5.05	-4.66	0.00	3.46	46.66	23.10	102.77
342	4.63	-5.48	0.00	3.56	52.09	25.35	102.39
343	7.11	-4.09	0.00	4.38	43.30	16.42	100.27
344	4.74	-4.84	0.00	4.39	36.70	19.85	99.09
345	-0.63	-6.98	0.36	3.28	77.00	25.27	70.58
346	-1.58	-9.41	0.00	3.23	81.93	33.78	102.77
347	-3.79	-11.57	0.28	3.46	81.31	34.75	93.12
348	-3.21	-12.90	0.14	6.13	97.40	54.06	90.01
349	-1.79	-10.58	0.34	6.80	80.08	52.20	96.26
350	-5.27	-13.96	0.25	6.03	90.71	49.65	97.05
351	-10.99	-17.07	0.25	3.65	94.98	53.46	103.87
352	-2.92	-15.68	0.00	4.48	67.16	39.11	101.39
353	-0.68	-8.41	0.03	5.23	69.96	33.94	86.34
354	0.34	-3.94	0.31	8.60	79.44	58.12	88.88
355	-3.50	-10.79	1.35	2.56	98.55	55.58	46.35
356	-10.31	-17.88	0.87	2.78	99.91	55.28	82.27
357	-14.81	-23.36	0.00	3.86	80.44	49.50	103.48
358	-10.79	-23.39	0.00	4.66	68.63	38.01	104.29
359	-9.27	-17.27	0.23	4.55	76.66	44.12	97.88
360	-13.79	-20.56	0.18	4.66	87.05	51.14	101.67
361	-10.05	-19.28	1.43	2.96	99.58	59.20	68.52
362	-13.88	-22.27	0.00	4.23	80.12	49.11	93.80
363	-7.10	-20.25	0.00	5.12	73.70	60.02	103.29
364	-3.16	-9.97	0.65	5.44	90.23	60.83	91.79
365	-6.69	-12.42	0.57	3.72	90.42	53.39	95.28
