# weather for site gridmet example at -105.58 / 39.59 year =  1980
# DOY, Tmax_C, Tmin_C, PPT_cm, sfcWind_mPERs, hursmax_pct, hursmin_pct, rsds_WPERm2
1	-3.18	-12.32	0.75	3.16	74.17	31.42	93.43
2	-7.47	-17.53	0.16	3.08	100.00	45.43	62.40
3	-5.49	-19.73	0.09	5.08	83.53	38.31	97.25
4	-4.09	-14.61	0.00	4.83	76.36	48.42	98.57
5	-0.49	-12.20	0.00	5.93	75.18	37.81	99.56
6	-4.01	-15.73	0.66	8.55	63.22	28.94	101.83
7	-8.99	-18.31	0.29	4.77	94.24	48.81	83.69
8	-6.56	-18.60	0.55	6.18	83.57	50.66	84.40
9	-3.28	-14.32	0.19	5.05	75.06	53.04	101.27
10	-2.58	-11.95	0.49	10.07	88.49	51.53	94.01
11	-7.69	-19.43	0.07	5.44	79.21	33.63	102.55
12	-0.66	-11.63	0.39	7.90	91.83	55.05	94.64
13	-0.34	-6.65	0.09	5.76	84.86	53.88	102.87
14	1.84	-7.11	0.00	4.16	84.82	49.71	101.95
15	-1.47	-9.66	0.00	3.19	88.35	34.35	104.86
16	-3.63	-12.83	0.00	2.49	86.95	37.00	91.15
17	-3.64	-14.38	0.60	3.09	95.44	43.91	100.81
18	-5.05	-14.03	0.96	3.79	98.84	47.13	89.72
19	-10.02	-18.38	0.24	2.96	100.00	60.81	99.18
20	-4.19	-16.38	0.04	2.97	91.31	42.67	114.47
21	-4.76	-15.25	0.05	2.89	77.27	42.25	103.52
22	-8.50	-22.42	0.00	4.27	89.88	34.86	119.05
23	-3.60	-17.24	0.00	5.18	60.97	33.60	116.35
24	-0.78	-11.33	0.08	6.76	63.83	39.22	117.15
25	-4.70	-15.67	0.77	4.15	84.19	37.65	106.71
26	-8.91	-20.27	0.40	3.00	99.57	47.62	106.83
27	-4.93	-16.87	0.18	5.32	76.73	53.29	112.25
28	-6.23	-14.42	0.51	2.80	98.13	51.16	101.26
29	-4.05	-14.35	0.54	5.47	98.82	62.55	108.96
30	-8.08	-18.67	0.02	3.90	89.93	46.95	127.95
31	-3.79	-18.50	0.00	3.37	68.57	26.31	128.77
32	-2.49	-12.90	0.00	5.06	62.46	24.41	130.80
33	-2.37	-12.73	0.00	5.36	96.58	44.84	131.59
34	2.40	-9.98	0.00	4.75	89.05	32.52	128.80
35	-1.27	-10.03	0.00	5.71	86.31	33.75	130.29
36	-0.61	-12.21	0.00	4.40	65.03	23.50	138.31
37	1.91	-8.59	0.00	3.43	52.21	13.37	126.21
38	-4.52	-18.49	1.88	6.56	100.00	36.54	118.06
39	-10.17	-23.67	0.15	2.47	100.00	55.46	145.41
40	-3.49	-20.98	0.00	3.79	89.15	9.98	146.30
41	-2.89	-15.48	0.00	4.14	63.68	25.16	147.20
42	-5.12	-17.45	0.00	2.74	72.97	26.97	145.36
43	-3.78	-16.58	0.00	4.67	85.32	51.28	148.48
44	-1.75	-13.73	0.00	4.85	80.28	50.62	148.80
45	0.05	-11.08	0.37	3.82	86.85	49.06	142.58
46	-1.45	-10.11	0.35	2.23	100.00	59.03	117.92
47	-2.31	-10.87	0.08	2.85	100.00	60.20	143.15
48	-1.16	-12.21	0.08	4.26	99.00	63.65	144.30
49	2.20	-7.80	0.38	5.34	96.32	58.82	124.41
50	-1.14	-9.63	0.32	4.85	100.00	54.18	144.18
51	-1.44	-10.05	0.03	5.55	96.60	56.92	133.29
52	-2.33	-11.37	0.13	4.96	95.97	52.45	161.09
53	-3.14	-13.66	0.03	3.89	97.29	51.53	145.03
54	-4.55	-14.93	0.36	3.36	99.36	47.35	153.70
55	-6.17	-17.17	0.07	5.26	100.00	48.15	170.69
56	2.02	-13.49	0.00	3.47	75.78	16.33	172.49
57	1.43	-8.89	0.09	5.05	52.12	16.81	169.01
58	5.86	-6.28	0.00	4.87	65.97	30.37	168.90
59	6.66	-4.41	0.20	3.96	50.11	16.99	172.12
60	-0.92	-13.90	0.29	4.06	92.38	21.80	139.78
61	-5.09	-17.13	0.00	2.96	85.19	39.84	183.86
62	-0.19	-14.01	0.00	4.08	75.93	24.28	177.34
63	1.41	-8.83	0.26	4.04	74.69	40.87	168.01
64	-2.72	-13.34	0.22	5.32	90.79	44.32	166.63
65	-2.86	-13.92	0.00	5.04	79.72	47.75	186.75
66	-1.59	-10.78	1.22	3.42	93.57	46.37	172.48
67	-3.89	-13.75	0.33	3.42	99.71	48.86	158.09
68	-4.59	-16.15	0.00	5.04	83.60	44.83	187.56
69	-3.70	-13.28	0.00	8.32	71.16	32.58	193.26
70	2.28	-9.96	0.00	5.53	59.05	32.43	192.94
71	0.88	-9.43	0.09	2.95	60.81	16.03	184.41
72	-2.62	-13.33	0.00	7.83	76.50	25.65	151.62
73	1.38	-14.33	0.00	5.80	53.56	28.01	200.06
74	3.80	-9.29	0.00	4.94	59.75	28.41	200.05
75	3.81	-7.55	0.49	6.43	46.97	23.79	200.76
76	-4.67	-16.70	0.43	3.81	95.92	20.36	182.52
77	-2.34	-19.77	0.00	4.66	77.00	38.28	212.47
78	2.31	-10.13	0.00	4.86	56.67	18.43	210.86
79	-0.78	-12.05	0.00	4.89	61.92	24.48	178.78
80	-2.22	-12.59	0.03	3.35	80.20	36.80	214.76
81	0.15	-13.74	0.00	4.16	58.96	35.91	216.12
82	-3.08	-11.31	0.52	4.59	98.57	37.34	184.55
83	-3.71	-14.38	0.18	2.38	100.00	52.81	201.63
84	-2.89	-16.94	0.00	3.38	90.33	55.87	214.32
85	-3.19	-13.38	0.24	4.53	96.52	43.72	183.28
86	-5.39	-17.97	0.34	3.35	86.35	38.14	193.47
87	-3.92	-18.08	1.00	2.81	98.79	41.92	190.94
88	-6.60	-14.47	0.41	5.50	100.00	61.95	193.69
89	-5.34	-15.38	0.28	4.71	98.07	58.99	188.78
90	-1.62	-16.86	0.79	3.98	99.31	39.29	220.88
91	-4.97	-13.20	1.10	3.38	98.32	48.20	210.65
92	-6.08	-16.35	0.23	3.40	98.66	50.78	193.54
93	-6.44	-14.82	0.52	3.69	98.72	59.84	185.20
94	-4.69	-16.38	0.00	3.24	82.65	50.36	204.12
95	-0.36	-13.54	0.00	3.45	75.10	47.17	219.58
96	2.85	-9.46	0.00	4.64	63.50	34.55	207.00
97	-0.34	-9.11	0.44	6.86	72.94	33.26	182.93
98	-5.15	-14.42	0.18	6.48	91.55	30.11	142.60
99	-2.56	-16.73	0.00	5.38	59.36	33.26	230.03
100	2.63	-10.73	0.08	4.45	60.34	32.50	208.68
101	1.55	-9.52	0.00	4.58	60.35	28.48	201.34
102	-5.24	-13.57	1.37	5.02	98.15	29.22	201.30
103	-6.64	-19.40	0.02	4.09	97.22	49.39	234.90
104	-3.71	-18.80	0.00	4.40	72.95	45.16	241.11
105	1.78	-13.30	0.00	4.69	60.95	27.74	241.31
106	3.39	-7.92	0.00	3.89	54.34	35.76	238.01
107	0.18	-10.22	0.00	5.69	53.93	27.45	243.39
108	3.69	-10.81	0.00	3.08	51.13	19.68	245.49
109	7.39	-6.61	0.00	3.39	53.15	15.97	246.12
110	8.59	-4.43	0.00	2.99	46.97	20.42	243.62
111	9.18	-4.23	0.00	4.01	44.70	15.78	244.40
112	9.59	-2.73	0.00	3.61	54.13	20.27	228.56
113	9.47	-3.05	0.08	3.09	56.47	27.97	223.06
114	5.16	-2.09	2.73	4.09	91.19	29.26	216.76
115	0.23	-7.66	2.71	6.64	99.94	40.50	185.58
116	-1.22	-12.02	0.50	3.88	94.26	48.84	239.64
117	0.76	-13.38	0.08	2.38	82.13	48.60	244.22
118	4.26	-11.17	0.04	1.70	80.08	43.79	248.04
119	6.96	-6.73	0.07	2.56	72.67	33.25	248.32
120	9.06	-3.33	0.61	2.70	58.13	33.15	213.05
121	2.98	-4.09	3.28	5.19	99.05	29.71	185.18
122	-1.19	-6.28	1.43	3.86	98.27	56.11	172.81
123	2.22	-9.43	0.46	2.20	91.57	48.37	244.22
124	5.99	-6.26	0.27	2.18	80.24	35.06	278.25
125	6.48	-5.06	0.58	1.88	81.39	32.87	261.04
126	5.88	-3.76	0.15	2.30	79.48	34.55	259.05
127	6.77	-4.17	0.41	2.46	71.97	37.72	239.99
128	4.68	-4.33	0.85	2.49	80.63	37.15	200.81
129	4.36	-2.29	0.67	1.98	93.90	43.04	206.90
130	6.69	-5.18	0.00	4.87	83.45	30.53	268.59
131	5.21	-4.26	0.11	4.44	63.45	30.79	230.70
132	4.08	-2.34	0.42	3.40	81.11	37.10	164.56
133	-0.75	-8.88	0.24	5.85	73.08	40.26	239.64
134	3.39	-11.23	0.13	2.38	65.99	35.25	274.53
135	5.57	-6.90	1.23	2.60	65.74	35.18	262.67
136	0.57	-4.40	1.03	4.11	98.55	33.30	239.24
137	2.78	-5.68	1.56	3.30	97.94	56.46	242.22
138	1.73	-5.38	0.61	2.16	94.09	44.07	236.48
139	4.79	-7.78	0.11	2.99	71.50	41.08	294.09
140	7.49	-5.06	0.00	3.87	61.32	35.06	287.17
141	9.21	-2.86	0.00	3.59	60.76	32.63	296.41
142	12.50	-1.19	0.00	2.49	57.76	28.49	300.21
143	14.99	1.61	0.23	3.30	61.94	25.36	289.56
144	10.48	1.47	0.00	4.16	63.14	26.04	301.78
145	9.32	-2.58	0.00	6.76	44.54	23.41	299.10
146	4.99	-7.41	0.00	6.86	45.66	21.81	311.50
147	8.50	-6.69	0.00	5.06	42.91	21.34	304.56
148	9.52	-2.01	0.00	5.40	41.01	22.61	269.86
149	9.60	-2.28	0.00	4.86	47.84	23.68	308.92
150	6.69	-2.99	0.00	4.86	41.99	25.58	289.47
151	9.79	-3.13	0.00	3.76	56.83	29.00	308.01
152	10.08	-2.49	0.00	5.76	37.77	21.12	310.27
153	9.58	-3.41	0.00	4.95	47.43	17.85	291.03
154	10.07	-3.89	0.00	4.66	49.07	17.48	292.42
155	14.77	-1.79	0.00	4.67	40.10	16.03	300.45
156	15.17	-0.67	0.00	5.65	33.56	15.63	299.94
157	14.57	-0.27	0.00	5.35	34.96	14.84	300.24
158	14.79	0.69	0.00	6.83	35.06	16.59	297.76
159	13.45	-1.18	0.00	2.81	46.61	16.40	298.50
160	15.34	-0.79	0.00	3.00	60.07	21.44	296.72
161	15.36	-1.56	0.00	2.72	78.49	22.30	296.62
162	16.98	0.20	0.00	3.52	73.38	24.15	293.44
163	17.97	2.41	0.00	4.36	65.05	16.54	299.03
164	16.27	1.62	0.00	5.15	33.29	16.24	300.13
165	16.47	0.92	0.00	4.65	40.13	14.28	302.93
166	16.67	1.51	0.00	5.64	30.28	13.47	303.55
167	13.05	-1.67	0.00	3.06	33.39	13.08	298.37
168	13.47	-2.19	0.00	2.24	51.86	17.81	299.44
169	16.45	-1.06	0.00	2.65	41.29	18.97	296.13
170	18.17	2.61	0.00	2.35	47.27	18.62	268.71
171	16.65	3.32	0.00	2.73	39.76	16.76	285.82
172	17.16	2.11	0.00	2.29	37.92	17.94	291.24
173	16.88	2.51	0.00	4.27	53.56	15.96	268.45
174	17.86	1.01	0.00	2.56	44.58	16.44	296.91
175	20.38	2.62	0.00	5.16	42.62	13.79	301.75
176	19.37	3.84	0.00	4.28	38.77	13.29	293.04
177	20.87	3.63	0.00	3.56	36.94	16.04	297.93
178	21.67	5.42	0.00	5.06	41.96	15.76	275.74
179	17.65	5.52	0.00	6.53	38.21	15.36	296.96
180	17.26	2.14	0.00	4.55	36.99	13.96	299.75
181	19.67	3.82	0.00	3.86	35.87	14.76	278.86
182	20.63	4.74	0.29	3.87	42.25	17.88	246.18
183	17.02	4.12	0.79	2.79	68.01	20.71	248.38
184	16.71	1.31	0.29	3.37	99.65	28.96	279.23
185	16.92	1.03	0.00	3.08	72.51	27.95	263.98
186	18.02	2.23	0.00	3.27	66.89	22.67	290.46
187	19.22	1.74	0.00	4.25	52.97	18.71	291.26
188	20.22	2.54	0.15	3.87	35.23	16.52	281.49
189	19.32	4.44	0.36	3.31	58.51	17.00	252.48
190	17.64	3.59	0.00	3.95	79.13	24.05	284.29
191	19.62	2.74	0.11	2.68	62.57	27.72	277.48
192	20.12	5.82	0.82	2.89	81.14	25.93	272.26
193	19.53	5.81	0.56	2.29	68.22	23.75	274.72
194	17.94	5.72	0.82	3.98	76.35	24.13	259.83
195	16.83	3.52	0.14	3.59	74.90	26.43	248.06
196	16.82	1.73	0.00	3.19	73.18	30.25	277.55
197	17.22	2.52	0.00	4.69	60.42	21.25	287.18
198	17.84	2.12	0.00	3.09	42.91	21.94	284.95
199	19.32	3.63	0.00	3.57	54.57	21.46	281.75
200	19.61	4.90	0.00	3.01	44.95	21.64	274.09
201	18.92	5.22	0.00	5.37	54.99	20.63	276.02
202	18.41	3.72	0.00	2.88	51.91	19.57	279.13
203	18.02	3.80	0.04	1.90	68.83	22.47	279.13
204	19.22	3.42	0.05	2.58	80.44	25.76	271.05
205	19.12	4.73	0.37	2.47	62.29	22.28	258.30
206	18.84	5.12	0.32	3.49	51.68	19.58	259.45
207	18.11	3.44	0.13	2.16	68.42	20.75	248.87
208	16.62	2.72	0.00	3.53	61.83	21.00	277.79
209	17.34	2.12	0.00	3.17	47.85	19.78	278.04
210	19.32	2.61	0.00	2.79	46.04	20.38	273.96
211	20.54	4.63	0.00	4.59	38.47	21.04	259.63
212	17.43	5.02	0.21	3.19	55.36	19.97	247.22
213	17.55	4.67	0.00	3.49	67.35	22.65	271.59
214	19.22	6.06	0.11	4.09	57.24	26.24	257.56
215	18.23	5.58	0.00	3.67	60.85	27.13	267.05
216	18.25	5.59	0.00	5.76	58.60	25.05	263.43
217	16.52	2.76	0.00	4.61	62.32	22.09	270.68
218	19.22	3.66	0.07	4.47	47.88	23.78	259.01
219	20.44	5.08	0.03	3.81	55.81	22.89	259.87
220	20.14	6.57	0.19	3.49	50.32	20.32	252.28
221	19.12	8.31	0.58	2.82	56.20	23.29	249.06
222	19.92	5.96	0.10	2.88	92.21	23.59	262.98
223	19.22	4.97	0.00	3.59	55.52	22.59	253.62
224	18.21	3.05	0.00	2.99	76.84	21.41	261.87
225	19.12	4.85	0.06	2.79	64.53	20.39	247.85
226	18.13	5.05	0.23	2.51	48.20	19.79	234.41
227	16.62	4.09	1.27	3.09	91.48	27.91	227.74
228	14.49	3.60	0.46	3.23	100.00	36.09	251.48
229	13.53	1.28	0.00	4.87	62.22	28.72	247.44
230	15.02	0.27	0.00	3.96	60.88	30.18	254.37
231	16.45	2.18	0.00	5.67	60.70	24.75	253.27
232	15.12	2.87	0.00	5.17	53.68	23.48	238.37
233	10.81	-0.72	0.08	5.26	63.86	26.91	254.77
234	14.02	-2.51	0.00	3.16	59.87	28.62	252.06
235	16.53	0.57	0.00	3.89	52.18	21.79	250.67
236	16.03	4.49	0.46	3.59	68.83	21.59	213.72
237	13.72	2.48	0.91	3.27	83.10	32.36	167.84
238	13.03	1.65	0.88	2.69	93.26	38.18	185.41
239	13.23	0.75	0.71	2.95	99.87	33.66	242.61
240	14.02	0.46	0.00	3.48	77.04	31.68	236.94
241	15.34	1.46	0.00	4.77	65.05	24.16	241.47
242	13.92	2.07	0.06	4.97	58.72	20.99	225.94
243	13.14	1.49	0.11	4.76	59.76	25.54	214.67
244	12.13	-0.09	0.19	4.45	67.72	27.04	220.19
245	12.45	-1.09	0.00	3.93	58.00	25.23	251.37
246	15.65	0.22	0.00	4.76	47.20	22.08	250.38
247	15.95	2.01	0.00	5.26	45.22	21.87	246.77
248	15.95	1.93	0.00	2.36	43.96	20.59	244.48
249	17.55	2.99	0.00	2.68	43.76	21.49	242.69
250	17.15	4.28	0.00	2.20	54.44	21.68	220.99
251	16.42	3.28	0.52	2.89	63.52	25.53	220.64
252	14.87	2.49	0.54	4.29	83.64	31.72	204.40
253	7.42	2.18	0.98	3.48	100.00	32.16	103.24
254	13.91	1.58	0.19	3.65	98.67	40.16	198.10
255	12.14	-0.51	0.00	5.67	74.58	30.65	232.39
256	11.32	-1.36	0.03	4.06	71.75	31.94	210.75
257	14.15	0.47	0.00	3.89	75.69	29.58	223.98
258	14.44	0.81	0.12	3.28	57.92	22.70	227.67
259	14.76	1.59	0.00	4.96	62.82	23.15	226.09
260	11.34	1.04	0.28	5.92	69.32	22.38	221.79
261	13.35	-1.49	0.00	4.88	48.96	21.57	225.89
262	16.36	-0.86	0.00	3.98	39.97	21.09	219.97
263	15.65	3.61	0.13	6.45	48.14	19.79	217.76
264	11.35	1.40	0.42	4.35	73.44	20.19	218.16
265	11.74	-1.37	0.00	5.06	54.36	21.59	215.55
266	8.12	-3.16	0.00	2.11	66.08	20.98	214.98
267	10.04	-5.23	0.00	3.05	60.36	19.91	215.07
268	10.03	-4.31	0.00	3.95	57.57	19.73	214.16
269	10.80	-4.53	0.00	2.98	54.65	21.01	210.96
270	13.46	-1.73	0.00	2.74	63.91	20.70	208.18
271	12.75	-1.32	0.00	2.79	37.15	19.10	205.78
272	13.65	-0.89	0.00	2.79	41.82	19.90	203.29
273	13.54	0.11	0.00	3.21	42.68	19.81	201.67
274	17.11	0.06	0.00	3.67	45.99	17.93	200.78
275	13.11	0.65	0.00	4.06	36.62	18.66	206.22
276	8.69	-3.86	0.00	2.26	64.50	19.66	207.12
277	12.22	-2.16	0.00	3.48	41.53	23.92	203.82
278	12.72	-0.94	0.00	3.97	43.17	19.29	204.13
279	11.42	-1.62	0.00	3.81	44.65	19.97	197.13
280	12.74	-2.44	0.00	2.00	59.12	21.09	198.91
281	14.14	-0.15	0.00	3.30	44.47	23.03	194.12
282	13.12	-0.93	0.00	1.99	43.10	20.47	194.34
283	12.82	-1.26	0.00	3.69	41.91	18.91	193.52
284	9.58	-4.35	0.00	2.29	61.89	20.66	188.93
285	10.22	-3.84	0.00	3.53	59.59	21.57	189.33
286	10.02	-2.44	0.00	4.36	58.57	23.34	160.09
287	7.92	-1.27	0.00	4.37	69.32	27.72	167.62
288	7.32	-3.63	0.71	4.58	72.61	28.51	175.41
289	3.02	-6.93	0.70	6.34	86.42	22.77	161.80
290	-1.71	-10.47	0.29	5.30	93.66	24.94	144.64
291	-3.49	-10.98	0.00	6.93	79.88	37.19	155.32
292	-1.08	-12.03	0.00	4.98	81.40	45.42	172.76
293	3.63	-9.96	0.00	2.50	86.84	30.76	174.74
294	5.32	-7.46	0.00	2.17	52.30	23.79	174.85
295	5.32	-8.06	0.09	3.17	57.04	23.80	172.13
296	4.24	-7.43	0.06	4.47	56.98	23.30	165.24
297	-3.99	-13.34	0.00	2.88	70.43	23.60	140.86
298	3.79	-13.79	0.00	5.04	70.83	15.26	166.54
299	7.59	-7.58	0.23	3.36	25.34	14.01	164.45
300	2.72	-7.56	0.45	3.14	70.59	14.58	139.93
301	-5.90	-13.86	0.63	4.40	99.77	26.22	95.77
302	-5.31	-16.45	0.00	2.68	97.96	62.30	154.31
303	0.17	-14.47	0.00	4.09	97.11	44.25	156.05
304	6.32	-7.28	0.00	2.96	64.15	27.95	154.43
305	8.66	-5.19	0.00	3.96	47.00	16.84	155.34
306	9.16	-4.49	0.00	2.87	37.03	17.27	148.87
307	6.46	-3.96	0.00	5.19	34.29	16.06	144.26
308	4.65	-7.06	0.00	4.06	59.17	18.76	142.19
309	6.53	-6.36	0.00	3.97	81.60	26.95	140.67
310	9.55	-4.29	0.00	3.27	80.96	26.06	141.38
311	9.26	-2.19	0.00	5.86	45.76	20.65	138.17
312	7.85	-1.61	0.00	6.43	55.01	22.23	135.87
313	5.84	-4.05	0.00	8.03	60.44	26.46	135.99
314	8.43	-5.07	0.00	3.89	56.19	21.78	134.69
315	11.43	-3.19	0.00	3.55	40.17	13.30	136.07
316	9.94	-2.56	0.00	3.16	26.44	12.49	133.59
317	5.86	-3.17	0.08	3.86	59.38	15.67	112.77
318	0.04	-12.64	1.22	2.08	100.00	35.36	95.14
319	-6.10	-13.81	0.22	1.48	100.00	57.89	99.87
320	-8.06	-19.19	0.03	1.69	98.79	58.61	130.73
321	-10.46	-23.73	0.00	2.21	100.00	54.96	128.45
322	-4.46	-23.15	0.00	3.29	100.00	32.30	129.60
323	-2.54	-14.67	0.00	2.20	53.39	16.30	126.88
324	-1.27	-12.49	0.00	2.77	51.66	27.55	123.59
325	-1.64	-12.89	0.00	2.80	62.76	30.17	119.81
326	0.95	-10.90	0.04	4.19	60.43	15.51	123.40
327	-1.46	-10.36	0.00	4.16	42.39	18.86	110.00
328	-5.60	-14.24	0.04	1.79	100.00	31.79	116.99
329	-7.76	-15.29	0.58	3.36	100.00	42.30	99.88
330	-6.27	-17.78	0.13	2.99	100.00	54.26	118.19
331	-6.67	-17.25	0.00	4.37	85.10	26.45	116.35
332	-5.40	-19.73	0.00	6.33	88.58	48.40	102.88
333	0.54	-8.99	0.00	5.84	79.65	35.73	112.20
334	3.42	-8.68	0.00	6.13	77.07	30.53	111.69
335	3.96	-6.00	0.00	6.82	50.36	19.98	112.09
336	-1.59	-12.59	0.10	4.88	52.15	17.90	89.59
337	1.69	-12.87	0.00	5.11	73.93	38.81	105.97
338	4.73	-6.31	0.00	4.86	70.35	32.69	103.77
339	3.63	-6.50	0.00	5.85	54.56	21.50	104.38
340	0.74	-8.45	0.00	4.34	87.39	31.83	100.72
341	-0.77	-10.55	0.29	3.53	100.00	36.03	83.84
342	-3.42	-12.07	0.39	1.99	100.00	49.81	64.59
343	-5.88	-15.13	0.00	1.79	100.00	56.64	102.70
344	-7.09	-16.40	0.00	3.97	95.94	49.86	95.71
345	-1.31	-15.11	0.00	5.48	85.46	37.39	104.07
346	1.74	-10.18	0.00	4.89	59.27	30.74	100.79
347	3.95	-7.10	0.00	2.68	62.77	28.65	101.10
348	0.59	-9.71	0.00	2.60	56.79	26.88	104.08
349	3.22	-9.40	0.00	4.29	61.90	23.55	103.87
350	3.07	-8.38	0.00	5.28	81.00	23.07	98.89
351	6.03	-5.04	0.00	4.98	79.19	33.55	99.69
352	8.73	-3.12	0.00	5.17	57.95	18.46	101.39
353	4.72	-7.08	0.00	3.65	43.94	17.36	100.49
354	0.11	-11.11	0.00	1.85	79.72	22.30	98.16
355	-0.19	-11.97	0.00	3.18	79.87	38.47	100.29
356	-0.97	-11.52	0.00	4.09	86.56	45.42	97.28
357	0.24	-8.41	0.06	6.32	80.52	47.96	99.19
358	-3.36	-11.92	0.11	5.28	93.06	35.04	99.37
359	0.23	-12.02	0.00	5.19	76.27	22.31	100.27
360	3.61	-5.19	0.00	9.60	59.22	18.22	97.70
361	5.71	-5.56	0.00	5.88	87.32	32.98	99.19
362	9.82	-3.42	0.00	3.89	77.26	30.36	100.09
363	4.62	-5.91	0.00	3.10	55.35	27.79	95.48
364	2.02	-9.06	0.00	2.69	82.81	22.67	104.86
365	6.54	-4.84	0.00	4.98	36.53	8.57	103.98
366	0.84	-7.48	0.00	3.06	73.51	10.85	102.39
