#DOY	Tmax_C	Tmin_C	PPT_cm
1	999	999	999
2	999	-7.86	0.72
3	-4.04	999	0.22
4	-1.26	-9.2	999
5	999	999	0.02
6	0.35	999	999
7	999	-18.17	999
8	-3.98	-16.18	1.36
9	0.97	-10	0.06
10	2.93	-7.88	0.68
11	-5.82	-23.32	0.03
12	0.47	-12.98	1.56
13	4.07	-3.01	0.2
14	3.78	-1.49	2
15	2.19	-5.05	0.02
16	-0.39	-6.58	0.16
17	0.53	-7.28	0.11
18	1.3	-7.71	0.12
19	-0.86	-11.7	0
20	999	999	999
21	999	999	999
22	999	999	999
23	999	999	999
24	999	999	999
25	999	999	999
26	999	999	999
27	999	999	999
28	999	999	999
29	999	999	999
30	-7.19	-24.98	0.03
31	-9.72	-28.58	0
32	-5.08	-19.24	0
33	0.43	-11.56	0
34	1.81	-11.55	0.01
35	2.19	-7.36	0.11
36	-1.23	-20.8	0
37	1.83	-14.71	0.11
38	0.35	-7.62	0.25
39	-4.29	-25.59	0
40	-10.81	-30.69	0
41	-7.23	-26.2	0
42	-4.48	-24.72	0
43	-3.26	-22.45	0
44	1.05	-20.23	0
45	2.7	-10.24	0.12
46	2.4	-3.61	0.45
47	2.12	-6.64	0
48	0.78	-7.37	0
49	2.39	-3.26	2.03
50	5.4	-4.41	0.51
51	1.86	-3.7	0.61
52	3.13	-4.49	0.37
53	1.55	-4.56	0.57
54	1.17	-7.54	0.43
55	1.29	-10.95	0.08
56	1.13	-16.6	0
57	1.98	-15.82	0
58	4.44	-11.43	0
59	6.21	-11.96	0.09
60	3.15	-6.54	0.75
61	1.41	-13.67	0
62	1.06	-13.95	0
63	5.37	-5.95	0.15
64	4.17	-4.5	0.78
65	4.54	-5.58	0.69
66	2.2	-4.99	1.87
67	0.96	-8.62	0.9
68	2.38	-10.42	0.12
69	1.16	-10.32	0.1
70	4.3	-10.57	0
71	2.19	-12.94	0.17
72	-0.97	-10.9	0.56
73	1.49	-18.01	0
74	5.23	-12.25	0
75	5.43	-8.28	0.45
76	1.98	-11.48	0.34
77	-1.25	-20.47	0
78	-0.42	-17.89	0
79	3.1	-14.21	0
80	4.15	-11.35	0
81	6.54	-9.21	0.24
82	5.68	-5.48	0
83	2.99	-8.28	0
84	3.77	-8	0.37
85	1.38	-6.22	0.91
86	0.65	-9.29	0.34
87	1.03	-15.02	0
88	0.73	-10.04	0.02
89	0.91	-9.46	0.01
90	2.11	-11.23	0.66
91	-0.77	-13.17	0.63
92	-0.13	-14.1	0.11
93	0.89	-11.45	0.04
94	0.99	-10.15	0.13
95	4.08	-7.77	0.12
96	9.13	-6.4	0.03
97	6.49	-4.7	0.33
98	1.04	-8.9	0.03
99	3.15	-12.85	0
100	8.43	-9.17	0.03
101	6.71	-5.68	0.71
102	2.83	-9.88	0.01
103	2.64	-12.52	0
104	4.87	-13.39	0
105	9.54	-9.84	0
106	12.67	-6.03	0
107	11.77	-5.98	0
108	14.38	-7.69	0
109	17.38	-5.8	0
110	17.66	-3.06	0
111	19.82	-1.63	0
112	21.74	-0.16	0
113	18.61	0.21	0
114	17.51	-0.39	0.25
115	15.11	0.54	0
116	14.75	-4.87	0
117	14.6	-3.91	0
118	15.25	-3.8	0
119	18.33	-2.04	0
120	20.75	1.25	0.2
121	13.77	1.42	0.97
122	12.66	1.57	0
123	16.29	-1.93	0.01
124	15.9	0	0.17
125	15.76	-1.43	0.16
126	18.48	1.46	0.14
127	16.87	4.16	0.64
128	15.47	1.09	0.98
129	13.79	0.96	0.29
130	13.61	1.74	0.44
131	14.96	2.43	0.52
132	12.13	1.02	1.54
133	7.71	-2.24	1.32
134	8.86	-1.53	0.04
135	12.93	-2.22	0.11
136	15.61	-0.68	0.04
137	13.03	0.06	0.62
138	11.64	-1.85	0.9
139	13.39	-1.93	0
140	16.2	0.13	0
141	19.41	1.25	0
142	23.46	2.95	0
143	26.54	4.27	0
144	23.32	5.91	0
145	19.54	3.94	0
146	14.45	-1.55	0
147	15.23	-4.63	0
148	19.79	-1.88	0
149	20.9	-0.92	0
150	19.05	1.55	0
151	18.46	-2.32	0
152	18.09	-1.38	0
153	16.85	-3.17	0.3
154	18.92	-2.61	0.02
155	22.97	0.85	0
156	22.21	0.62	0
157	23.74	2.67	0
158	22.82	1.8	0
159	22.12	0	0
160	24.29	2.11	0
161	26.03	3.74	0
162	28.08	4.99	0
163	27.59	4.09	0
164	25.96	2.55	0
165	25.6	1.08	0
166	24.93	2.51	0
167	22.31	-0.88	0
168	21.06	-1.38	0
169	26.44	2.9	0
170	28	5.59	0
171	25.72	6.49	0.02
172	27.12	4.43	0
173	26.88	4.93	0
174	27.55	3.08	0
175	27.88	3.91	0
176	28.66	2.52	0
177	29.96	3.41	0
178	30.39	5.73	0
179	28	6.26	0
180	25.86	0.17	0
181	28.89	4.46	0
182	28.46	9.22	0.22
183	26.49	7.83	0.2
184	22.32	10.55	0.57
185	24.73	7.08	0
186	26.34	6.6	0
187	28.41	3.69	0
188	30.36	2.81	0
189	29.81	8.03	0.62
190	26.23	9.85	0.08
191	28.24	6.37	0
192	29.25	8.49	0.02
193	29.36	11.4	0
194	28.84	8.4	0
195	25.86	9.87	0
196	25.86	5.94	0.04
197	27.24	4.82	0
198	29.11	5.43	0
199	30.71	6.61	0
200	29.94	8.23	0
201	28.93	8.08	0
202	29.24	4.38	0
203	30.38	5.67	0
204	30.68	6.58	0
205	31.08	8.35	0
206	30.68	7.89	0.16
207	28.98	5.52	0
208	28.96	6.01	0
209	30.3	3.96	0
210	31.25	4.46	0
211	30.53	6.55	0.05
212	29.73	8.65	0.09
213	28.67	6.42	0
214	28.53	9.31	0
215	28.54	6.82	0
216	28.57	4.92	0
217	26.47	1.55	0
218	28.01	1.39	0.01
219	30.19	6.32	0
220	31.86	6.43	0
221	31.7	5.89	0
222	30.51	10.96	0.01
223	29.01	5.86	0
224	28.69	1.44	0
225	29.7	2.77	0
226	29.88	7.53	0.05
227	27.41	8.79	0.6
228	22.02	9.51	1.68
229	19.24	4.24	0.11
230	22.77	3.62	0
231	25.88	3.59	0
232	24.12	4.29	0.17
233	20.75	1.3	0.1
234	23.61	1.16	0
235	27.16	3.86	0
236	25.95	8.83	1.17
237	20.71	7.73	0.05
238	22.37	6.77	0.88
239	22.67	4.65	0.22
240	23.24	3.46	0
241	24.94	6.2	0
242	24.13	7.32	0
243	21.52	2.82	0
244	19.19	0.15	0.08
245	19.75	0.03	0
246	24.62	1.04	0
247	25.31	3.39	0
248	26.62	2.25	0
249	29.24	2.78	0
250	28.25	3.72	0
251	23.97	6.33	0.19
252	18.42	7.21	0.26
253	19.67	7.8	0.1
254	20.07	8.69	0.82
255	18.05	2.52	0.01
256	17.23	7.03	0.52
257	21.7	3.14	0
258	24.24	2.22	0
259	24.4	1.47	0.04
260	20.91	5.37	0.01
261	21.09	-0.77	0
262	26.27	0.36	0
263	22.71	6.74	0.28
264	19.66	1.46	0.45
265	18.24	-0.49	0.02
266	16.05	-4.08	0
267	16.86	-5.05	0
268	18.43	-3.55	0
269	19.76	-4.61	0
270	22.6	-2.7	0
271	23.87	-0.36	0
272	24.34	-0.05	0
273	22.98	-0.21	0
274	24.13	-0.55	0
275	22.53	-1.43	0
276	20.82	-3.86	0
277	21.29	-3.41	0
278	22.81	-3.47	0
279	23.25	-2.96	0
280	23.65	-0.57	0
281	24.73	-1.34	0
282	24.37	-2.11	0
283	22.5	-3.23	0
284	20.24	-5.28	0
285	21.14	-4.92	0
286	19.07	-1.65	0.24
287	13.6	1.36	0.63
288	12.53	0.72	0.61
289	9.45	-0.98	0.46
290	2.55	-4.89	0.58
291	1.77	-4.18	0.55
292	3.78	-2.72	0.14
293	10.8	-3.66	0
294	12.73	-5.03	0
295	13.41	-5.17	0
296	11.51	-4.26	0
297	7.29	-6.24	0
298	8.9	-11.51	0
299	12.27	-9.13	0
300	10.4	-7.77	0.34
301	5.18	-5.96	0.2
302	-0.15	-9.81	0
303	6.29	-10.72	0
304	12.21	-7.75	0
305	14.82	-7.06	0
306	15.92	-6.05	0
307	14.87	-6.75	0
308	10.9	-5.08	0
309	13.1	-1.76	0
310	17.13	-5.41	0
311	16.67	-5.03	0
312	15.57	-1.08	0
313	11.33	1.45	0
314	15.55	-7.34	0
315	18.53	-7.22	0
316	19.13	-5.27	0
317	15.81	0.61	0.45
318	8.09	-4.6	0.71
319	-1.7	-8.5	0.16
320	-0.97	-14.64	0
321	-3.19	-15.01	0
322	-0.66	-17.98	0
323	2.61	-14.82	0
324	3.56	-13.86	0
325	5.56	-13.65	0
326	7.06	-13.54	0
327	2.62	-11.51	0.14
328	3.53	-9.72	0.12
329	1.25	-7.42	0.01
330	0.81	-10.36	0
331	-1.31	-12.11	0
332	-3.21	-14.46	0
333	4.86	-10.6	0
334	9.76	-7.91	0
335	9.85	-2.37	0.01
336	5.09	-8.96	0.15
337	6.71	-11.6	0
338	11.54	-4.57	0
339	12.05	-3.47	0.05
340	5.32	-3.01	0.28
341	2.52	-6.17	0.2
342	-0.06	-6.04	0.22
343	-2.57	-12.09	0
344	-2.8	-16.72	0
345	0.04	-17.45	0
346	4.69	-14.59	0
347	4.92	-12.36	0
348	3.69	-14.77	0
349	4.3	-15.37	0
350	5.68	-12.67	0
351	8.63	-9.85	0
352	10.24	-9.31	0
353	11.75	-9.54	0
354	6.29	-9.37	0
355	6.66	-11.59	0
356	5.92	-9.29	0
357	8	-6.24	0.21
358	3.77	-6.68	0.68
359	2.59	-8.66	0
360	6.02	-4.75	0
361	8.69	-3.8	0.09
362	10.34	-4.03	0
363	8.87	-5.84	0
364	9.08	-10.56	0
365	8.72	-10.29	0
366	999	999	999
