# weather for site daymet example at -105.58 / 39.59 year =  1980
# DOY, Tmax_C, Tmin_C, PPT_cm, vp_kPa, rsds_WPERm2
1	-0.37	-9.20	0.28	0.30	160.21
2	-4.78	-14.96	0.35	0.19	179.14
3	-3.79	-18.36	0.00	0.13	283.01
4	-1.30	-11.12	0.00	0.25	230.08
5	3.08	-8.41	0.00	0.27	253.18
6	-5.61	-10.70	0.00	0.27	137.65
7	-8.23	-17.36	0.67	0.16	171.22
8	-3.68	-17.02	0.31	0.16	215.17
9	1.01	-12.80	0.36	0.23	219.36
10	-3.06	-9.67	0.57	0.29	135.10
11	-1.79	-19.50	0.00	0.13	317.62
12	-0.30	-13.73	0.54	0.21	222.45
13	1.26	-6.50	0.00	0.38	205.60
14	2.69	-5.21	0.00	0.41	208.96
15	-0.81	-9.70	0.00	0.29	231.93
16	-1.36	-14.57	0.00	0.20	296.91
17	-1.22	-13.83	0.00	0.21	292.40
18	-7.26	-15.12	0.70	0.19	166.46
19	-5.09	-17.63	0.00	0.15	298.45
20	0.53	-14.62	0.00	0.20	324.21
21	-2.89	-14.40	0.00	0.20	288.61
22	-4.01	-20.04	0.00	0.12	337.75
23	0.15	-17.90	0.00	0.15	350.72
24	3.75	-11.23	0.00	0.25	332.46
25	-3.21	-10.99	0.49	0.26	173.65
26	-10.02	-23.09	0.39	0.10	248.51
27	-5.48	-17.48	0.12	0.15	314.07
28	-6.69	-18.95	0.27	0.14	244.74
29	-4.01	-16.48	0.29	0.17	248.87
30	-5.41	-15.51	0.54	0.18	222.64
31	1.22	-18.80	0.00	0.14	387.42
32	-0.07	-15.41	0.00	0.18	361.83
33	-0.65	-9.10	0.00	0.31	257.91
34	4.30	-7.15	0.00	0.36	317.39
35	0.21	-6.28	0.00	0.38	211.96
36	1.02	-10.30	0.00	0.28	322.83
37	4.99	-9.69	0.00	0.28	368.80
38	-4.79	-11.23	1.09	0.26	164.79
39	-2.02	-23.78	0.00	0.09	426.90
40	0.21	-21.39	0.00	0.11	427.85
41	0.94	-16.41	0.00	0.17	407.83
42	-1.09	-17.11	0.00	0.16	399.48
43	-0.76	-15.28	0.00	0.19	382.90
44	1.31	-12.04	0.00	0.24	366.80
45	4.35	-11.54	0.00	0.23	399.98
46	0.11	-7.11	0.06	0.36	236.38
47	0.66	-9.39	0.00	0.30	313.71
48	0.53	-12.77	0.00	0.22	378.66
49	1.24	-8.00	0.38	0.33	225.90
50	1.85	-7.81	0.00	0.34	314.88
51	-0.41	-7.88	0.00	0.34	260.39
52	-0.49	-6.47	0.00	0.38	220.52
53	-2.40	-11.30	0.00	0.26	319.19
54	-3.84	-11.40	0.29	0.26	217.13
55	-4.72	-13.35	0.00	0.22	322.80
56	3.77	-13.94	0.00	0.18	479.35
57	4.28	-9.70	0.00	0.26	439.03
58	8.00	-10.93	0.00	0.21	492.09
59	11.31	-5.17	0.00	0.32	470.39
60	1.20	-7.16	0.28	0.36	238.18
61	1.49	-17.55	0.00	0.13	509.16
62	4.80	-12.69	0.00	0.19	498.46
63	3.96	-5.71	0.00	0.38	359.98
64	-1.76	-9.96	0.19	0.29	324.01
65	0.85	-10.32	0.12	0.26	407.37
66	1.16	-8.36	0.58	0.33	277.35
67	-2.02	-10.27	0.88	0.28	255.68
68	-1.89	-14.65	0.00	0.20	461.08
69	-4.09	-13.99	0.00	0.21	402.17
70	2.61	-8.83	0.00	0.29	450.49
71	3.09	-11.44	0.00	0.22	517.76
72	-4.28	-11.58	0.00	0.25	338.37
73	0.36	-15.45	0.00	0.16	548.45
74	5.66	-9.32	0.00	0.24	537.70
75	3.95	-4.68	0.00	0.41	393.45
76	-5.61	-13.72	0.97	0.21	289.64
77	2.84	-21.70	0.00	0.09	618.91
78	5.47	-11.21	0.00	0.21	574.09
79	1.56	-8.19	0.00	0.32	431.33
80	1.43	-13.38	0.00	0.19	554.01
81	4.96	-10.45	0.00	0.23	560.44
82	-3.43	-10.32	0.35	0.28	244.31
83	-2.51	-14.53	0.00	0.20	499.92
84	0.03	-15.70	0.00	0.16	573.30
85	-0.59	-11.09	0.12	0.26	453.12
86	-4.00	-15.90	0.00	0.18	503.90
87	-2.18	-13.98	0.63	0.21	380.74
88	-6.52	-12.29	0.80	0.24	222.23
89	-3.92	-15.95	0.00	0.18	537.04
90	1.30	-14.05	0.47	0.21	454.23
91	-5.25	-9.90	0.76	0.29	191.83
92	-6.20	-17.85	0.74	0.15	416.37
93	-4.78	-14.89	0.44	0.19	382.41
94	-1.89	-17.05	0.00	0.16	633.52
95	4.71	-11.30	0.00	0.23	643.26
96	5.55	-9.18	0.00	0.27	619.53
97	1.75	-10.11	0.00	0.27	553.30
98	-2.39	-13.20	0.32	0.22	395.94
99	-0.65	-15.84	0.00	0.17	638.42
100	4.96	-9.01	0.00	0.27	610.26
101	0.59	-7.48	0.56	0.35	318.67
102	-1.99	-8.69	1.15	0.32	275.89
103	-3.12	-20.97	0.45	0.11	526.79
104	-1.13	-20.03	0.00	0.12	715.07
105	5.83	-11.08	0.00	0.22	684.63
106	7.01	-7.52	0.00	0.29	635.65
107	3.67	-7.28	0.00	0.33	548.54
108	9.57	-10.53	0.00	0.21	730.03
109	11.41	-5.58	0.00	0.30	689.78
110	12.16	-4.29	0.00	0.32	680.45
111	12.30	-2.62	0.00	0.38	651.22
112	12.71	-1.08	0.00	0.43	618.53
113	10.48	-1.81	0.00	0.43	579.14
114	4.56	-1.05	2.42	0.57	230.59
115	-2.92	-5.64	2.62	0.40	127.23
116	0.25	-13.05	1.33	0.22	479.09
117	1.56	-10.67	0.70	0.27	458.27
118	6.14	-9.27	0.00	0.29	685.49
119	9.08	-6.38	0.00	0.34	682.40
120	9.69	-2.82	0.00	0.46	606.67
121	1.71	-3.16	2.01	0.48	207.60
122	1.97	-7.38	2.43	0.35	381.13
123	5.11	-6.91	2.10	0.36	462.03
124	8.67	-4.91	1.62	0.42	496.72
125	8.89	-3.47	0.00	0.47	630.90
126	6.97	-1.79	0.98	0.54	370.57
127	8.40	-2.26	0.29	0.52	431.89
128	7.01	-1.65	1.00	0.54	370.11
129	4.44	-1.94	0.79	0.53	290.12
130	7.68	-2.75	0.00	0.50	585.74
131	8.40	-2.36	0.00	0.51	595.07
132	4.42	-2.41	0.36	0.51	309.53
133	1.01	-8.21	0.44	0.33	411.83
134	5.89	-8.34	0.20	0.33	726.56
135	4.51	-6.03	0.63	0.39	463.59
136	0.67	-3.80	1.02	0.46	229.75
137	0.97	-5.05	0.66	0.42	306.47
138	-0.21	-4.98	0.81	0.42	258.21
139	6.67	-8.87	0.00	0.31	788.15
140	8.75	-4.38	0.00	0.44	738.41
141	10.52	1.30	0.00	0.67	601.70
142	15.82	-0.97	0.00	0.55	792.28
143	16.81	1.87	0.40	0.70	563.92
144	13.71	0.56	0.00	0.64	719.11
145	11.87	-1.48	0.00	0.55	718.78
146	8.69	-8.14	0.00	0.33	791.58
147	9.18	-6.26	0.00	0.38	766.24
148	12.47	-2.00	0.00	0.53	740.22
149	12.66	-1.28	0.00	0.56	728.08
150	10.74	-2.68	0.00	0.50	717.71
151	12.57	-2.84	0.00	0.49	751.03
152	14.94	-2.30	0.00	0.50	774.35
153	11.77	-3.90	0.00	0.46	749.83
154	12.61	-1.87	0.00	0.53	720.47
155	16.23	1.22	0.00	0.65	721.77
156	16.56	0.53	0.00	0.62	736.33
157	16.32	3.33	0.00	0.78	655.81
158	15.56	1.96	0.00	0.70	670.49
159	12.75	-2.12	0.00	0.52	702.55
160	15.04	1.20	0.00	0.66	666.23
161	14.49	-0.25	0.00	0.59	687.65
162	15.13	1.71	0.00	0.69	642.20
163	18.71	2.91	0.00	0.72	690.37
164	18.03	2.31	0.00	0.70	687.31
165	18.27	3.64	0.00	0.78	654.04
166	17.41	1.27	0.00	0.65	684.75
167	15.04	-1.97	0.00	0.51	700.41
168	14.68	-0.67	0.00	0.58	652.98
169	18.07	0.97	0.00	0.63	685.36
170	18.59	3.88	0.00	0.79	621.57
171	16.75	3.51	0.00	0.79	577.21
172	17.92	1.90	0.00	0.68	651.99
173	16.49	2.94	0.00	0.75	586.24
174	18.57	2.53	0.00	0.71	646.51
175	22.55	3.98	0.00	0.76	685.87
176	22.38	7.78	0.00	1.03	591.24
177	22.05	5.77	0.00	0.88	633.79
178	21.73	6.18	0.00	0.91	613.69
179	19.12	7.58	0.00	1.04	496.67
180	18.93	3.56	0.00	0.76	611.46
181	21.24	5.36	0.00	0.85	616.26
182	20.76	8.44	0.00	1.10	514.91
183	18.36	6.05	0.87	0.94	389.32
184	16.97	5.75	0.77	0.92	364.40
185	18.07	3.13	0.00	0.74	598.98
186	21.19	4.94	0.00	0.82	621.13
187	21.81	5.27	0.00	0.84	621.26
188	22.81	5.65	0.00	0.85	627.05
189	20.40	6.51	0.39	0.97	410.21
190	18.40	4.23	0.63	0.83	418.25
191	21.28	5.28	0.00	0.86	597.42
192	21.67	7.12	0.47	1.01	414.44
193	17.90	6.66	1.08	0.98	348.09
194	19.84	4.96	0.61	0.87	423.39
195	17.63	4.56	0.73	0.85	390.26
196	18.77	2.69	0.00	0.74	595.79
197	19.79	4.22	0.00	0.82	580.58
198	22.41	4.27	0.00	0.80	622.41
199	20.86	6.23	0.00	0.95	549.69
200	19.98	5.01	0.00	0.87	557.98
201	20.82	7.28	0.00	1.02	515.35
202	19.35	5.33	0.00	0.89	531.24
203	20.36	4.76	0.00	0.86	563.05
204	22.31	5.71	0.00	0.91	576.17
205	19.82	5.42	0.24	0.90	397.92
206	19.05	5.71	0.00	0.92	457.72
207	18.42	2.39	0.62	0.73	385.27
208	17.76	3.04	0.00	0.75	491.58
209	20.06	4.93	0.00	0.84	493.05
210	22.13	5.79	0.00	0.88	511.41
211	22.43	7.31	0.00	0.99	486.22
212	19.63	8.46	0.23	1.11	293.89
213	21.18	5.79	0.27	0.92	366.67
214	20.12	6.80	0.00	0.88	448.95
215	20.00	5.83	0.00	0.77	470.62
216	20.35	6.15	0.00	0.78	471.38
217	19.01	2.83	0.00	0.58	514.60
218	21.17	5.84	0.00	0.71	495.04
219	23.51	7.63	0.00	0.74	500.71
220	23.74	7.14	0.00	0.67	512.47
221	20.62	6.64	0.87	0.85	343.69
222	22.82	6.98	0.97	0.86	367.61
223	22.14	7.01	0.00	0.77	479.91
224	22.33	7.52	0.00	0.79	471.72
225	22.32	6.87	0.00	0.74	482.80
226	19.25	6.08	0.00	0.74	438.56
227	17.68	6.87	1.07	0.93	281.40
228	15.28	7.61	0.95	1.04	212.49
229	14.62	4.29	0.00	0.72	376.02
230	16.61	1.72	0.00	0.51	487.44
231	17.03	3.82	0.00	0.62	449.42
232	18.37	5.72	0.00	0.72	432.68
233	14.77	0.92	0.00	0.51	465.47
234	19.63	-0.83	0.00	0.37	556.54
235	21.32	4.24	0.00	0.56	510.40
236	17.24	7.23	0.00	0.88	355.19
237	15.22	3.28	0.80	0.72	307.97
238	13.70	3.32	0.77	0.77	277.80
239	14.13	1.82	0.77	0.69	316.47
240	16.38	2.53	0.00	0.63	456.81
241	18.42	4.57	0.00	0.72	452.46
242	17.38	4.16	0.00	0.71	437.26
243	13.34	1.66	0.00	0.64	406.54
244	14.64	0.10	0.00	0.53	466.12
245	14.24	-1.12	0.00	0.49	478.22
246	18.26	2.03	0.00	0.59	483.90
247	18.46	4.49	0.00	0.73	442.57
248	19.18	3.21	0.00	0.64	474.89
249	19.29	3.98	0.00	0.69	461.57
250	19.86	3.78	0.00	0.67	471.07
251	16.78	3.43	0.00	0.70	424.25
252	15.05	3.42	1.32	0.78	289.84
253	6.76	2.47	0.60	0.73	126.47
254	14.36	3.04	0.26	0.76	288.79
255	13.04	0.20	0.00	0.61	421.13
256	13.49	2.38	0.00	0.72	379.45
257	15.05	2.78	0.00	0.74	401.45
258	18.41	2.83	0.00	0.70	450.62
259	17.05	2.52	0.00	0.70	431.11
260	12.64	2.93	0.36	0.75	248.57
261	15.13	2.63	0.00	0.74	392.98
262	19.83	1.10	0.00	0.61	473.45
263	19.62	7.49	0.47	1.04	278.29
264	15.89	1.31	0.00	0.67	423.09
265	15.17	1.21	0.00	0.67	413.10
266	11.38	-1.62	0.00	0.54	396.65
267	12.60	-3.04	0.00	0.49	432.71
268	11.80	-3.34	0.00	0.48	421.70
269	13.11	-3.04	0.00	0.49	429.46
270	16.83	-1.66	0.00	0.53	446.31
271	16.30	0.65	0.00	0.64	409.50
272	16.71	0.96	0.00	0.65	406.54
273	15.83	1.51	0.00	0.68	382.61
274	18.56	1.11	0.00	0.65	416.99
275	16.49	2.66	0.00	0.74	367.05
276	12.20	-2.92	0.00	0.49	390.28
277	14.10	-0.80	0.00	0.58	381.56
278	15.18	-0.19	0.00	0.60	383.60
279	13.73	-0.60	0.00	0.58	368.05
280	17.52	-0.99	0.00	0.56	409.36
281	17.94	0.52	0.00	0.62	393.94
282	17.08	0.90	0.00	0.65	375.38
283	15.34	0.63	0.00	0.64	350.85
284	11.26	-2.62	0.00	0.50	339.10
285	14.19	-2.56	0.00	0.49	370.84
286	11.27	0.23	0.00	0.62	281.57
287	8.30	-1.61	0.00	0.54	259.41
288	11.31	-2.02	0.00	0.53	319.55
289	6.25	-2.89	0.19	0.49	243.09
290	-1.97	-9.27	0.00	0.30	202.67
291	0.17	-7.87	0.00	0.34	219.84
292	0.78	-9.09	0.00	0.31	262.18
293	7.43	-7.75	0.00	0.34	340.51
294	9.51	-8.62	0.00	0.32	364.11
295	8.59	-8.46	0.00	0.32	351.31
296	5.30	-6.26	0.00	0.38	278.96
297	-2.82	-14.22	0.00	0.20	279.06
298	3.79	-14.50	0.00	0.20	355.11
299	10.12	-9.03	0.00	0.31	354.00
300	2.43	-5.85	0.52	0.39	159.43
301	-3.67	-10.65	0.35	0.27	155.57
302	-3.75	-16.77	0.00	0.16	331.27
303	3.81	-15.30	0.00	0.19	387.24
304	9.81	-7.24	0.00	0.35	364.26
305	9.68	-5.70	0.00	0.40	343.04
306	12.20	-4.41	0.00	0.44	350.22
307	8.47	-3.01	0.00	0.49	283.44
308	7.09	-5.31	0.00	0.41	298.20
309	6.36	-4.80	0.00	0.43	276.62
310	11.36	-4.86	0.00	0.43	337.71
311	10.32	-2.52	0.00	0.51	268.04
312	10.51	0.30	0.00	0.62	229.34
313	8.80	-1.15	0.00	0.56	226.22
314	12.11	-1.45	0.00	0.55	271.85
315	14.45	-3.18	0.00	0.47	302.27
316	12.56	-2.26	0.00	0.52	278.41
317	8.74	-2.54	0.42	0.51	180.06
318	0.43	-8.48	0.41	0.32	171.58
319	-7.58	-15.00	0.22	0.19	148.95
320	-6.57	-21.93	0.00	0.11	313.12
321	-10.52	-21.39	0.07	0.11	255.14
322	-0.58	-20.91	0.00	0.12	335.56
323	0.74	-15.79	0.00	0.18	309.74
324	-0.33	-15.88	0.00	0.18	299.73
325	1.92	-15.28	0.00	0.19	309.70
326	3.66	-12.94	0.00	0.23	301.17
327	-2.50	-13.69	0.00	0.21	241.66
328	-2.79	-11.32	0.00	0.26	199.07
329	-8.55	-13.50	0.36	0.22	97.12
330	-2.62	-20.14	0.00	0.12	305.21
331	-5.47	-16.64	0.00	0.17	240.04
332	-0.86	-18.92	0.00	0.14	302.05
333	1.06	-14.53	0.00	0.20	283.49
334	5.19	-6.51	0.00	0.37	240.64
335	4.62	-3.36	0.00	0.48	182.04
336	1.05	-7.53	0.00	0.35	196.75
337	8.05	-13.60	0.00	0.19	307.81
338	6.35	-5.64	0.00	0.40	240.04
339	5.93	-1.56	0.00	0.54	168.63
340	0.87	-7.73	0.00	0.34	193.47
341	-0.86	-9.77	0.00	0.29	200.14
342	-2.61	-11.04	0.29	0.26	146.72
343	-2.71	-16.66	0.28	0.17	202.77
344	-5.32	-16.86	0.00	0.16	239.19
345	0.42	-14.02	0.00	0.19	268.55
346	3.58	-7.64	0.00	0.31	233.65
347	6.91	-8.15	0.00	0.27	269.93
348	4.95	-9.79	0.00	0.24	265.91
349	5.01	-9.83	0.00	0.24	264.25
350	5.73	-7.08	0.00	0.31	244.60
351	6.57	-6.35	0.00	0.31	244.86
352	8.86	-4.29	0.00	0.34	248.36
353	4.91	-8.70	0.00	0.26	255.05
354	1.25	-9.82	0.00	0.24	229.19
355	5.08	-9.78	0.00	0.21	267.97
356	0.44	-9.63	0.00	0.26	218.92
357	1.56	-7.74	0.00	0.30	207.35
358	-2.10	-10.18	0.00	0.27	187.68
359	2.31	-10.79	0.00	0.21	254.05
360	5.37	-5.93	0.00	0.30	235.22
361	4.40	-5.17	0.00	0.34	211.93
362	10.81	-4.53	0.00	0.28	275.20
363	6.39	-5.22	0.00	0.31	243.28
364	6.81	-10.64	0.00	0.18	289.69
365	8.94	-8.32	0.00	0.21	287.19
366	8.94	-8.32	0.00	0.21	287.19
