# weather for site daymet example at -105.58 / 39.59 year =  1981
# DOY, Tmax_C, Tmin_C, PPT_cm, vp_kPa, rsds_WPERm2
1	5.81	-9.20	0.00	0.30	278.89
2	1.59	-7.56	0.00	0.35	206.71
3	3.08	-9.22	0.00	0.30	253.62
4	1.88	-8.46	0.00	0.32	228.01
5	-2.21	-10.00	0.13	0.29	185.62
6	-0.11	-15.82	0.00	0.18	292.82
7	5.26	-11.83	0.00	0.25	301.90
8	4.33	-10.60	0.00	0.27	287.50
9	3.09	-11.15	0.00	0.26	283.59
10	1.49	-11.71	0.00	0.25	274.66
11	1.30	-13.99	0.00	0.21	297.40
12	4.83	-12.22	0.00	0.24	311.02
13	2.62	-11.34	0.00	0.26	287.56
14	0.69	-12.67	0.00	0.23	283.54
15	-1.29	-13.72	0.00	0.21	274.71
16	-4.58	-14.17	0.07	0.20	233.90
17	1.12	-14.41	0.00	0.20	312.07
18	-1.21	-12.53	0.00	0.23	264.96
19	-2.53	-16.64	0.00	0.17	303.68
20	-2.82	-14.06	0.00	0.21	268.07
21	5.06	-14.92	0.00	0.19	348.38
22	7.86	-10.78	0.00	0.27	343.57
23	7.27	-8.10	0.00	0.33	321.96
24	3.28	-9.00	0.00	0.31	290.18
25	-6.18	-15.43	0.00	0.18	243.79
26	-7.86	-17.79	0.00	0.15	259.69
27	-2.46	-13.96	0.00	0.21	288.21
28	1.10	-10.55	0.00	0.27	291.45
29	0.24	-10.82	0.00	0.27	284.56
30	-0.12	-11.20	0.00	0.26	287.31
31	-11.37	-16.09	0.13	0.17	147.91
32	-12.45	-18.35	0.03	0.14	183.89
33	-5.96	-16.95	0.00	0.16	303.04
34	-1.57	-16.96	0.00	0.16	362.88
35	-1.51	-15.79	0.00	0.18	351.38
36	-2.22	-14.65	0.00	0.20	331.13
37	-5.59	-13.98	0.00	0.21	257.99
38	-5.69	-14.89	0.00	0.19	282.54
39	-5.46	-14.31	0.00	0.20	279.65
40	-2.54	-13.96	0.76	0.21	257.04
41	-7.93	-26.00	0.47	0.07	320.74
42	0.00	-29.69	0.00	0.05	452.77
43	-2.63	-10.25	0.00	0.28	254.73
44	3.53	-8.57	0.00	0.32	357.60
45	7.13	-7.34	0.00	0.33	394.24
46	3.20	-7.91	0.00	0.34	343.19
47	7.50	-8.28	0.00	0.30	416.27
48	3.19	-5.87	0.00	0.39	303.11
49	3.34	-8.68	0.00	0.31	373.45
50	6.92	-5.68	0.00	0.37	384.48
51	3.75	-5.25	0.00	0.41	315.69
52	-5.77	-16.64	0.00	0.17	374.94
53	-1.92	-16.22	0.00	0.17	437.01
54	4.87	-9.90	0.00	0.26	442.57
55	5.61	-7.74	0.00	0.30	423.41
56	5.84	-9.16	0.00	0.26	449.42
57	0.98	-9.57	0.00	0.29	374.60
58	2.18	-11.65	0.00	0.23	441.17
59	2.80	-12.19	0.00	0.21	459.97
60	0.15	-11.29	0.25	0.26	303.72
61	1.20	-10.54	0.18	0.26	407.94
62	-4.52	-8.55	1.07	0.32	128.90
63	-2.71	-11.97	0.48	0.24	270.80
64	3.64	-15.40	0.00	0.17	526.38
65	0.83	-11.19	0.63	0.26	329.09
66	-4.81	-11.91	0.42	0.25	226.53
67	-0.32	-14.40	0.00	0.20	486.32
68	-0.64	-16.42	0.00	0.17	512.72
69	0.67	-14.66	0.00	0.19	506.16
70	-0.73	-14.73	0.00	0.19	486.33
71	0.90	-13.03	0.46	0.22	371.21
72	-0.49	-13.40	0.42	0.22	368.35
73	3.19	-12.22	0.00	0.22	530.55
74	2.64	-13.83	0.00	0.19	547.48
75	5.29	-12.01	0.00	0.21	559.92
76	-2.22	-10.38	0.00	0.28	355.73
77	-2.25	-13.22	0.00	0.22	453.17
78	5.04	-13.50	0.00	0.18	585.41
79	3.72	-7.15	0.37	0.36	336.38
80	-2.68	-9.27	0.56	0.30	230.68
81	1.86	-14.92	0.00	0.16	581.04
82	2.50	-9.37	0.00	0.26	486.75
83	-0.76	-8.88	0.99	0.31	281.13
84	5.37	-15.43	0.00	0.14	635.84
85	8.35	-9.23	0.00	0.22	604.73
86	1.12	-5.03	0.00	0.42	295.62
87	-6.54	-11.07	1.46	0.26	175.19
88	0.55	-11.68	0.00	0.22	533.24
89	1.27	-10.06	0.00	0.25	513.50
90	-0.70	-14.86	0.00	0.16	587.68
91	8.84	-11.07	0.00	0.16	663.36
92	7.44	-2.68	0.34	0.45	345.89
93	-3.41	-7.27	0.00	0.35	204.34
94	-5.04	-14.68	0.00	0.19	470.38
95	5.09	-14.14	0.00	0.13	672.43
96	5.96	-8.14	0.00	0.23	590.47
97	4.21	-8.66	0.72	0.27	424.78
98	2.37	-8.30	0.00	0.27	507.84
99	9.98	-8.33	0.00	0.20	674.34
100	12.50	-1.24	0.00	0.36	592.24
101	10.14	-2.47	0.00	0.35	568.31
102	9.01	-3.54	0.00	0.32	569.35
103	9.69	-4.58	0.00	0.28	616.40
104	8.68	-5.63	0.00	0.26	621.67
105	10.15	-1.97	0.00	0.35	569.27
106	9.53	-3.75	0.00	0.30	599.78
107	13.28	-2.73	0.00	0.28	655.36
108	10.54	-1.78	0.00	0.35	575.54
109	6.22	-2.96	0.78	0.45	350.56
110	9.12	-5.79	0.35	0.32	477.82
111	8.86	-2.53	0.00	0.38	550.35
112	4.19	-6.60	0.00	0.30	535.86
113	10.23	-7.42	0.00	0.22	693.57
114	12.99	-3.11	0.00	0.29	670.14
115	16.12	-0.73	0.00	0.33	681.58
116	16.54	-0.14	0.00	0.34	672.13
117	13.75	0.06	0.00	0.39	602.83
118	13.01	-1.81	0.00	0.33	631.00
119	13.96	-1.92	0.00	0.32	650.76
120	14.06	0.49	0.00	0.41	595.16
121	15.64	-0.31	0.00	0.34	654.39
122	12.95	2.16	1.02	0.61	378.34
123	9.42	0.47	0.34	0.61	323.40
124	7.38	-4.62	0.48	0.40	410.12
125	11.14	-4.73	1.13	0.36	486.66
126	7.85	-2.81	0.49	0.49	379.11
127	5.84	-6.04	0.00	0.34	556.72
128	1.16	-6.91	0.54	0.36	309.78
129	0.24	-8.65	0.58	0.32	345.76
130	8.21	-9.24	0.00	0.24	704.26
131	8.94	-5.24	0.00	0.33	635.39
132	5.46	-5.51	0.55	0.40	403.01
133	5.19	-9.66	0.00	0.24	658.46
134	12.16	-6.51	0.00	0.26	721.33
135	8.88	-3.17	0.00	0.40	572.65
136	1.61	-2.70	0.00	0.50	240.24
137	3.25	-3.14	2.25	0.48	263.25
138	2.40	-3.30	0.60	0.48	240.89
139	10.64	-4.10	0.00	0.37	663.89
140	10.60	-1.99	0.00	0.46	607.36
141	7.57	-1.15	0.00	0.55	465.19
142	7.55	-1.55	0.00	0.53	483.81
143	7.19	-1.20	0.00	0.55	460.40
144	11.63	-3.71	0.66	0.43	510.78
145	11.66	-1.22	0.00	0.48	629.99
146	13.77	-1.08	0.00	0.45	677.98
147	14.56	1.62	0.00	0.57	628.12
148	12.59	1.39	1.17	0.67	428.65
149	7.41	0.04	0.30	0.61	318.67
150	13.89	-0.75	1.06	0.55	501.99
151	12.86	2.18	0.31	0.71	420.96
152	13.44	-1.99	0.00	0.45	692.88
153	15.45	0.59	0.90	0.60	498.63
154	12.29	0.66	1.04	0.64	437.71
155	11.73	0.92	0.00	0.61	565.36
156	14.29	0.84	0.00	0.56	640.20
157	18.19	2.44	0.00	0.58	679.74
158	18.66	2.74	0.00	0.60	675.18
159	19.60	7.85	0.00	0.92	560.27
160	20.75	10.99	0.00	1.20	486.95
161	19.86	6.06	0.00	0.78	621.25
162	20.93	5.13	0.00	0.69	657.72
163	20.48	6.26	0.00	0.76	623.30
164	16.60	7.34	0.00	0.95	475.75
165	9.00	-1.75	0.00	0.50	547.82
166	7.87	-5.71	0.00	0.36	627.17
167	17.18	-2.42	0.00	0.40	707.54
168	18.29	5.42	0.00	0.76	571.62
169	15.89	-0.42	0.00	0.48	654.41
170	20.32	3.87	0.00	0.63	645.07
171	20.17	4.73	0.00	0.67	618.87
172	21.59	4.06	0.00	0.62	648.25
173	22.95	5.23	0.00	0.67	640.73
174	21.49	7.80	0.00	0.84	555.31
175	20.88	6.53	0.00	0.77	570.35
176	23.05	7.23	0.00	0.77	596.36
177	22.71	7.96	0.38	1.01	377.59
178	20.14	6.15	0.29	0.89	368.56
179	15.36	4.24	0.44	0.83	315.90
180	16.43	2.57	1.11	0.72	369.52
181	18.32	3.40	0.00	0.68	515.88
182	18.42	4.57	0.46	0.84	364.69
183	11.77	7.85	1.10	1.06	126.47
184	14.74	5.16	0.80	0.88	285.46
185	15.47	4.32	0.00	0.82	431.36
186	19.46	3.84	0.00	0.72	533.40
187	22.86	7.94	0.00	0.95	512.21
188	22.00	9.05	0.29	1.15	347.67
189	14.76	5.82	0.62	0.92	270.35
190	18.63	6.64	0.53	0.98	335.25
191	19.37	6.79	0.00	0.94	465.73
192	20.84	7.27	0.55	1.02	362.76
193	18.52	6.75	0.46	0.98	333.30
194	15.71	6.11	0.50	0.94	287.31
195	19.29	7.39	0.38	1.03	333.63
196	19.68	6.85	0.28	0.99	351.28
197	14.93	6.94	0.51	1.00	250.73
198	17.01	8.00	0.50	1.07	277.47
199	16.46	3.84	0.29	0.80	362.08
200	19.88	4.02	0.00	0.77	547.55
201	22.02	4.89	0.00	0.80	561.20
202	21.90	7.89	0.00	1.02	506.28
203	21.24	7.03	0.00	0.96	514.14
204	22.14	8.15	0.00	1.04	506.55
205	18.34	5.50	0.27	0.90	364.72
206	18.17	4.65	0.36	0.85	377.73
207	15.38	5.18	0.90	0.88	317.45
208	15.00	3.19	0.00	0.77	474.56
209	19.51	2.91	0.00	0.73	558.61
210	20.37	7.01	0.00	1.00	495.71
211	20.89	8.13	0.00	1.08	481.01
212	21.52	6.83	0.00	0.97	520.34
213	18.42	8.24	0.00	1.09	408.61
214	21.29	5.27	0.00	0.85	536.12
215	21.25	5.81	0.00	0.88	522.96
216	22.07	8.12	0.00	1.03	492.15
217	22.69	6.85	0.00	0.91	526.54
218	18.08	7.12	0.00	1.01	424.07
219	15.88	3.82	0.00	0.80	456.01
220	17.69	3.59	0.00	0.75	499.03
221	8.51	3.41	0.43	0.78	168.10
222	9.20	2.80	0.45	0.75	210.48
223	12.21	2.68	0.53	0.74	295.33
224	11.21	5.72	0.63	0.92	182.48
225	13.76	2.91	0.44	0.75	325.50
226	14.73	2.64	0.70	0.74	348.81
227	14.03	5.50	0.95	0.90	267.66
228	13.67	2.95	0.58	0.75	319.62
229	15.75	2.07	0.00	0.71	494.49
230	17.94	2.18	0.00	0.69	526.75
231	19.31	3.47	0.00	0.75	524.67
232	19.14	5.06	0.17	0.86	492.10
233	20.14	5.44	0.40	0.90	373.26
234	13.42	4.42	0.19	0.84	370.34
235	17.03	2.44	0.00	0.72	502.81
236	16.68	5.12	0.00	0.88	437.76
237	18.12	3.32	0.00	0.77	498.96
238	17.73	3.78	0.00	0.80	481.15
239	16.70	2.73	0.00	0.74	483.74
240	18.46	3.16	0.00	0.74	501.27
241	18.16	4.59	0.00	0.82	468.11
242	18.35	3.94	0.00	0.77	482.16
243	14.30	4.12	0.27	0.82	291.55
244	16.27	1.09	0.55	0.66	370.53
245	19.28	4.34	0.00	0.78	484.62
246	14.30	2.52	0.00	0.73	428.35
247	16.61	5.06	0.00	0.87	419.96
248	16.00	4.12	0.47	0.82	319.71
249	12.00	2.85	0.00	0.75	358.57
250	7.49	2.53	0.00	0.73	215.03
251	12.89	1.92	0.48	0.70	305.77
252	14.56	2.42	0.72	0.73	319.93
253	13.33	1.49	0.29	0.68	313.79
254	12.45	3.00	0.00	0.76	352.35
255	13.91	2.20	0.00	0.72	407.01
256	15.63	0.97	0.00	0.66	456.83
257	15.79	2.59	0.21	0.74	320.19
258	14.64	1.31	0.00	0.67	426.69
259	10.86	2.09	0.00	0.71	320.94
260	14.17	-0.81	0.00	0.58	452.56
261	17.55	0.64	0.00	0.64	469.11
262	17.21	1.50	0.00	0.68	451.55
263	15.66	3.39	0.00	0.78	394.83
264	16.06	3.11	0.00	0.76	402.57
265	15.70	2.72	0.00	0.74	402.19
266	16.44	2.83	0.12	0.75	408.72
267	14.17	3.44	0.00	0.78	352.44
268	14.52	2.33	0.00	0.72	382.82
269	11.40	0.19	0.00	0.62	365.42
270	17.02	-0.61	0.00	0.58	450.94
271	17.52	3.82	0.00	0.80	396.99
272	15.67	4.82	0.00	0.86	344.46
273	12.66	3.06	0.00	0.76	316.60
274	15.63	-0.28	0.00	0.60	423.44
275	13.45	1.56	0.00	0.68	363.27
276	6.40	1.99	0.00	0.70	163.27
277	8.11	-1.33	0.00	0.55	315.44
278	8.06	-2.91	0.00	0.49	347.99
279	11.78	-3.84	0.00	0.46	410.80
280	13.62	-0.22	0.00	0.60	379.00
281	10.26	1.71	0.00	0.69	274.10
282	6.33	-0.90	0.00	0.57	241.56
283	11.02	-2.20	0.00	0.52	366.21
284	12.32	1.29	0.00	0.67	322.74
285	6.22	-1.70	0.00	0.54	255.42
286	7.49	-1.82	0.34	0.53	219.08
287	4.05	-1.40	0.56	0.55	141.20
288	0.08	-2.01	1.20	0.53	64.36
289	1.84	-4.04	0.00	0.45	205.44
290	2.27	-6.88	0.00	0.36	295.45
291	6.41	-8.75	0.00	0.32	382.65
292	9.48	-7.53	0.00	0.35	390.48
293	8.17	-5.58	0.00	0.40	358.88
294	3.36	-6.76	0.00	0.37	305.80
295	2.25	-6.11	0.00	0.39	268.35
296	5.94	-8.29	0.00	0.33	358.93
297	-1.16	-5.27	0.58	0.41	110.19
298	0.09	-13.73	0.00	0.21	353.16
299	10.49	-10.97	0.00	0.26	382.87
300	11.09	-5.46	0.00	0.41	359.00
301	9.75	-2.10	0.00	0.52	310.47
302	7.66	-2.15	0.00	0.52	276.88
303	-1.17	-9.43	1.09	0.30	210.85
304	-2.36	-12.06	0.00	0.24	312.77
305	4.31	-13.24	0.00	0.22	394.40
306	6.11	-8.24	0.00	0.33	363.34
307	6.76	-7.26	0.00	0.35	354.56
308	9.66	-6.88	0.00	0.36	369.73
309	6.40	-7.90	0.00	0.34	349.22
310	8.47	-3.80	0.00	0.46	320.97
311	5.37	-5.29	0.00	0.41	294.03
312	1.24	-6.69	0.42	0.37	180.70
313	2.92	-11.01	0.00	0.26	335.69
314	6.11	-10.20	0.00	0.28	349.18
315	6.97	-8.88	0.00	0.31	340.06
316	7.16	-8.77	0.00	0.31	335.90
317	8.81	-8.48	0.00	0.32	338.67
318	8.40	-2.42	0.00	0.51	260.00
319	8.79	-4.61	0.00	0.43	291.12
320	10.07	-0.55	0.00	0.59	246.65
321	10.87	-2.37	0.00	0.51	282.00
322	-3.79	-9.38	0.00	0.30	151.55
323	-2.40	-13.24	0.00	0.22	257.83
324	2.58	-12.89	0.00	0.23	305.82
325	3.25	-6.36	0.00	0.38	228.39
326	3.09	-6.43	0.00	0.38	227.05
327	3.99	-8.80	0.00	0.31	269.89
328	9.01	-3.54	0.00	0.47	262.51
329	4.39	-4.86	0.44	0.43	166.34
330	-5.11	-16.21	0.00	0.17	252.33
331	-0.15	-13.65	0.00	0.21	277.55
332	-0.73	-15.76	0.00	0.18	288.37
333	-2.64	-11.39	0.39	0.26	157.53
334	-10.54	-15.54	0.00	0.18	130.99
335	-7.61	-18.47	0.00	0.14	244.44
336	-3.29	-14.86	0.00	0.19	252.78
337	-1.42	-7.62	0.00	0.34	159.16
338	5.04	-10.96	0.00	0.26	289.66
339	3.42	-7.17	0.00	0.36	237.39
340	5.66	-4.66	0.00	0.43	232.06
341	7.81	-5.96	0.00	0.39	268.54
342	8.01	-6.29	0.00	0.38	270.10
343	9.24	-7.90	0.00	0.31	287.28
344	4.70	-4.50	0.00	0.44	209.68
345	4.30	-7.34	0.27	0.35	188.09
346	-0.19	-9.60	0.00	0.30	218.77
347	-1.10	-11.03	0.16	0.26	229.68
348	-2.53	-10.62	0.00	0.27	200.11
349	-0.28	-7.12	0.64	0.36	135.16
350	-7.79	-13.47	0.51	0.22	118.68
351	-8.25	-17.02	0.00	0.16	221.18
352	-0.51	-14.70	0.00	0.20	278.60
353	1.71	-8.25	0.00	0.33	233.07
354	2.01	-5.83	0.50	0.40	152.75
355	-5.49	-8.51	0.69	0.32	69.31
356	-10.30	-14.80	0.59	0.19	101.61
357	-14.37	-22.71	0.00	0.10	223.36
358	-7.76	-23.50	0.00	0.09	297.45
359	-10.09	-14.99	0.39	0.19	111.77
360	-10.33	-21.03	0.73	0.11	200.76
361	-12.47	-17.67	0.61	0.15	122.25
362	-11.77	-21.53	0.00	0.11	257.72
363	-2.98	-20.20	0.00	0.12	311.08
364	-1.81	-12.51	0.82	0.23	202.83
365	-2.95	-14.10	0.69	0.21	209.22
