#DOY	Tmax_C	Tmin_C	PPT_cm
1	-4.16	-11.37	0.46
2	-8.7	-25.33	0
3	-7.17	-21.25	0.08
4	-5.57	-15.55	0.12
5	-6.78	-22.5	0.02
6	-4.84	-14.45	0.17
7	0.87	-6.29	0.22
8	1.85	-11.88	0
9	1.35	-7.07	0.06
10	-0.18	-11.29	0
11	-2.92	-17.15	0
12	-2.59	-16.87	0.06
13	-2.89	-12.17	0
14	-2.79	-19.54	0
15	-5.97	-17.99	0.13
16	-6.32	-18.78	0.16
17	-8.66	-21.99	0.03
18	-8.25	-18.69	0.12
19	-8.87	-25.69	0.03
20	-6.55	-17.31	0.22
21	-1.15	-11.06	0
22	0	-10.56	0.69
23	-6.78	-20.98	0.08
24	-7.77	-26.38	0
25	-4.79	-21.28	0
26	-0.02	-17.28	0
27	5.12	-12.62	0
28	3.19	-7.95	0.74
29	-0.43	-12.29	0.61
30	-7.36	-21.34	0.16
31	-11.33	-31.95	0
32	-9.17	-26.6	0
33	-6	-21.93	0
34	-5.93	-24.94	0
35	-5.48	-22.8	0
36	-5.7	-23.75	0
37	-4.99	-22.39	0
38	-3.67	-21.82	0
39	-2.66	-18.12	0.09
40	-2.07	-10.93	0.07
41	-3.83	-23.21	0
42	-2.32	-18.86	0
43	-0.78	-20.18	0
44	-2.77	-21.77	0.04
45	-2.05	-15.66	0.38
46	-3.6	-22.6	0
47	-1.03	-21.79	0
48	3.03	-15.08	0.03
49	3.82	-7.86	0.44
50	2.13	-7.32	0.29
51	1.48	-6.86	0.14
52	0.86	-15.89	0
53	1.37	-12.96	0
54	4.56	-9.59	0.05
55	4.89	-6.2	0.18
56	-0.67	-17.39	0.16
57	-9.65	-27.73	0
58	-6.23	-20.74	0.05
59	-3.57	-16.03	0.44
60	-4	-16.44	0.93
61	-11.59	-28.24	0.12
62	-10.42	-29.96	0
63	-5.97	-25.53	0
64	1.1	-20.83	0
65	4.75	-13.96	0
66	4.24	-7.25	0.83
67	0.9	-8.57	0.55
68	-1.85	-22.87	0.18
69	0.36	-16.88	0.04
70	4.58	-9.22	0.02
71	5.7	-9.38	0
72	5.46	-6.86	1.37
73	1.81	-8.64	0.75
74	-2.25	-16.6	0.03
75	-1.28	-13.37	0.3
76	-0.17	-12.32	0.24
77	-1.14	-14.46	0.43
78	-0.56	-18.09	0
79	2.43	-16.09	0
80	6.81	-12.16	0
81	8.61	-7.13	0
82	9.55	-5.59	0
83	7.43	-6.49	0.12
84	4.52	-4.75	0.06
85	5.55	-5.32	0
86	8.79	-5.8	0
87	9.73	-6.49	0
88	10.78	-7.63	0
89	9.95	-6.36	0
90	13.02	-6.97	0
91	16.8	-5.58	0
92	16.06	-5.61	0
93	12.37	-6.97	0
94	15.23	-6.08	0
95	18.49	-4.64	0
96	18.35	-1.38	0
97	16.51	-1.81	0
98	14.93	-4.03	0
99	16.83	-4.27	0
100	15.67	4.06	1.29
101	12.91	-1.46	0.56
102	12.32	-2.68	0
103	15.35	-2.56	0
104	18.99	-1.29	0.16
105	19.56	0.45	0.3
106	16.9	-2.09	0.4
107	12.82	-1.82	0.03
108	12.15	-3.11	0.11
109	10.91	-3.82	0
110	10.62	-3.91	0.24
111	8.62	-6.97	0.42
112	11.5	-7.58	0
113	16.54	-5.32	0
114	16.87	-4.96	0
115	17.06	-3.46	0.02
116	17.42	0.86	0.31
117	15.68	-0.44	1.03
118	11.33	-1.33	0.52
119	17.51	-2.85	0
120	19.57	-2.59	0
121	18.83	-1.23	0
122	13.1	-6.58	0
123	14.24	-3.86	0
124	17.08	0	0
125	17.97	-1.67	0
126	20.4	-1.75	0
127	21.23	-1.63	0.21
128	18.76	-4.98	0.11
129	11.86	-10.15	0
130	14.82	-3.44	0
131	15.04	0.57	0.1
132	14.51	0.44	0.09
133	18.52	-3.34	0
134	21.13	-1.44	0
135	21.03	0.99	0
136	18.46	2.49	0.16
137	18.47	-1.43	0
138	23.43	1.52	0
139	25.71	1.22	0
140	24.68	5.34	0.01
141	22.01	5.45	0
142	15.17	-1.04	0
143	12.03	-5.56	0.03
144	13.55	-3.87	0
145	17.56	-3.7	0
146	20.57	-2.11	0
147	22.73	0.96	0
148	24.65	1.58	0
149	25.87	2.16	0
150	28.37	4.64	0
151	30.57	5.54	0
152	29.7	7.79	0
153	27.38	5.05	0.11
154	23.16	4.3	0.28
155	18.01	1.91	0.3
156	21.39	1.13	0
157	24.67	1.85	0
158	27.9	5	0
159	28.66	6.11	0
160	28.73	10.62	0
161	26.35	-2.04	0
162	22.01	-2.46	0
163	23.56	-0.6	0
164	23.5	1.21	0
165	25.78	3.89	0
166	27.23	7.25	0
167	26.5	4.95	0.01
168	28.11	5.09	0
169	29.32	4.05	0
170	28.06	5.18	0.01
171	27.6	6.6	0
172	27.95	7.84	0.02
173	27.68	7.24	0
174	29	3.85	0
175	29.7	3.78	0
176	31.02	7.52	0
177	31.19	8.57	0
178	28.8	8.45	0
179	30.55	9.14	0
180	31.1	8.81	0
181	32.29	7.64	0
182	32.49	8.25	0.01
183	32.26	8.15	0
184	30.59	11	0
185	28.59	10.31	0.03
186	28.61	9.61	0
187	29.44	9.17	0.01
188	31.46	9.34	0
189	33.4	10.99	0.01
190	32.12	10.15	0
191	31.79	9.65	0
192	31.17	9.03	0
193	31.37	7.2	0
194	31.91	8.45	0
195	32.65	10.76	0
196	33.24	9.37	0
197	32.72	10.16	0
198	31.53	9.19	0.02
199	30.58	9.89	0
200	29.49	11.71	0.02
201	26.28	10.62	0.55
202	25.98	8.25	0.17
203	29.41	8.72	0
204	29.75	10.17	0.3
205	30.78	8.44	0
206	29.73	11.61	0.57
207	23.49	9.41	0.25
208	25.09	6.57	0.15
209	25.44	7.82	0.14
210	27.5	4.66	0
211	29.67	5.69	0
212	31.03	8.33	0
213	31.17	6.89	0
214	28.78	9.38	0.09
215	25.08	10.95	0.08
216	26.7	8.63	0.06
217	26.13	13.38	0.7
218	24.49	10.52	0.58
219	24.56	8.32	0.86
220	25.09	8.28	0.04
221	25	3.04	0
222	26.48	1.38	0
223	28.19	2.45	0
224	27.7	4.74	0
225	25.37	3	0
226	26.12	3.31	0
227	29.33	3.87	0
228	30.46	5.01	0
229	29.82	3.63	0
230	29.13	7.48	0
231	29.27	4.96	0.06
232	27.69	12.06	0.62
233	22.47	8.42	1.3
234	23.71	4.85	0.01
235	25.08	5.9	0.02
236	25.72	4.32	0
237	27.07	2.45	0
238	28.59	3.6	0
239	27.93	6.54	0
240	27.28	4.27	0.03
241	25.66	6.7	0.17
242	21.11	3.07	0.03
243	25.32	4.44	0
244	25.9	2.45	0
245	26.76	2.55	0
246	26.98	4.38	0
247	26.79	4.9	0
248	27.49	5.43	0
249	25.8	5.76	0.21
250	23.21	8.02	0.19
251	21.74	6.49	0.79
252	20.61	7.22	0.07
253	21.16	6.97	0.04
254	20.41	8.25	0.47
255	17.29	7.54	0.28
256	19.93	5.43	0.04
257	20.94	1.42	0
258	24.43	2.43	0
259	24.02	3.3	0.02
260	22.23	3.55	0.95
261	12.77	4.1	0.66
262	12.05	0.28	0.01
263	16.8	-0.8	0
264	19.68	-0.38	0
265	19.43	-4.5	0
266	20.67	-2.82	0
267	22.12	-1.13	0
268	20.69	3.64	0.07
269	18.98	2.95	0.03
270	19.93	-0.64	0.09
271	19.49	-0.27	0.04
272	14.94	3.84	0.52
273	15.41	0.34	0.07
274	17.65	-1.65	0.12
275	15.96	-0.87	1
276	9.36	1.03	1.14
277	7.79	-0.13	0.25
278	10.45	1.64	0.02
279	13.36	-0.54	0
280	16.34	-1.88	0
281	16.95	-2.12	0
282	17.15	-3.3	0
283	18.91	-3.42	0
284	16.73	0.82	0
285	12.55	-8.51	0
286	14.15	-9.37	0
287	15.16	-7.48	0
288	15.25	-8.09	0
289	13.69	-7.66	0
290	15.28	-6.54	0
291	15.8	-6.88	0
292	15.56	-7.44	0
293	15.58	-7.54	0
294	15.33	-6.53	0
295	13.13	-6.83	0.3
296	7.76	-4.53	0.56
297	7.81	-1.71	0.21
298	7.74	-4.76	0
299	8.66	-4.05	0
300	10.87	-2.11	0.03
301	8.71	-4.9	0.3
302	3.94	-5.68	0.26
303	1.15	-9.69	0.19
304	-1.06	-8.94	0.34
305	-2.82	-9.51	0.32
306	-3.14	-8.58	0.35
307	-1.44	-15.54	0
308	1.73	-12.91	0
309	5.15	-11.08	0
310	7.79	-10.15	0
311	11.36	-8.79	0
312	8.34	-5.65	0.12
313	5.06	-3.05	0.57
314	0.78	-6.23	0.45
315	0.53	-8.33	0.1
316	2.26	-11.64	0
317	1.8	-7.07	0.3
318	1.93	-7.21	0.2
319	-0.21	-6.64	0.29
320	-0.1	-13.68	0
321	1.02	-10.68	0
322	2.92	-10.23	0
323	4.88	-8.97	0
324	7.73	-5.66	0
325	9.82	-6.72	0
326	10.95	-6.17	0
327	11.3	-5.36	0.34
328	6.89	-5.47	0.73
329	-2.48	-13.46	0.16
330	-4.11	-17.96	0
331	-2.35	-16.15	0
332	1.24	-14.62	0
333	4.37	-12.94	0
334	6.05	-10.67	0
335	4.12	-7.42	0.09
336	5.15	-3.97	0
337	4.89	-8.53	0
338	2.4	-6.5	0.02
339	2.88	-5.52	0.03
340	4.67	-5.08	0
341	4.06	-8.12	0
342	2.87	-10	0
343	4.02	-12.23	0
344	4.35	-12.15	0
345	1.75	-12.2	0.12
346	-1.02	-10.68	0.44
347	1.41	-12.61	0
348	3.83	-12.26	0
349	5.96	-9.97	0.23
350	5.31	-12.68	0.25
351	1.93	-7.2	1.16
352	-2.7	-9.13	0.43
353	-6.26	-22.06	0.09
354	-7.1	-20.54	0.05
355	-5.07	-12.24	0.3
356	-3.02	-12.55	0.01
357	-8.12	-24.1	0
358	-9.11	-20.28	0.12
359	-6.73	-20.29	0.1
360	-6.8	-19.62	0
361	-4.09	-15.72	0
362	-0.24	-14.76	0
363	1.95	-13.96	0.09
364	-0.4	-13.91	0.38
365	-4.99	-16.28	0.85
