#DOY	Tmax_C	Tmin_C	PPT_cm
1	-5.12	-18.25	0
2	-2.96	-20.21	0
3	-1.07	-15.43	0
4	1.54	-12.36	1.32
5	-2.21	-13.96	0.9
6	-9.65	-24.94	0
7	-8.5	-21.38	0
8	-2.6	-14.29	0
9	-0.69	-16.76	0
10	-1	-18.53	0
11	3.02	-14.07	0.88
12	-0.92	-20.12	1.51
13	-14.29	-22.16	0.54
14	-16.51	-26.01	0.52
15	-19.33	-33.16	0
16	-17.4	-31.05	0
17	-12.84	-30.46	0
18	-9.34	-26.5	0
19	-9.92	-25.41	0
20	-10.26	-26.29	0.13
21	-7.71	-20.27	0.41
22	-8.62	-24.55	0
23	-8.04	-22.27	0
24	-4.35	-21.04	0
25	-3.19	-19.34	0
26	-2.87	-20.39	0
27	-5.22	-22.46	0
28	-7.96	-25.98	0
29	-7.3	-23.47	0
30	-6.31	-19.23	0.18
31	-7.54	-16.12	0.3
32	-10.99	-26.05	0.27
33	-11.19	-26.59	0.22
34	-4.99	-17.62	0
35	-1.15	-18.64	0
36	2.59	-14.9	0
37	4.72	-10.8	0
38	3.55	-11.47	0
39	5.24	-9.65	0
40	2.4	-7.86	0
41	1.53	-7.19	0
42	3.16	-3.31	0.87
43	1.88	-3.69	0.49
44	0.22	-11.04	0.05
45	-1.53	-9.02	0.09
46	-2.3	-8.97	0.33
47	1.17	-5.93	0.04
48	2.41	-10.74	0
49	5.02	-13.39	0
50	3.14	-9.2	0.82
51	0.39	-17.17	0
52	2.97	-14.51	0
53	8.54	-11.31	0
54	6.53	-7.97	0.6
55	-0.85	-10.51	0.2
56	-3.75	-14.43	0.6
57	-1.57	-11.79	0.64
58	2.08	-9.64	1.27
59	-3.16	-12.65	0.22
60	-5.83	-19.05	0.49
61	-6.91	-15	0.41
62	-5.64	-23.63	0
63	-2.09	-19.63	0
64	3.15	-15.85	0
65	4.33	-12.02	0
66	5.91	-9.76	0.02
67	6.31	-7.93	0.77
68	4.63	-7.76	0.03
69	4.46	-5.12	0.04
70	5.03	-4.41	0
71	8.1	-5.7	0
72	11.48	-5.67	0
73	12.92	-5.14	0
74	12.44	-4.03	0
75	11.39	-5.89	0
76	15.1	-6.04	0
77	17.23	-5.45	0
78	17.84	-4.07	0
79	16.67	-2.07	0
80	13.77	-1.13	0.49
81	11.38	-3.36	0.04
82	13.14	-3.03	0.01
83	10.37	-1.33	0.21
84	12.32	-0.68	0.14
85	15.37	-2.49	0
86	17.29	0.85	0.5
87	12.44	-3.14	1.49
88	1.3	-6.94	0.12
89	1.08	-9.16	0.03
90	5.24	-9.34	0.18
91	11.11	-2.89	0.06
92	13.55	0.15	0.18
93	13.98	-5.8	0
94	15.09	-3.42	0.03
95	14.9	0.61	0
96	13.32	-4.55	0.02
97	11.43	-3.07	0.12
98	10.73	-1.67	0.33
99	11.93	-2.66	0.36
100	11.61	-4.45	0.76
101	3.71	-7.44	0
102	6.97	-8.06	0
103	9.15	-7.08	0
104	12.74	-9.32	0
105	16.93	-5.92	0
106	17.68	-0.99	0.1
107	14.38	-0.03	0.32
108	15.35	-0.53	0.26
109	13.34	-7.72	0.39
110	13.22	-6.2	0
111	12.51	-2.83	0.03
112	10.88	-2.91	0.27
113	10.94	0.33	0.5
114	10.38	-1.41	0.38
115	12.06	-5.21	0
116	14.05	-3.33	0.02
117	16.86	-4.06	0
118	19.97	-1.62	0
119	23.23	0.39	0
120	23.1	2.29	0
121	21.9	2.82	0
122	19.24	4.25	0.02
123	18.21	0.25	0.66
124	12.27	-3.66	0.81
125	7.23	-2.61	0.74
126	5	-2.97	0.25
127	9.47	-3.84	0
128	15.76	-2.56	0
129	19.14	-1.52	0
130	21.62	0.46	0
131	23.81	2.98	0
132	24.7	3.71	0
133	23.03	4.11	0
134	21.27	4.37	0.53
135	20.17	0.24	0
136	21.51	-0.04	0
137	21.55	1.73	0
138	22.79	1.4	0
139	22.88	2.31	0.01
140	22.63	3.38	0
141	21.31	3.65	0.3
142	16.51	-0.82	0.55
143	9.65	-2.47	0.17
144	13.63	-3.99	0
145	17.34	-0.49	0
146	19.65	-0.1	0
147	22.16	1.79	0
148	23.74	6.23	0.12
149	21.62	5.33	0.16
150	16.67	-1.43	0
151	18.4	-0.94	0
152	17.97	2.37	0
153	19.49	1.54	0
154	22.36	1.47	0.04
155	23.4	2.47	0
156	24.19	5.57	0.02
157	21.72	3.94	0.52
158	10.04	-0.71	0.51
159	14.36	-3.18	0
160	21.84	-1.08	0
161	24.71	0.78	0
162	25.06	4.11	0.14
163	23.15	7.79	0.15
164	21.12	3.01	0
165	24.47	2.56	0
166	26.88	3.96	0
167	29.4	7.11	0
168	28.61	9.83	0
169	26.59	-0.09	0
170	25.68	0.94	0
171	30.23	6.46	0
172	29.95	5.21	0
173	28.56	7.56	0
174	31.26	8.31	0
175	32.18	8.48	0
176	30.84	6.71	0
177	29.89	4.6	0
178	29.21	9.97	0
179	30.16	10.41	0
180	31.11	9.63	0
181	31.76	7.08	0
182	31.02	5.81	0
183	32.62	6.01	0
184	32.02	5.54	0
185	31.83	9.29	0.07
186	30.56	14.06	0
187	29.09	7.7	0.02
188	30.7	9.5	0.01
189	29.98	8.17	0
190	29.46	7.68	0
191	29.59	8.85	0
192	30.66	8.74	0
193	28.32	10.57	0.29
194	27.76	7.48	0.24
195	28.75	7.77	0
196	29.93	8.07	0
197	31.52	8.76	0.07
198	31.1	11.21	0.21
199	29.98	9.79	0.06
200	30.35	10.77	0.03
201	29.87	11.58	0.26
202	30.51	10.5	0.08
203	31.52	10.65	0.14
204	31.2	11.79	0
205	30.48	11.17	0
206	29.8	11.16	0.24
207	27.28	12.14	0.56
208	25.18	11.54	0.57
209	25.87	9.92	0.16
210	27.78	8.33	0
211	29.86	8.95	0
212	29.74	9.36	0.02
213	30.37	9.27	0.06
214	29.09	11.34	0.22
215	26.67	12.3	0.17
216	27.08	11.6	0.05
217	26.98	11.07	0.1
218	26.81	10.66	0.37
219	25.42	9.75	0.24
220	26.12	7.68	0.14
221	29.16	5.67	0.01
222	29.17	8.3	0
223	30.4	7.69	0
224	30.5	10.01	0
225	30.79	10.73	0
226	30.18	11.32	0.07
227	28.31	12.57	0.01
228	28.85	8.84	0.13
229	28.63	11.38	0.08
230	25.41	9.27	0.17
231	26.63	9.87	0.53
232	26.8	8.17	0
233	28.57	5.51	0
234	29.6	6.65	0
235	27.7	7.69	0.11
236	22.5	5.93	0.04
237	27.35	2.38	0
238	28.99	7.28	0.06
239	25.57	9.34	0.66
240	22.2	8.84	0.18
241	27.37	6.66	0
242	28.76	8.65	0.01
243	27.61	8.43	0
244	27.81	7.83	0.01
245	28.7	7.77	0
246	26.46	8.3	0.14
247	27.76	8.44	0.04
248	26.54	9.87	1.34
249	20.8	8.86	0.67
250	21.16	3.87	0
251	23.08	2.91	0
252	22.81	3.24	0.14
253	19.28	2.78	0.06
254	20.94	-1.74	0
255	23.63	0.51	0
256	24.94	1.8	0
257	25.12	4.78	0.04
258	23.75	6.43	0.06
259	22.59	7.75	2.88
260	18.8	5.66	1.84
261	18.72	1.22	0
262	20.95	2.16	0
263	22.84	1.87	0
264	23.05	2.02	0
265	24.42	3.53	0.12
266	23.48	5.03	1.42
267	11.06	1.73	0.91
268	11.49	-4.07	0
269	14.35	-3.76	0
270	18.25	-2.36	0
271	20.63	-1.1	0
272	19.61	3.58	0.29
273	13.84	-1.83	1.15
274	16.55	-3.1	0.66
275	15.92	-1.47	0.95
276	16.44	-2.56	0
277	20.42	-0.77	0
278	20.85	4.74	0.03
279	16.85	1.52	0.42
280	8.28	-2.41	0.22
281	11.57	-3.18	0
282	18.79	-2.69	0
283	21.5	0.12	0
284	19.14	-0.74	0
285	19.43	0.02	0
286	15.74	0.1	0.35
287	11.11	1.4	0.72
288	11.78	-4.14	0
289	14.45	-3.26	0.12
290	11.73	-2.56	0.24
291	6.02	-3.61	0.3
292	11.39	-1.29	0.1
293	15.96	-1.14	0.18
294	6.15	-5.06	0.91
295	3.04	-11.69	0
296	8.88	-7.61	0
297	13.96	-4.78	0
298	18.29	-4.31	0
299	18.05	-3.9	0
300	14.72	-5.96	0
301	15.26	-4.4	0
302	17.25	-3.73	0
303	15.48	-0.78	0.17
304	10.77	0.86	0.27
305	10.8	-5.09	0
306	10.42	-7.63	0
307	10.93	-8.68	0
308	13.54	-7.57	0
309	14.52	-7.7	0
310	14.09	-7.8	0
311	14.48	-8.4	0
312	14.95	-8.21	0
313	15.15	-6.71	0
314	15.71	-3.33	0
315	12.16	-5.07	0.01
316	12.35	-2.53	0
317	12	-5.72	0.18
318	10.77	-6.39	0.09
319	8.61	-11.82	0
320	12.2	-9.61	0
321	11.77	-5.7	0
322	11.78	-5.38	0
323	15.44	-6.21	0
324	11.57	-5.41	0.06
325	1.27	-11.48	0.01
326	-0.17	-16.77	0
327	-0.18	-15.67	0
328	0.91	-17.34	0
329	4.94	-15.11	0
330	4.91	-11.67	0.04
331	5.79	-11.71	0.22
332	2.59	-11.8	0.26
333	-3.61	-16.81	0
334	1.41	-12.45	0.32
335	4.48	-6.43	3
336	-1.74	-13.52	1.58
337	-3.05	-15.46	0
338	0.94	-12.33	0
339	1.71	-7.53	0.17
340	1.85	-4.77	1.03
341	0.15	-4.01	1.43
342	-0.64	-6.47	0.06
343	-5.24	-14.28	0.68
344	-7.03	-17.35	0.41
345	-8.08	-14.41	0.48
346	-7.21	-16.05	0.03
347	-7.53	-18.73	0.18
348	-8.35	-17.46	0.38
349	-10.7	-24.14	0.03
350	-4.86	-17.45	0
351	-4.21	-16.43	0
352	-3.13	-17.66	0.02
353	-2.01	-10.73	0.2
354	-2.33	-10.39	0.98
355	-3.48	-10.61	0.87
356	-9.75	-21.86	0.12
357	-8.24	-20.13	0.59
358	-2.63	-11.6	0.22
359	-3.21	-14.49	1.07
360	-9.85	-23.05	0.17
361	-13.18	-20.23	0.32
362	-14.28	-26.75	0.15
363	-10.89	-20.84	0.25
364	-5.48	-14.79	0.24
365	-7.88	-16.01	0
