#DOY	Tmax_C	Tmin_C	PPT_cm
1	0.34	-16.73	0.2
2	-0.95	-10.79	1.7
3	-4.24	-18.82	0
4	1.95	-15.47	0
5	5.17	-6.61	0.17
6	1.56	-10.08	0.52
7	-3.22	-14.21	0
8	-5.95	-16.48	0.02
9	-7.73	-22.79	0
10	-4.53	-23.35	0
11	0.31	-20.57	0
12	3.68	-16.42	0
13	2.03	-14.4	0
14	-2.86	-14.98	0
15	-7.95	-21.7	0.12
16	-11.74	-20.48	0.04
17	-12.51	-25.26	0.16
18	-8.57	-23.14	0.16
19	-7.46	-15.91	0.59
20	-8.98	-29.1	0
21	-8.25	-24.16	0
22	-5.04	-23.7	0
23	-1.73	-17.43	0.04
24	1.29	-8.79	0.19
25	1.32	-8.05	0
26	5.93	-5.87	0
27	6.04	-10.7	0
28	4.95	-9.1	0.32
29	1.57	-13.43	0.11
30	0.53	-14.46	0
31	2.51	-13.24	0
32	4.85	-10.81	0
33	5.91	-9.95	0.11
34	4.36	-6.98	0.12
35	2.31	-4.45	0.28
36	1.84	-15.26	0
37	3.2	-15.17	0
38	6.65	-13.94	0
39	8.16	-11.33	0
40	7.7	-9.93	0
41	7.74	-8.48	0.14
42	6.25	-4.52	0.45
43	6.54	-8.01	0
44	5.39	-3.46	0.64
45	3.4	-4.08	1.52
46	0.57	-6.9	0
47	-0.41	-11.76	0
48	-1.31	-8.66	0
49	-1.08	-12.17	0
50	-1.97	-14.7	0
51	-1.35	-12.26	0
52	-1.26	-16.88	0
53	0.27	-15.81	0
54	2.59	-11.52	0
55	4.2	-10.84	0.02
56	0.69	-8.82	0.42
57	-2.48	-9.86	0.89
58	-6.35	-14.72	0.19
59	-3.32	-16.74	0.02
60	3.05	-18.56	0
61	5.19	-14.35	0
62	7.42	-12.51	0
63	10	-10.72	0
64	10.87	-9.04	0
65	12.29	-9.59	0
66	11.36	-8.13	0
67	8.35	-5.71	0.1
68	5.51	-4.01	0.26
69	5.53	-6.34	0
70	6.01	-6.84	0.19
71	8.32	-6.5	0
72	12.65	-5.96	0.22
73	10.23	-4.73	0.4
74	6.86	-4.14	0.03
75	4.95	-4.52	0.6
76	1.44	-6.27	0.07
77	5.88	-6.49	0.22
78	6.72	-5.95	0.81
79	3.15	-7.63	0.88
80	1.2	-13.85	0.01
81	2.52	-9.52	0
82	0.31	-12.05	0.07
83	0.14	-11.19	0
84	1.11	-12.24	0.06
85	3.61	-12.21	0.25
86	2.49	-9.04	0.59
87	-0.83	-16.84	0
88	-3.67	-15.03	0
89	0.25	-16.28	0
90	7.69	-14.79	0
91	10.15	-9.42	0
92	7.95	-10.11	0
93	13.33	-9.1	0
94	14.33	-4.17	0.48
95	9.69	-3.27	0.29
96	11.83	-4.97	0
97	13.53	-6.26	0
98	13.8	-6.05	0
99	12.09	-2.09	0
100	11.97	-7.42	0
101	12.21	-5.67	0.3
102	8.54	-5.31	0.73
103	5.63	-8.94	0.02
104	13.34	-7.85	0
105	18.31	-7.1	0
106	19.74	-4.04	0
107	21.6	-4.28	0
108	21.51	-0.15	0
109	19.37	1.59	1.08
110	8.73	-4.1	1.11
111	10.25	-9.87	0
112	17.21	-6.74	0
113	21.3	-2.46	0
114	22.56	0.35	0
115	22.68	-0.24	0
116	21.87	0.14	0
117	21.79	0.3	0
118	21.27	2.31	0.22
119	20.66	1.94	0.06
120	20.64	0.91	0.11
121	17.85	2.7	0.59
122	11.66	-2.23	0.55
123	12.66	-0.28	0.02
124	16	-0.48	0
125	17.27	-1.2	0.01
126	20.19	-0.37	0
127	21.73	0.08	0
128	22.32	1.2	0
129	22.56	0.79	0
130	22.53	0.46	0.01
131	22.2	3.49	0.06
132	20.76	2.81	0.03
133	22.16	3.03	0.07
134	24.18	3.88	0
135	24.01	4.44	0.04
136	21.84	7.5	0.23
137	19.52	5.92	0.4
138	18.75	4.44	0.39
139	18.4	0.77	0.84
140	16.08	4.37	0.47
141	12.55	2.17	0.6
142	14.47	-0.99	0.56
143	15.44	1.55	0.35
144	14.76	2.58	0.18
145	15.75	0.18	0.22
146	13.01	0.3	0.49
147	12.23	-2.77	0.08
148	15.24	-1.57	0.23
149	14.47	-1.92	0.31
150	16.28	0.27	0.01
151	20.87	1.47	0
152	20.65	4.15	0
153	19.7	-2.51	0
154	20.03	-1.72	0
155	24.16	0.18	0
156	25.25	2.44	0
157	24.58	4.89	0.08
158	23.25	4.9	0.41
159	21.68	5.49	0.21
160	19.57	7.33	0.35
161	21.07	3.53	0.46
162	24.23	3.76	0.02
163	24.99	4.76	0
164	26.02	3.56	0
165	26.49	5.92	0
166	26.69	6.62	0.01
167	26.35	6.71	0.16
168	24.98	2.35	0
169	25.96	3.77	0
170	25.03	1.84	0
171	25.45	2.47	0
172	25.93	4.39	0
173	25.53	5.05	0
174	24.62	1.47	0
175	25.17	2.17	0
176	26.45	2.18	0
177	27.51	3.81	0
178	27.96	4.45	0
179	27.77	4.92	0.01
180	22.91	8.51	0.55
181	20.56	4.6	0.23
182	25.4	4.54	0.12
183	27.82	6.22	0
184	28.54	4.5	0
185	27.65	4.07	0
186	27.72	4.14	0
187	27.05	3.38	0
188	25.72	3.43	0
189	27.58	3.59	0.01
190	27.52	4.72	0
191	26.35	5.61	0.07
192	22.09	7.37	1.27
193	16.66	5.82	1.25
194	21.17	1.76	0
195	24.64	3.29	0
196	27.72	3.45	0
197	28.84	7.36	0
198	27.3	8.66	0.12
199	22.3	5.02	0
200	24.89	4.95	0
201	25.49	2.83	0
202	27.04	7.05	0.17
203	28.82	9.49	0.21
204	29.73	4.49	0
205	31.39	5.09	0
206	29.73	9.84	0
207	28.6	10.72	0.25
208	27.4	10.7	0.11
209	27.77	9.72	0.07
210	26.6	9.85	0.19
211	26.26	9.12	1.79
212	22.39	10.23	0.28
213	26.05	7.6	0
214	29.28	8.12	0
215	29	8.75	0
216	28.35	4.03	0
217	29.6	4.46	0
218	28.89	7.83	0.37
219	25.75	9.7	0.76
220	23.99	5.89	0.02
221	25.82	5.03	0
222	27.73	5.55	0
223	27.01	7.86	0
224	26.43	5.44	0.06
225	25.18	7.14	0.41
226	23.34	7.92	0.38
227	23.3	4.99	0.34
228	21.72	1.87	0.32
229	24.09	3.64	0
230	25.2	-0.04	0
231	28.01	2.39	0
232	27.67	5.63	0.04
233	24.05	9.28	0.42
234	24.32	8.18	0.07
235	21.94	8.57	0.44
236	16.08	8.33	0.62
237	17.86	6.42	0.3
238	18.58	2.69	0.25
239	20.36	1.5	0
240	21.82	2.14	0
241	24.2	2.23	0
242	24.84	2.8	0
243	26.4	2.65	0.04
244	27.53	3.56	0
245	27.66	6.61	0
246	25.58	6.05	0.03
247	20.06	5.6	0.15
248	20.38	0.64	0
249	22.31	0.64	0
250	21.88	3.51	0
251	22.78	2.3	0
252	22.98	2.66	0
253	22.45	0.31	0
254	21.84	-0.67	0
255	23.73	0.73	0
256	23.12	2.09	0.1
257	18.97	2.28	0.05
258	20.31	1.61	0.19
259	20.77	2.7	0.36
260	16.4	1.35	0.28
261	18.81	-4.05	0
262	20.44	-3.64	0
263	21.08	-2.09	0
264	21.44	-2.26	0
265	22.91	-2.53	0
266	25.08	-1.53	0
267	26.75	-0.39	0
268	25.73	3.05	0
269	23.09	3.17	0
270	20.19	2.59	0
271	18.14	-6.05	0
272	20.61	-5.75	0
273	21.91	-4.29	0
274	21.96	-3.26	0
275	23.31	-2.21	0
276	23.38	-2.77	0
277	22.31	-3.37	0
278	20.79	-2.41	0
279	20.04	-4.23	0
280	21.86	-2.43	0
281	20.73	-2.7	0
282	19.91	-2.73	0
283	17.26	-4.68	0
284	18.14	-7.63	0
285	21.36	-4.02	0
286	16.94	4.41	0.56
287	10.43	0.42	0.21
288	13.02	1.49	0
289	12.14	-5.8	0
290	14.84	-7.58	0
291	13.73	-5.79	0
292	10.9	-7.13	0
293	11.39	-11.32	0
294	14.96	-9.92	0
295	15.32	-7.23	0
296	15.55	-6.51	0.1
297	13.62	-0.65	0.59
298	12.29	1.53	1.04
299	12.53	-3.05	0
300	14.01	-5.93	0
301	16.27	-5.83	0
302	17.58	-4.58	0.04
303	12.31	2.45	0.47
304	11.82	0.68	0.15
305	15.17	1.74	0.56
306	10.92	1.92	0.78
307	10.86	-0.83	0
308	13.41	-2.95	0
309	16.55	-4.26	0.2
310	11.69	0.57	0.45
311	6.8	-1.86	0.17
312	8.14	-2.94	0.04
313	11.08	-7.74	0
314	8.33	-7.31	0.45
315	4.92	-9.38	0.08
316	6.34	-8.12	0
317	8.49	-4.64	0.01
318	6.18	-1.13	0.98
319	0.33	-6.5	0.47
320	-2.65	-16.72	0
321	-4.11	-9.85	0.2
322	-3.14	-18.17	0
323	2.22	-16.45	0
324	5.93	-12.5	0
325	5.54	-11.49	0
326	3.36	-11.78	0
327	3.15	-8.09	0
328	-0.22	-11.6	0.23
329	1.7	-13.4	0
330	1.72	-9.48	0
331	-0.11	-12.76	0
332	1.59	-13.95	0
333	0.84	-14.94	0
334	1.43	-15.02	0
335	0.61	-14.8	0
336	4.21	-9.44	0.09
337	10.4	-6.13	0
338	10.42	-7.65	0.08
339	5.04	-2.52	0.3
340	6.52	-4.4	0
341	7.43	-6.91	0.9
342	1.95	-11.78	0.05
343	-0.97	-12.83	0.06
344	6.36	-5.13	0.1
345	5.28	-7.47	0.1
346	-2.99	-14.62	0
347	-6.77	-16.61	0
348	-9.43	-18.16	0
349	-7.02	-21.55	0
350	-4.12	-19.65	0.02
351	-0.6	-11.58	0.02
352	-1.58	-10.22	0.03
353	-3.07	-8.61	0.33
354	-3.81	-21.85	0
355	-2.61	-16.78	0.12
356	-3.97	-15.18	1.55
357	-3.99	-10.2	2.6
358	-9.8	-18.6	0.24
359	-14.8	-31.52	0
360	-15.41	-30.98	0.02
361	-7.82	-22.32	0.19
362	-3.55	-16.42	0
363	-4.71	-21.04	0.05
364	-4.93	-18.01	0.38
365	-7.16	-17.49	0.06
