# weather for site 002_-119.415_39.046 year =  2006
# DOY Tmax(C) Tmin(C) PPT(cm)
1	6.42	-8.95	0.41
2	5.20	-3.35	3.65
3	2.43	-8.97	0.76
4	4.32	-5.96	0.00
5	5.30	-8.05	0.00
6	6.32	-7.76	0.00
7	8.07	-6.61	0.00
8	5.29	-6.20	0.00
9	5.35	-7.68	0.00
10	9.90	-8.27	0.00
11	9.66	-2.46	0.00
12	6.48	-8.72	0.00
13	10.68	-9.03	0.00
14	6.04	-4.54	0.51
15	1.19	-8.17	0.08
16	-0.82	-13.08	0.00
17	8.18	-9.76	0.00
18	4.20	-3.97	0.08
19	1.26	-9.58	0.00
20	1.84	-13.65	0.00
21	3.09	-11.81	0.00
22	2.84	-10.91	0.00
23	3.07	-13.08	0.00
24	3.44	-13.09	0.00
25	6.76	-13.00	0.00
26	6.44	-6.04	0.00
27	4.52	-6.89	0.00
28	5.99	-8.09	0.00
29	10.76	-5.27	0.00
30	11.07	-2.17	0.52
31	5.06	-8.56	0.08
32	11.69	-2.00	0.00
33	12.13	3.97	0.00
34	11.29	-7.84	0.00
35	11.39	-7.32	0.00
36	6.46	-12.58	0.00
37	6.77	-13.53	0.00
38	9.77	-13.27	0.00
39	9.81	-13.07	0.00
40	9.63	-10.86	0.00
41	9.37	-11.54	0.00
42	8.70	-12.06	0.00
43	11.03	-10.54	0.00
44	11.04	-10.49	0.00
45	11.60	-9.18	0.14
46	1.25	-12.56	0.77
47	-1.88	-18.21	0.00
48	-2.76	-15.00	0.26
49	-1.42	-14.49	0.02
50	-3.39	-11.97	1.01
51	-1.24	-16.21	0.00
52	2.10	-15.90	0.00
53	6.34	-12.41	0.00
54	8.83	-11.16	0.00
55	10.97	-9.69	0.00
56	13.22	-9.29	0.00
57	12.83	-5.70	0.00
58	11.34	0.45	2.73
59	6.79	-2.85	1.78
60	7.33	-9.25	0.00
61	7.55	-5.32	0.34
62	1.69	-5.92	0.56
63	3.70	-10.24	0.00
64	10.66	-7.31	0.00
65	7.58	-1.39	0.00
66	6.90	-6.75	0.00
67	6.80	-9.32	0.00
68	6.07	-5.01	0.12
69	1.80	-10.18	0.13
70	-1.06	-10.52	0.34
71	-0.89	-13.67	0.00
72	4.51	-11.02	0.03
73	3.76	-4.88	0.10
74	6.18	-12.46	0.07
75	8.21	-7.39	0.00
76	5.27	-6.24	0.39
77	2.19	-5.87	0.20
78	2.17	-8.24	0.00
79	3.41	-10.79	0.91
80	5.57	-8.64	0.27
81	9.52	-9.66	0.00
82	15.19	-4.91	0.00
83	15.55	-0.70	0.15
84	12.26	0.62	0.17
85	10.59	-9.39	0.00
86	13.88	-7.75	0.00
87	11.34	-2.63	0.71
88	6.98	-6.50	0.46
89	9.66	-7.16	0.00
90	10.64	-1.06	2.08
91	7.05	-5.53	0.00
92	8.75	-4.71	0.05
93	13.41	0.00	0.15
94	11.60	0.56	0.53
95	8.78	-1.66	0.08
96	11.75	-6.08	0.00
97	16.34	-4.63	0.00
98	13.89	-2.32	0.00
99	8.60	-4.85	0.00
100	9.39	-2.84	0.00
101	10.03	-3.22	0.11
102	15.38	0.95	0.11
103	17.46	-1.35	0.00
104	15.90	-0.20	0.17
105	13.98	2.10	0.00
106	10.27	1.02	0.02
107	6.83	-6.32	0.05
108	9.30	-10.10	0.00
109	14.50	-7.56	0.00
110	19.73	-5.53	0.00
111	17.61	2.45	0.52
112	11.34	-1.11	1.48
113	8.76	0.15	0.55
114	13.68	1.44	0.35
115	14.10	-0.42	2.24
116	16.15	0.31	0.58
117	18.66	0.33	0.00
118	20.86	1.85	0.00
119	22.93	1.00	0.00
120	21.75	4.77	0.00
121	22.39	1.48	0.00
122	19.44	2.38	0.00
123	18.12	-0.51	0.00
124	18.00	-0.48	0.00
125	18.56	-0.50	0.00
126	19.73	-1.02	0.00
127	22.20	0.17	0.00
128	21.15	1.67	0.00
129	18.89	1.67	0.00
130	20.91	-1.87	0.00
131	24.71	2.04	0.00
132	25.89	1.80	0.00
133	26.12	4.35	0.00
134	26.26	3.19	0.00
135	26.19	5.51	0.00
136	26.85	6.48	0.03
137	28.56	6.13	0.00
138	27.73	7.25	0.00
139	25.99	5.34	0.05
140	23.14	1.36	0.00
141	19.74	5.39	0.00
142	16.82	4.70	0.03
143	20.35	-1.42	0.00
144	23.22	2.23	0.00
145	24.07	1.60	0.00
146	21.42	7.54	0.00
147	13.04	-2.43	0.00
148	13.95	-5.38	0.00
149	17.39	-0.51	0.00
150	20.72	-1.67	0.00
151	25.71	0.45	0.00
152	27.70	2.76	0.00
153	26.25	8.24	0.00
154	27.31	4.84	0.00
155	26.57	6.56	0.00
156	29.25	5.14	0.00
157	31.12	8.27	0.06
158	29.17	9.28	0.00
159	27.01	3.93	0.00
160	25.19	3.65	0.00
161	25.37	2.78	0.00
162	26.41	4.99	0.00
163	26.25	9.47	0.00
164	20.50	5.49	0.00
165	19.49	-0.32	0.00
166	21.74	5.78	0.00
167	25.87	2.93	0.00
168	29.66	7.08	0.00
169	29.62	5.13	0.00
170	28.20	7.52	0.00
171	27.75	4.98	0.00
172	29.12	6.80	0.00
173	30.88	4.52	0.00
174	33.43	6.92	0.00
175	33.53	8.27	0.00
176	34.44	9.41	0.00
177	33.46	10.94	0.00
178	32.01	8.95	0.00
179	27.20	11.00	0.00
180	28.05	7.78	0.00
181	29.42	9.54	0.00
182	30.98	10.19	0.00
183	31.28	10.20	0.00
184	31.59	6.06	0.00
185	31.87	8.49	0.00
186	29.04	9.16	0.00
187	29.26	7.43	0.00
188	29.74	5.99	0.00
189	30.58	9.83	0.00
190	30.90	9.43	0.17
191	30.89	8.96	0.00
192	31.07	8.98	0.00
193	29.00	11.42	0.00
194	31.03	6.54	0.00
195	32.84	7.94	0.00
196	33.31	9.35	0.00
197	34.14	10.97	0.00
198	35.32	10.45	0.00
199	34.77	14.73	0.00
200	32.50	14.53	0.58
201	32.20	12.20	0.00
202	32.21	14.89	0.36
203	34.42	12.45	0.00
204	32.06	17.27	0.02
205	33.61	13.57	0.00
206	34.12	14.54	0.00
207	34.35	13.27	0.00
208	35.00	12.01	0.00
209	34.12	12.01	0.00
210	32.60	12.98	0.00
211	29.86	9.85	0.00
212	27.20	9.89	0.00
213	26.74	4.49	0.00
214	28.89	5.03	0.00
215	30.00	8.40	0.00
216	29.58	8.19	0.09
217	29.55	8.96	0.00
218	29.92	8.98	0.00
219	29.42	9.38	0.00
220	28.82	5.18	0.00
221	28.37	6.06	0.00
222	30.25	6.54	0.00
223	30.07	4.99	0.00
224	29.69	4.15	0.00
225	29.55	5.40	0.00
226	30.11	7.91	0.00
227	28.70	4.63	0.00
228	27.68	2.05	0.00
229	26.66	1.92	0.00
230	27.35	2.27	0.00
231	29.52	4.50	0.00
232	29.93	6.21	0.00
233	31.78	5.89	0.00
234	31.03	5.96	0.00
235	30.57	11.53	0.00
236	29.12	6.15	0.00
237	26.87	3.76	0.00
238	26.15	5.10	0.00
239	28.48	3.36	0.00
240	31.39	4.79	0.00
241	29.62	6.29	0.00
242	29.37	2.91	0.00
243	25.24	3.27	0.00
244	26.75	3.85	0.00
245	30.46	4.50	0.00
246	30.20	8.28	0.00
247	30.61	6.96	0.00
248	31.42	7.75	0.00
249	30.83	7.75	0.00
250	29.24	5.04	0.00
251	28.57	5.87	0.00
252	26.75	4.31	0.00
253	26.44	3.23	0.00
254	27.90	3.88	0.00
255	29.58	3.98	0.00
256	30.14	4.90	0.00
257	25.35	13.65	0.00
258	18.28	4.07	0.01
259	15.15	-5.75	0.00
260	19.59	-4.43	0.00
261	24.42	-2.10	0.00
262	23.47	6.58	0.00
263	18.39	-3.50	0.00
264	21.87	-0.68	0.00
265	17.39	0.21	0.00
266	16.21	-4.75	0.00
267	19.89	-5.08	0.00
268	21.80	-3.13	0.00
269	23.48	-2.25	0.00
270	25.13	-1.43	0.00
271	26.24	-0.71	0.00
272	26.24	-0.65	0.00
273	25.64	1.04	0.00
274	22.23	6.50	0.42
275	18.43	3.01	0.15
276	20.70	0.15	0.00
277	19.88	-0.33	0.00
278	16.28	-2.22	0.00
279	15.00	-1.88	0.02
280	15.39	-0.02	0.09
281	15.30	-1.83	0.00
282	15.76	-4.73	0.39
283	10.51	-0.95	0.12
284	12.98	-2.84	0.00
285	17.90	-3.88	0.00
286	19.22	-4.77	0.00
287	20.47	-2.54	0.00
288	22.08	-2.77	0.00
289	17.83	3.36	0.02
290	9.07	-2.10	0.00
291	11.95	-8.29	0.00
292	16.32	-7.14	0.00
293	17.96	-4.41	0.00
294	14.52	-5.55	0.00
295	15.83	-7.47	0.00
296	18.97	-6.68	0.00
297	19.28	-5.20	0.00
298	12.00	-6.15	0.00
299	9.66	-11.90	0.00
300	13.24	-11.29	0.00
301	15.08	-10.17	0.00
302	17.37	-9.67	0.00
303	17.27	-9.31	0.00
304	13.01	-8.38	0.00
305	11.47	-9.16	0.01
306	14.92	-6.00	0.04
307	12.39	0.95	0.93
308	9.92	-4.94	0.00
309	13.28	-5.10	0.00
310	15.74	-4.99	0.00
311	19.90	-4.99	0.00
312	18.52	3.42	0.01
313	10.92	-2.22	0.00
314	9.06	-12.97	0.00
315	9.35	-5.30	0.32
316	6.68	-12.94	0.03
317	9.98	-1.68	0.39
318	8.42	1.29	0.00
319	10.83	-10.38	0.00
320	14.56	-1.03	0.00
321	14.54	-6.32	0.00
322	14.52	-7.60	0.00
323	14.82	-5.07	0.00
324	17.77	-6.23	0.00
325	15.58	-1.62	0.00
326	14.23	-0.36	0.00
327	9.47	-2.02	0.00
328	5.87	-16.52	0.00
329	6.75	-14.92	0.00
330	6.60	-14.93	0.00
331	4.24	-4.37	0.00
332	1.82	-10.11	0.00
333	-0.54	-18.06	0.00
334	2.12	-18.07	0.00
335	4.67	-13.90	0.00
336	1.16	-16.45	0.00
337	0.66	-18.22	0.00
338	2.84	-17.21	0.00
339	4.66	-16.99	0.00
340	6.57	-15.32	0.00
341	7.24	-16.28	0.00
342	4.87	-16.46	0.00
343	10.67	-7.35	0.00
344	6.39	-3.27	0.00
345	5.94	-13.22	0.00
346	7.95	-4.84	0.00
347	11.10	-1.84	0.00
348	13.36	0.98	0.00
349	10.03	-3.75	0.00
350	2.11	-11.57	0.48
351	-3.48	-12.65	0.00
352	-4.12	-21.91	0.00
353	-2.70	-23.05	0.00
354	-0.61	-19.32	0.00
355	-0.84	-16.46	0.28
356	1.18	-9.28	0.12
357	2.88	-13.49	0.00
358	2.75	-12.14	0.00
359	11.34	-9.88	0.00
360	11.38	-2.08	0.42
361	6.12	-5.52	0.18
362	-1.95	-13.04	0.00
363	-2.01	-18.56	0.00
364	0.34	-17.34	0.00
365	1.41	-16.70	0.00
