# weather for site 002_-119.415_39.046 year =  2000
# DOY Tmax(C) Tmin(C) PPT(cm)
1	6.83	-15.38	0.08
2	1.62	-17.70	0.00
3	4.89	-11.14	0.00
4	8.47	-10.83	0.00
5	3.15	-14.71	0.00
6	0.71	-19.14	0.00
7	4.48	-11.45	0.00
8	9.94	-14.39	0.00
9	7.88	-8.20	0.00
10	10.44	-0.84	0.12
11	8.85	-0.67	0.28
12	8.51	-3.07	0.06
13	12.78	-9.64	0.00
14	13.46	-2.58	0.00
15	9.32	-5.17	0.21
16	7.44	-2.58	0.89
17	5.90	-6.25	0.21
18	9.54	-1.95	0.83
19	9.03	-6.62	0.00
20	10.05	-4.11	0.02
21	8.37	-7.41	0.00
22	5.49	-7.37	0.18
23	1.13	-4.46	0.81
24	3.05	-1.92	2.19
25	4.70	-2.25	0.85
26	5.78	-6.13	0.16
27	2.48	-7.48	0.00
28	1.04	-8.73	0.00
29	1.48	-12.91	0.00
30	3.76	-11.26	0.40
31	3.45	-5.20	0.02
32	8.53	-6.64	0.00
33	12.82	-8.27	0.00
34	12.52	-7.43	0.00
35	9.17	-4.36	0.00
36	12.87	-8.95	0.00
37	10.85	-9.23	0.00
38	10.27	-8.66	0.00
39	14.11	-3.45	0.00
40	11.06	0.78	0.00
41	8.44	-4.47	0.32
42	7.47	-8.79	0.00
43	5.81	-2.71	0.11
44	11.07	-1.96	0.32
45	7.58	-1.02	0.97
46	7.71	-7.90	0.13
47	2.80	-3.69	0.62
48	3.68	-3.08	0.27
49	4.84	-6.23	0.01
50	5.79	-8.77	0.00
51	7.67	-2.51	0.27
52	8.30	-4.53	0.02
53	8.00	-6.02	0.00
54	4.14	-3.65	0.28
55	2.73	-11.38	0.02
56	5.43	-10.48	0.30
57	11.13	-2.50	0.01
58	8.66	-1.43	0.64
59	7.58	-8.27	0.00
60	6.33	-5.63	0.02
61	6.26	-9.21	0.00
62	5.69	-7.34	0.01
63	8.84	-7.19	0.02
64	14.65	-8.05	0.03
65	9.67	-4.90	1.44
66	2.73	-4.60	1.99
67	3.95	-8.15	0.20
68	4.72	-4.61	0.52
69	5.92	-4.96	0.00
70	11.22	-9.18	0.00
71	11.84	-1.52	0.00
72	11.87	-2.93	0.00
73	14.86	-6.22	0.00
74	15.28	-1.03	0.00
75	13.91	-6.20	0.00
76	15.24	-5.13	0.00
77	13.31	-9.09	0.00
78	15.66	-7.40	0.00
79	13.27	2.61	0.00
80	6.20	-7.01	0.00
81	7.89	-11.90	0.00
82	14.88	-10.08	0.00
83	14.65	0.64	0.00
84	14.78	-5.93	0.00
85	17.76	-3.54	0.00
86	17.92	-5.23	0.00
87	16.53	-1.75	0.00
88	13.05	-6.89	0.00
89	12.65	-5.97	0.00
90	9.90	-5.28	0.00
91	11.59	-10.75	0.00
92	14.48	-7.78	0.00
93	18.93	-4.26	0.00
94	22.64	-4.01	0.00
95	20.90	2.14	0.00
96	21.07	-2.84	0.00
97	21.24	-0.76	0.00
98	19.14	-3.82	0.00
99	18.37	-3.76	0.00
100	15.87	-4.80	0.00
101	15.98	-2.12	0.00
102	20.19	-3.91	0.00
103	21.53	1.42	0.00
104	14.55	2.97	0.16
105	12.22	-3.54	0.00
106	13.59	-4.64	0.00
107	13.40	0.79	0.00
108	13.81	0.62	0.36
109	9.14	-2.08	0.00
110	13.24	-3.95	0.00
111	16.85	-0.11	0.00
112	19.30	-0.71	0.00
113	16.94	-1.03	0.00
114	16.56	-4.54	0.00
115	17.84	-6.10	0.00
116	19.81	1.03	0.00
117	23.74	-0.92	0.00
118	23.41	0.49	0.00
119	15.12	6.05	0.00
120	15.08	-6.46	0.00
121	21.26	-4.50	0.00
122	24.32	0.08	0.00
123	24.01	1.11	0.00
124	23.78	1.84	0.00
125	22.58	3.03	0.00
126	18.91	7.41	0.00
127	18.81	0.52	0.00
128	16.95	4.34	0.03
129	18.78	4.28	0.06
130	18.51	2.57	0.00
131	12.09	2.28	0.00
132	10.85	-10.39	0.00
133	14.49	-7.03	0.00
134	16.13	-0.26	0.00
135	16.84	-3.65	0.00
136	18.29	0.40	0.00
137	10.03	1.35	0.14
138	15.86	-0.10	0.00
139	19.77	-0.04	0.00
140	22.84	2.42	0.00
141	25.69	2.27	0.00
142	27.87	2.80	0.00
143	30.14	6.71	0.00
144	29.88	9.13	0.10
145	26.79	11.38	0.03
146	23.82	4.92	0.00
147	24.54	3.31	0.00
148	27.50	4.80	0.00
149	27.75	5.11	0.00
150	25.21	7.81	0.00
151	24.65	3.13	0.00
152	20.21	2.62	0.00
153	24.43	-1.58	0.00
154	27.73	3.12	0.00
155	29.49	2.99	0.00
156	30.65	5.04	0.00
157	27.46	10.78	0.00
158	28.29	2.26	0.00
159	26.63	5.81	0.00
160	17.95	7.03	0.00
161	19.32	0.57	0.00
162	22.51	2.37	0.00
163	25.17	0.67	0.00
164	25.91	8.14	0.00
165	27.04	5.87	0.00
166	30.79	6.37	0.00
167	31.57	7.84	0.00
168	30.36	7.83	0.00
169	27.00	4.57	0.00
170	27.81	8.38	0.00
171	27.23	6.41	0.00
172	26.89	4.61	0.00
173	30.82	4.89	0.00
174	31.01	7.05	0.00
175	30.80	8.40	0.48
176	29.61	8.63	0.00
177	28.81	11.05	0.00
178	29.26	8.98	0.00
179	30.61	9.07	0.99
180	30.68	10.95	0.00
181	31.22	10.72	0.35
182	29.55	10.39	0.00
183	28.11	4.11	0.00
184	26.48	4.98	0.00
185	23.79	8.40	0.00
186	23.59	2.50	0.00
187	22.60	4.09	0.00
188	24.02	2.30	0.00
189	25.73	6.36	0.00
190	26.17	4.79	0.00
191	27.55	5.66	0.00
192	28.75	9.41	0.00
193	30.97	8.99	0.00
194	31.85	10.84	0.00
195	32.04	7.95	0.00
196	31.46	7.46	0.00
197	30.69	8.25	0.00
198	29.79	9.54	0.00
199	28.18	9.46	0.00
200	28.49	6.06	0.00
201	29.96	5.24	0.00
202	31.82	6.93	0.00
203	33.90	8.29	0.00
204	32.75	6.04	0.00
205	32.21	6.72	0.00
206	32.65	5.48	0.00
207	32.40	6.96	0.00
208	31.74	7.44	0.00
209	30.88	6.20	0.00
210	32.08	8.69	0.00
211	32.99	8.70	0.00
212	34.48	11.86	0.00
213	35.20	12.15	0.00
214	35.09	12.45	0.01
215	33.85	11.35	0.00
216	31.13	8.28	0.00
217	29.55	7.12	0.14
218	31.09	6.93	0.00
219	31.35	10.98	0.00
220	31.25	10.88	0.00
221	30.84	10.15	0.00
222	30.19	10.67	0.00
223	27.99	6.04	0.00
224	28.80	3.80	0.00
225	30.79	4.18	0.00
226	30.94	2.80	0.00
227	31.47	4.44	0.00
228	32.25	6.09	0.00
229	32.83	5.94	0.00
230	31.72	5.88	0.00
231	29.01	5.55	0.00
232	27.74	2.24	0.00
233	26.61	2.25	0.00
234	26.99	2.90	0.00
235	29.48	4.38	0.00
236	29.34	5.78	0.00
237	29.75	6.97	0.00
238	29.75	6.54	0.03
239	29.86	9.00	0.00
240	29.87	7.25	0.00
241	29.38	8.47	0.00
242	24.19	11.63	0.00
243	17.20	11.21	0.01
244	23.40	5.28	0.07
245	19.64	4.51	0.07
246	17.35	4.24	0.04
247	18.94	-1.43	0.00
248	19.80	-1.56	0.00
249	17.44	-4.88	0.00
250	18.44	-3.70	0.00
251	23.87	-2.22	0.00
252	25.77	-1.68	0.00
253	26.02	-0.58	0.00
254	27.92	0.18	0.00
255	27.90	1.87	0.00
256	29.66	2.46	0.00
257	28.92	6.96	0.00
258	31.51	4.31	0.00
259	29.08	4.94	0.00
260	28.71	1.87	0.00
261	25.82	2.05	0.00
262	26.86	2.40	0.00
263	28.46	5.10	0.00
264	28.09	5.68	0.00
265	27.67	8.55	0.00
266	21.13	9.00	0.21
267	16.28	1.15	0.00
268	18.13	-6.02	0.00
269	21.52	-3.77	0.00
270	24.04	-2.83	0.00
271	25.29	-2.09	0.00
272	24.35	0.96	0.00
273	23.61	1.09	0.00
274	24.91	0.18	0.00
275	27.55	1.25	0.00
276	26.21	7.86	0.00
277	22.20	2.04	0.00
278	21.95	-0.45	0.00
279	21.95	-1.86	0.00
280	23.07	-1.77	0.00
281	22.77	-1.10	0.00
282	23.44	-1.78	0.00
283	21.73	-0.17	0.00
284	12.78	-1.24	0.01
285	8.44	-3.34	0.00
286	11.13	-4.20	0.00
287	13.07	-6.00	0.00
288	14.46	-0.66	0.00
289	17.42	-5.24	0.00
290	19.44	-4.41	0.00
291	20.96	-4.33	0.00
292	20.80	-3.20	0.00
293	20.42	-2.75	0.00
294	19.63	-3.57	0.00
295	8.37	0.59	0.02
296	6.13	-6.93	0.00
297	11.10	-10.01	0.00
298	15.95	-7.45	0.00
299	13.16	-4.13	0.00
300	7.93	-0.90	0.14
301	9.55	-1.83	0.03
302	11.87	-6.54	0.06
303	7.20	-0.46	0.29
304	6.24	-7.28	0.00
305	7.72	-6.50	0.00
306	9.98	-10.67	0.00
307	9.39	-6.35	0.00
308	9.16	-3.26	0.00
309	12.13	-10.98	0.00
310	10.82	-2.25	0.00
311	7.22	-2.25	0.00
312	5.83	-10.10	0.00
313	11.79	-11.24	0.99
314	1.30	-9.78	0.59
315	-0.51	-8.42	0.84
316	-2.24	-11.70	0.08
317	0.23	-16.25	0.00
318	2.55	-16.68	0.02
319	1.81	-7.42	0.00
320	1.75	-10.84	0.00
321	-0.33	-7.75	0.00
322	1.49	-15.14	0.00
323	3.87	-14.76	0.00
324	5.33	-11.88	0.00
325	6.55	-13.29	0.00
326	6.30	-12.31	0.00
327	6.31	-9.10	0.00
328	4.01	-12.85	0.00
329	7.42	-8.13	0.00
330	7.50	-9.09	0.00
331	8.71	-7.08	0.00
332	10.73	-6.55	0.00
333	10.35	-8.20	0.00
334	10.32	-7.95	1.62
335	5.35	-6.36	0.00
336	4.72	-10.25	0.00
337	7.33	-11.13	0.00
338	7.59	-11.90	0.00
339	6.00	-9.21	0.00
340	7.06	-11.14	0.00
341	5.62	-12.43	0.00
342	6.79	-7.64	0.00
343	8.88	-4.50	0.00
344	6.29	-9.05	0.00
345	8.33	-4.37	0.00
346	5.16	-10.51	0.17
347	2.07	-4.95	0.14
348	6.38	-9.63	0.00
349	5.88	-3.13	0.00
350	7.92	-1.43	0.00
351	5.47	-11.05	0.00
352	4.26	-10.92	0.00
353	1.66	-16.21	0.00
354	6.78	-13.89	0.00
355	8.43	-8.94	0.00
356	13.76	-11.20	0.00
357	8.01	-6.84	0.00
358	7.71	-12.65	0.00
359	4.15	-10.14	0.00
360	1.11	-15.00	0.00
361	1.33	-15.40	0.00
362	2.42	-15.81	0.00
363	4.16	-15.67	0.00
364	5.23	-15.33	0.00
365	6.68	-15.06	0.00
366	6.31	-16.18	0.00
