#DOY	Tmax_C	Tmin_C	PPT_cm
1	1.92	-7.29	0.11
2	-0.2	-11.77	0
3	2.01	-10.05	0.14
4	1.67	-7.94	0.46
5	-4.72	-15.08	1.21
6	-7.91	-14.66	0.72
7	-4.89	-16.12	0.12
8	0.99	-14.09	0
9	3.25	-2.27	0.42
10	4.12	-1.95	0.62
11	2.53	-2.86	2.16
12	0.01	-9.96	0.88
13	-4.28	-13.65	0
14	-1.5	-13.84	0
15	0.34	-15.16	0
16	0.6	-12.77	0.02
17	2.47	-7.63	0
18	2.57	-10.23	0
19	4.53	-7.59	0
20	6.09	-7.51	0
21	5.92	-7.77	0
22	6.56	-10.36	0
23	4.96	-10.63	0
24	5.84	-10.46	0
25	5.15	-11.35	0
26	2.86	-10.06	0.03
27	2.75	-7.89	0.33
28	2.59	-4.03	0.27
29	3.47	-7.32	0
30	1.77	-9.42	0.07
31	0.68	-9.8	0
32	1.2	-14.48	0
33	1.07	-14.6	0
34	2.39	-14.01	0
35	4.08	-12.76	0
36	5.07	-13.53	0
37	4.31	-13.26	0
38	-0.06	-10.65	1.19
39	-2.62	-10.36	0.6
40	-2.85	-16.39	0
41	0.43	-17.31	0
42	1.59	-16.45	0
43	1.31	-9.27	0.14
44	3.47	-5.49	0.16
45	4.49	-4.22	0.53
46	3.71	-9.05	0.78
47	-4.53	-16.01	0
48	-1.82	-22.03	0
49	0.28	-18.11	0
50	1.89	-9.63	0.26
51	2.52	-8.23	0.74
52	2.56	-5.08	0.65
53	3.51	-5.13	0.3
54	3.67	-5.78	0
55	4.41	-12.96	0
56	4.86	-12.65	0
57	4.24	-11.25	0
58	4.51	-11.62	0
59	4.77	-12.33	0.03
60	3.86	-9.99	0.1
61	3.3	-9.62	0
62	7.34	-10.29	0
63	7.65	-9.96	0
64	8.87	-9.39	0
65	8.44	-9.58	0
66	8.05	-8.82	0
67	6.93	-5.36	0
68	10.24	-5.9	0
69	9.24	-6.67	0
70	10.58	-8.54	0
71	12.26	-8.07	0
72	9.5	-7.08	0
73	-0.24	-13.02	0
74	1.06	-15.3	0.01
75	3.87	-10.66	0.04
76	4.15	-5.74	0.34
77	3.78	-7.11	0.02
78	6.29	-8.41	0.03
79	6.53	-4.99	0.7
80	4.39	-5.1	0.82
81	5.78	-7.62	0.15
82	8.82	-3.04	0.17
83	4.34	-2.99	0.39
84	3.85	-7.39	1.6
85	4.47	-7.1	0.49
86	6.7	-8.59	0
87	9.83	-4.95	0.69
88	8.56	-4.24	1.15
89	0.91	-5.7	0.84
90	1.55	-8.2	0
91	7.33	-10.7	0
92	11.98	-8.21	0
93	14.97	-3.13	0
94	14.68	-1.58	0.14
95	9.33	-4.76	0.14
96	10.88	-7.26	0
97	17.38	-4.65	0.08
98	17.78	-0.53	0.26
99	10.11	-7.15	0.2
100	6.1	-5.02	0.07
101	7.5	-5.87	0
102	11.71	-6.84	0
103	17.12	-4.3	0
104	17.09	-2.63	0
105	13.84	-6.79	0
106	17.96	-5.24	0
107	19.95	-2.26	0
108	19.42	-0.76	0
109	18.52	-3.32	0
110	15.91	-3.23	0.28
111	8.03	-6.69	0.22
112	11.01	-6.96	0
113	17.23	-4.49	0
114	17.74	0.71	2.38
115	10.93	-1.43	1.05
116	12.15	-4.04	0
117	12.79	-0.66	0.64
118	10.09	-0.73	2.25
119	4.94	-6.53	1.18
120	3.54	-6.79	0.32
121	6.76	-3.96	0.01
122	11.13	-7.25	0
123	13.58	-4.38	0
124	15.42	-0.84	0
125	16.41	1.24	0.01
126	16.02	3.21	0.02
127	11.74	-0.3	0.72
128	12	0.95	0.37
129	16.6	1.17	0
130	18.78	1.24	0.36
131	14.72	-1.89	0.32
132	8.82	-2.63	0.32
133	11.66	-0.89	0.44
134	16.33	-2.19	0
135	19.26	-0.39	0
136	20.23	4.46	0.04
137	19.03	1.11	0
138	16.86	-3.71	0
139	22.79	1.66	0
140	26.03	3.91	0
141	25.81	5.37	0
142	25.48	3.28	0
143	25.83	4.38	0.09
144	25.1	6.62	0.13
145	21.37	1.12	0
146	18.7	-1.66	0
147	19.91	-1.66	0
148	21.26	-0.37	0
149	21.64	2.77	0.43
150	14.24	4.07	1.74
151	15.23	-0.67	0.07
152	17.36	2.96	0.67
153	14.11	0.95	3.31
154	8.68	1.74	1.01
155	10.41	1.31	0.67
156	16.19	1.18	0.34
157	20.43	3	0.02
158	19.17	1.54	0
159	18.87	-3.37	0.04
160	19	2.04	0.59
161	14.23	3.7	0.36
162	16.18	-0.33	0.1
163	13.85	3.05	0.51
164	14.14	-1.22	0
165	20.92	-0.59	0
166	23.79	4.2	0
167	24.64	6.48	0.03
168	25.59	5.31	0
169	26.22	4.73	0
170	26.89	5.22	0
171	27.71	5.1	0
172	29.68	7.73	0
173	29.51	8.95	0.35
174	24.93	8.55	0.46
175	24.28	7.06	0.07
176	24.7	7.61	0.39
177	23.34	8.23	0.31
178	23.55	5.85	0
179	24.16	4.55	0.48
180	22.67	5.39	0.33
181	22.81	3.1	0
182	24.75	3.99	0.04
183	26.82	5.88	0.14
184	24.87	7.89	0.24
185	24.43	3.44	0.04
186	25.78	4.2	0
187	27.22	6.13	0
188	28.9	6.96	0
189	29.8	7.32	0
190	29.39	7.37	0
191	27.98	7.24	0
192	28.22	6.41	0
193	29.68	7.17	0
194	31.46	8.73	0
195	32.03	9.15	0
196	31.5	10.07	0
197	31.72	8.79	0
198	30.33	10.32	0
199	29.1	4.01	0
200	29.81	4.98	0
201	31.95	8.01	0
202	32.11	8.92	0
203	32.85	10.37	0.01
204	30.78	11.03	0.04
205	27.07	9.51	0.31
206	24.8	8.34	0.7
207	23.37	5.27	0.02
208	25.21	4.89	0
209	27.14	4.19	0
210	30.1	4.7	0
211	30.03	6.71	0
212	29.39	8.67	0.03
213	28.45	10.19	0.07
214	25.91	10.86	0.04
215	23.77	10.31	0.11
216	23.56	10.84	0.19
217	24.78	5.51	0
218	26.28	7.3	0
219	27.27	6.09	0
220	28.91	7.36	0.17
221	27.74	9.36	0.28
222	21.91	10.84	0.54
223	22.28	8.38	0.08
224	25.47	6.71	0.02
225	24.71	5.64	0.03
226	24.26	4.6	0
227	25.68	4.93	0
228	25.15	7.97	0.74
229	20.65	6.42	0.17
230	23.48	5.92	0.06
231	24.24	4.6	0
232	25.57	4.75	0
233	25.68	8.28	0.12
234	25.41	4.76	0.03
235	23.42	4.99	0.57
236	24.22	4.61	0.36
237	24.58	5.64	0.22
238	25.13	6.97	0.02
239	26.02	4.97	0
240	26.21	5.19	0
241	26.99	3.87	0
242	27	5.83	0
243	23.44	-1.68	0
244	24.06	0.02	0
245	25.9	1.24	0
246	26.62	2.76	0.02
247	25.12	7.68	0.01
248	25.42	5.89	0.01
249	26.01	3.83	0
250	25.91	5.25	0
251	25.86	6.76	0.4
252	23.35	8.49	1.25
253	21.94	5.09	0.1
254	22.42	3	0
255	20.99	3.42	0
256	17.67	-2.18	0
257	16.7	-0.49	0
258	19.41	-2.35	0
259	22.35	-1.45	0
260	21.25	-0.75	0
261	20.56	-2.41	0
262	21.54	-2.1	0
263	23.77	-1.91	0.01
264	23.29	2.71	0.97
265	18.47	2.33	0.46
266	20.96	1.35	0
267	21.75	2.81	0
268	20.27	1.94	0
269	20.4	-3.32	0.01
270	19.7	-0.21	0.76
271	17.85	2.74	0.18
272	18.67	-1.28	0
273	20.07	-1.22	0
274	22.04	0.14	0
275	22.1	0.98	0
276	22.74	7.37	0
277	18.71	-0.16	2.89
278	10.47	-1.93	0.06
279	10.82	-5.83	0
280	16.05	-4.1	0
281	20.46	-2.21	0.63
282	17.5	1.34	1.28
283	5.41	-0.91	0.21
284	4.63	-1.94	0.25
285	10.06	-2.67	0.02
286	15.02	-3.66	0
287	18.29	-2.67	0
288	20.08	-1.56	0
289	18.44	-2.22	0
290	17.94	-1.6	0
291	18.17	-1.43	0.38
292	14.75	1.32	1.05
293	11.18	3.51	0.11
294	13.33	1.91	0
295	14.43	-3.49	0
296	15.32	-3.84	0
297	16.42	-3.42	0
298	17.19	-2.94	0
299	16.06	-2.53	0
300	15.79	-1.97	0
301	13.42	0.78	0.14
302	11.02	0.94	0.29
303	6.74	-0.61	0.22
304	6.59	-8.38	0
305	11.49	-5.58	0
306	15.67	-4.65	0
307	13.95	-0.69	0
308	9.56	-0.85	0.24
309	5.31	-4.13	0.28
310	9.23	-2.15	0
311	13.6	-2.22	0
312	11.69	-0.52	0.01
313	13.08	1.42	0
314	15.54	-2.37	0
315	12.61	-2.83	0.99
316	6.39	-1.73	1.44
317	0.5	-5.5	0.79
318	0.84	-5.14	0.78
319	-2.09	-15.59	0
320	-3.25	-13.4	0.1
321	0.53	-8.41	0.36
322	0.97	-12.33	0.04
323	3.18	-10.21	0
324	4.7	-11.51	0
325	6.62	-10.84	0
326	7.31	-9.88	0
327	7.34	-10.02	0
328	7.67	-10.71	0
329	6.99	-11.38	0
330	6.36	-8.97	0.88
331	-4.1	-9.2	0.9
332	-7.49	-12.73	0.15
333	-7.88	-21.38	0.5
334	-4.64	-14.03	0.76
335	-3.53	-14.41	0.81
336	1.86	-6.97	0.85
337	-1.15	-9.66	0.03
338	-7.5	-14.46	0.21
339	-8.28	-20.94	0.13
340	-7.36	-17.09	0.33
341	-13.1	-30.78	0
342	-15.77	-32.08	0
343	-10.83	-26.75	0
344	-6.7	-23.17	0
345	-3.86	-19.41	0
346	-1.77	-20.87	0.1
347	-2.07	-15.32	0.47
348	-3.31	-18.35	0.01
349	-9.2	-26.37	0
350	-7.88	-23.8	0
351	-8.2	-21.58	0.45
352	-8.6	-14.73	0.64
353	-4.88	-12.55	1.36
354	0.58	-7.42	0.43
355	2.76	-8.03	0
356	4.99	-10.23	0.17
357	5	-7.24	0.01
358	1.64	-12.49	0
359	2.28	-11.86	0
360	3.48	-12.12	0.12
361	3.7	-7.83	0.41
362	2.27	-7.55	0.17
363	2.01	-6.35	0.13
364	-1.52	-12.9	0.01
365	1.86	-8.53	0.41
