#DOY	Tmax_C	Tmin_C	PPT_cm
1	-7.33	-24.68	0
2	-5.88	-23.11	0
3	-6.38	-22.09	0
4	-2.11	-16.21	0.04
5	0.94	-7.21	0
6	3.45	-7.29	0.02
7	2.63	-3.25	0.62
8	2.56	-6.63	0.14
9	0.23	-9.44	0.25
10	-2.11	-16.37	0
11	-0.19	-17.08	0
12	-0.02	-17.51	0
13	0.61	-19.95	0
14	-0.87	-17.49	0
15	0.26	-17.72	0
16	0.06	-17.94	0
17	0.59	-13.07	0.05
18	-0.65	-14.18	0.28
19	0.27	-12.06	0
20	2.34	-15.99	0
21	-0.69	-16.35	0.12
22	-0.07	-12.36	0.17
23	-1.39	-14.81	0.79
24	-0.44	-17.6	0.33
25	-0.68	-9.96	0.75
26	0.07	-12.73	0
27	1.71	-12.76	0
28	0.22	-11.89	0.26
29	-0.31	-15.3	0.14
30	1.15	-11.92	0.06
31	-4.31	-19.99	0
32	-4.56	-16.13	0
33	-5.6	-17.98	0.04
34	-4.73	-22.17	0
35	-7.4	-25.84	0.15
36	-3.57	-15.51	0.22
37	-3.42	-22.91	0.02
38	-2.95	-19.25	0.46
39	0.13	-12.69	0.54
40	3.75	-8.79	0.39
41	0.23	-13.14	0.39
42	-1.44	-14.57	0.1
43	1.23	-16.66	0
44	3.67	-15.27	0.13
45	2.8	-7.03	0.36
46	1.36	-10.91	0.05
47	2.77	-10.56	0.14
48	2.15	-10.97	0.09
49	3.74	-11.06	0.36
50	1.87	-7.32	0.32
51	1.59	-8.55	0
52	2.05	-14.58	0
53	4.01	-12.36	0
54	3.85	-13.11	0
55	5.63	-12.21	0
56	6.53	-9.76	0.12
57	4.73	-5.91	0.07
58	5.39	-4.72	0.13
59	4.57	-4.9	0.56
60	7.39	-3.27	0
61	9.92	-4.92	0
62	10.26	-6.84	0
63	4.3	-8.17	0.59
64	1.95	-3.7	0.9
65	1.83	-5.48	0.26
66	3	-8.8	0.08
67	3.47	-5.89	0.06
68	4.06	-8.59	0
69	7.65	-6.95	0
70	10.86	-5.16	0.02
71	11.79	-2.15	0
72	10.61	-5.11	0.1
73	6.86	-2.24	0.75
74	1.01	-5.67	0.83
75	2.45	-9.52	0.01
76	3.02	-6.85	0.47
77	0.88	-6.78	0.3
78	-1.2	-10.49	0.15
79	-1.48	-12.55	0.02
80	1.58	-13.53	0
81	3.99	-11.53	0.08
82	4.41	-6.11	0.21
83	3.86	-10.43	0.41
84	0.45	-6.66	0.81
85	-0.03	-9.52	0
86	3.75	-8.04	0.07
87	2.81	-4.07	0.53
88	3.7	-10.44	0
89	8.78	-5.79	0
90	7.28	-3.82	0.26
91	4.19	-7.05	0.12
92	4.13	-7.68	0.56
93	1.91	-8.19	0.96
94	-0.18	-10.04	0
95	0.71	-10.97	0
96	-0.88	-12.93	0
97	1.62	-15.39	0.85
98	3.03	-12.41	0.13
99	5.53	-5.87	0.03
100	9.92	-4.33	0.06
101	8.59	-4.44	0.82
102	3.67	-3.88	0.12
103	3.1	-9.77	0
104	1.69	-13.69	0
105	4.1	-12.81	0
106	8.03	-9.85	0
107	11.09	-9.73	0
108	15.44	-7.28	0
109	13.51	-0.98	0.13
110	14.36	-3.22	0.08
111	10.79	-2.3	1.15
112	9.32	-1.44	0.25
113	13.36	-1.36	0
114	17.91	-3.27	0
115	18.14	-2.31	0
116	12.63	-6.05	0
117	9.01	-1.7	0.27
118	7.16	-1	0.98
119	8.15	-1.03	0.44
120	8.12	-1.53	0.69
121	8.48	-1.38	1.15
122	7.28	-2.35	0.94
123	8.78	-1.21	0.46
124	12.11	-3.48	0.44
125	14.3	-1.25	0.24
126	11.22	-2.21	0.23
127	15.2	-0.26	0.01
128	16.82	-2.21	0
129	16.37	0.41	0
130	17.3	-5.31	0
131	15.94	-2.09	0.36
132	9.95	-3.93	0.3
133	10.06	-5.77	0
134	9.78	-5.24	0.11
135	8.36	-4.89	0.26
136	9	-2.4	0.7
137	5.32	-3.1	0.78
138	8.7	-6.28	0.08
139	10.74	-0.58	0.31
140	12.05	-4.34	0
141	15.64	-2.27	0.07
142	15.93	-0.34	0.17
143	18.96	-0.2	0
144	22.25	0.41	0
145	23.82	2.11	0
146	24.61	1.59	0
147	25.37	3.34	0.01
148	24.66	5.31	0
149	22.42	2.11	0.01
150	16.83	2.25	0.04
151	15.6	-2.65	0.06
152	13.93	2.95	0.63
153	13.01	2.06	0.42
154	18.02	0.38	0.01
155	19.08	2.74	0.13
156	15.32	2.6	0.18
157	16.51	-0.32	0.04
158	18	1.45	0.02
159	21.18	1.68	0.08
160	20.46	1.92	0.21
161	22.63	5.06	0.08
162	23.96	4.72	0.82
163	19.01	4.17	0.42
164	12.56	0	0.1
165	16.88	-0.61	0
166	21.52	0.73	0
167	22.93	3.61	0
168	24.01	1.11	0
169	26.51	3.95	0
170	26.47	4.62	0
171	26.73	4.01	0
172	27.47	3.75	0
173	28.26	2.67	0
174	27.82	7.58	0.26
175	24.46	8.2	0.85
176	23.43	8.35	0.34
177	22.34	7.05	0.09
178	16.78	8.42	1.01
179	19.9	5.77	0.02
180	23.47	2.53	0.01
181	24.53	5.23	0
182	25.05	3.7	0
183	23.87	5.52	0.32
184	21.72	7.57	0.82
185	22.65	0.58	0
186	27.02	3.42	0
187	29.88	8.35	0.02
188	29.31	10.71	0.02
189	28.13	10.95	0.23
190	27.56	10.05	0.76
191	24.68	9	0
192	24.35	3.17	0
193	26.48	5.52	0
194	29.55	5.66	0
195	29.9	6.22	0
196	27.8	7.76	0.04
197	27.77	4.91	0
198	29.05	7.4	0
199	30.36	9	0
200	30.1	11.74	0.34
201	28.9	10.35	0.03
202	27.68	9.42	0.62
203	26.59	9.33	1.5
204	21.92	11.8	0.98
205	26.4	7.52	0
206	27.41	7.83	1.05
207	24.27	9.5	0.15
208	21.86	9.18	0.61
209	25.58	8.77	0
210	28.55	6.69	0
211	30.52	9.22	0
212	29.26	9.64	0
213	26.44	10.73	0.12
214	26.91	9.08	0
215	27.76	8.36	0.13
216	27.68	10.28	0.69
217	28.79	10.95	0.03
218	30.26	9.83	0.07
219	30.42	10	0
220	30.92	9.72	0
221	31.53	11.03	0.15
222	31.34	9.19	0
223	29.05	10.38	0
224	26.36	10.42	0.14
225	26.93	10.17	0
226	28.87	9.67	0.07
227	28.29	10.3	0
228	28.59	10.04	0
229	28.88	10.2	0.26
230	28.14	11.01	0.52
231	27.15	8.4	0.44
232	24.09	9.24	0.3
233	27.09	7.1	0
234	27.47	6.31	0
235	27.03	5.59	0
236	26.69	5.5	0
237	26.37	6.13	0.03
238	28.31	6.8	0
239	29.35	6.29	0
240	28.68	7.3	0
241	26.15	7.11	0.01
242	26.08	5.59	0.14
243	27.56	6.07	0
244	29.38	6.36	0
245	29.22	10.42	0
246	26.23	7.92	0.34
247	23.65	7.58	1.03
248	21.06	2.69	0
249	24.45	0.83	0
250	27.46	2.2	0.1
251	24.69	8.91	0.62
252	25.52	7.27	0
253	24.56	4.42	0
254	23.8	0.1	0
255	24.35	0.85	0
256	24.37	1.66	0
257	22.85	3.77	0.06
258	22.46	2.4	0
259	23.8	-1.08	0
260	24.19	-0.74	0
261	24.62	1.1	0
262	20.55	6.12	0.37
263	13.08	-9.82	0
264	15.96	-10.42	0
265	19.83	-7.68	0
266	20.16	-1.66	0
267	19.66	2.29	0.04
268	21.2	0.51	0
269	22.75	0.24	0
270	20.83	4.41	0
271	22.1	-0.06	0
272	20.64	1.5	0
273	16.79	1.76	0.1
274	16.01	0.32	0.7
275	13.85	2.25	1.41
276	4.65	-1.74	1.55
277	12.8	-4.45	0.02
278	17.92	-1.48	0
279	19	-1.89	0
280	19.71	-0.77	0
281	19.96	-0.54	0
282	17.82	0.38	0.14
283	13.69	1.73	0.72
284	9.4	0.86	0.1
285	11.64	-2.74	0
286	16.49	-4.35	0.4
287	14.97	-0.89	1.06
288	9.07	-1.9	0.48
289	11.42	-5.46	0.08
290	13.68	-4.69	0.12
291	13.7	-1.4	0.16
292	13.58	-8.16	0
293	13.7	-8.16	0
294	15.78	-6.67	0
295	16.88	-5.79	0
296	18.18	-5.01	0.04
297	13.71	-4.62	0.18
298	11.58	-8.3	0
299	15.46	-7.35	0
300	17.88	-5.87	0
301	16.63	-6.84	0
302	16.03	-6.25	0
303	15.24	-5.59	0
304	12.64	-0.59	0.08
305	14.52	-3.15	0.02
306	13.1	-3.14	0
307	13.73	-6.54	0
308	17.04	-5.85	0
309	14.09	-4.84	0
310	14.24	-6.54	0
311	15.94	-5.34	1.12
312	11.2	-4.77	2.51
313	1.8	-9.18	0.12
314	3.35	-10.7	0
315	3.25	-7.12	0
316	7.1	-3.61	0.37
317	4.74	-4.6	0.68
318	2.13	-6.35	1.11
319	1.19	-13.7	0
320	4.92	-12.08	0
321	7.84	-9.23	0.38
322	5.29	-4.04	0.42
323	0.36	-7.82	0.01
324	-1.79	-7.65	1.48
325	-0.1	-6.71	0.86
326	-4.77	-12.95	0.08
327	-6.55	-18.49	0.06
328	-4.77	-14.73	0.28
329	1.82	-7.72	0.99
330	-0.54	-11.09	0.71
331	-7.52	-14.62	0.07
332	-4.97	-15.09	0.18
333	-5.58	-13.38	0.5
334	-6.52	-17.77	0.07
335	-1.21	-11.38	0.57
336	1.41	-5.93	0.95
337	-0.38	-13.33	0.09
338	-2.19	-8.77	0.81
339	-5.92	-15.87	0.45
340	-8	-20.65	0.04
341	-0.79	-11.71	0.09
342	0.35	-6.1	0.19
343	1.79	-8.41	0.06
344	2.28	-6.28	0.12
345	2.31	-11.15	0
346	-0.62	-10.08	0.32
347	-2.44	-12.44	0.49
348	-5.19	-16.68	0.35
349	-3.73	-15.05	0.39
350	-5.22	-16.35	0.08
351	-3.4	-13.89	0.63
352	-5.76	-17.64	0.04
353	-3.24	-12.69	0.95
354	-6.2	-22	0.72
355	-15.81	-28.57	0.1
356	-14.36	-30.13	1.34
357	-15.04	-20.2	1.36
358	-17.62	-23.24	1.73
359	-10.97	-20.68	2.46
360	-4.81	-16.03	1.28
361	-1.95	-9.15	1.11
362	-5.98	-25.02	0.17
363	-16.52	-31.37	0.1
364	-4.97	-25.45	0.29
365	-0.85	-10.06	1.37
