#DOY	Tmax_C	Tmin_C	PPT_cm
1	-3.25	-11.83	0.07
2	-7.07	-24.79	0.16
3	-5.41	-17.44	1
4	-2.09	-10.32	1.05
5	-4.97	-13.7	0.16
6	-8.45	-24.06	0.01
7	-0.73	-13.49	0
8	0.15	-17.34	0
9	1.7	-11.85	0.02
10	2	-7.66	0.27
11	0.35	-17.5	0
12	-0.66	-16.15	0
13	2.35	-16.06	0
14	1.58	-16.34	0
15	1.99	-16.15	0
16	3.81	-8.44	0.45
17	3.97	-12.6	1.16
18	-7.57	-23.04	0.14
19	-7.29	-19.1	0.82
20	-3.71	-13.69	0
21	-1.83	-15.8	0
22	-2.82	-11.64	0.69
23	-7.6	-19.11	0.31
24	-4.31	-14.92	1.05
25	-4.19	-12.89	2.3
26	-9.13	-18.01	0.17
27	-9.93	-25.8	0.18
28	-4.5	-16.06	0.5
29	-5.95	-18.79	0.48
30	-4.6	-10.47	2.65
31	-4.79	-11.34	1.78
32	-8.48	-25.13	0.12
33	-16.43	-34.12	0.03
34	-14.87	-33.04	0
35	-8.78	-27.13	0.27
36	-0.47	-17.39	0.42
37	2.44	-9.81	0
38	3.35	-7.15	0
39	3.43	-8.79	0
40	4.24	-11.2	0
41	3.87	-11.2	0
42	-1.84	-19.26	0
43	-0.92	-21.72	0
44	1.37	-19.31	0
45	2.68	-16.03	0
46	1.86	-15.75	0
47	1.91	-13.87	0
48	3.31	-13.78	0.14
49	3.76	-6.8	0.34
50	5.03	-5.78	0.2
51	4.18	-5.1	1.71
52	1.72	-3.4	1.12
53	3.47	-5.21	1.99
54	-0.87	-17.92	0.02
55	4.94	-15.29	0
56	5.49	-8.7	0
57	2.27	-10.3	0.38
58	-4.16	-15.16	0.14
59	-5.4	-19.24	0
60	-3.35	-18.86	0.03
61	-2.55	-14.62	0.14
62	1.53	-10.07	0
63	2.59	-14.69	0
64	4.43	-7.61	0
65	3.71	-4.99	0.1
66	0.59	-10.14	0.1
67	-0.83	-11.46	0
68	2.13	-12.04	0
69	5.2	-10.1	0
70	6.4	-8.17	0
71	7.94	-7.77	0.02
72	6.12	-5.39	0.27
73	5.22	-4.32	0.1
74	6.25	-4.5	0.08
75	5.85	-8.96	0
76	5.69	-6.57	0.28
77	3.49	-5.59	0.92
78	3.36	-8.54	0.3
79	2.15	-11.9	0
80	5.58	-10.84	0
81	9.79	-9.42	0
82	12.76	-5.4	0
83	9.67	-2.45	0.52
84	1.31	-12.54	0.17
85	0.58	-18.01	0
86	0.17	-17.22	0
87	6.61	-13.86	0
88	11.25	-7.51	0
89	9.42	-3.89	0.04
90	7.64	-7.12	0
91	9.97	-2.89	0.02
92	15.19	-5.52	0
93	15.97	-4.19	0.05
94	11.04	-4.35	0.03
95	8.27	-5.73	0
96	9.74	-6.38	0
97	12.78	-6.91	0
98	14.37	-3.87	0
99	17.87	-2.63	0
100	20.35	-1.82	0
101	20.65	-0.21	0.53
102	16.17	-2.19	2.04
103	8.33	-2.99	0.56
104	4.88	-5.12	1.37
105	2.84	-6.3	0
106	9.97	-7.34	0
107	14.44	-5.55	0.02
108	13.68	-2.73	0.39
109	9.46	-6.36	0.94
110	5.37	-6.91	0.36
111	3.26	-9.14	0.48
112	4.64	-10.51	0.34
113	7.07	-7.97	0
114	13.78	-0.86	0
115	19.16	2.96	0.02
116	17.69	-1.1	0
117	13.96	-3.85	0
118	13.04	-1.94	0.03
119	7.81	-6.48	0
120	8.63	-10.36	0
121	10.94	0.98	0
122	12.25	-0.39	0.01
123	15.53	0.78	0
124	16.28	-2.42	0
125	17.59	-3.13	0
126	20.77	-3.51	0
127	20.02	-1.87	0
128	20.52	0.18	0
129	19.87	1.55	0
130	17.96	1.43	0.31
131	17.49	-1.6	0
132	20.08	-1.27	0
133	23.47	0.55	0
134	25.05	0.69	0
135	25.25	3.8	0
136	25.14	0.99	0
137	24.83	4.59	0.22
138	23.12	4.62	0.29
139	21.45	4.47	0.26
140	17.46	1.43	0.2
141	17.23	-0.19	0.6
142	17.22	-1.97	0
143	19.6	4	0
144	17.91	2.62	0.57
145	13.34	2.15	0.16
146	12.5	2.98	1.01
147	11.93	-0.12	0.27
148	11.26	2.01	0.23
149	13.25	1.64	1.1
150	17.19	0.41	0.11
151	19.62	2.95	0
152	18.3	0.63	0
153	17.64	-0.03	0.02
154	18.57	-1.62	0
155	21.55	0.34	0
156	24.1	2.36	0
157	24.61	3.53	0.01
158	22.52	2.6	0
159	23.36	0.92	0
160	26.45	4	0
161	27.81	5.27	0
162	27.86	5.17	0.05
163	26.76	4.47	0.16
164	26.11	4.85	0
165	25.7	5.52	0
166	24.41	5.19	0
167	18.9	4.14	0.12
168	24.22	4.99	0
169	26.54	5.2	0
170	26.79	2.58	0
171	26.51	2.16	0
172	25.93	4.14	0.44
173	23.93	5.6	1.55
174	21.88	8.49	0.06
175	24.33	3.29	0
176	25.69	3.79	0
177	26.2	4.52	0
178	26.59	6.71	0.24
179	23.12	8.57	0.11
180	22.61	5.86	0.01
181	23.11	1.24	0
182	26.78	4.25	0
183	28.56	4.43	0
184	29.19	5.1	0.02
185	29.41	8.06	0
186	29.99	8.21	0.02
187	28.9	11.22	0.13
188	28.79	8.43	0
189	29.4	6.44	0
190	28.34	6.78	0
191	25.47	9.28	0
192	26.43	6.84	0.01
193	27.94	5.86	0
194	28.86	4.07	0
195	28.12	6.1	0
196	27.64	6.26	0
197	28.01	6.86	0.03
198	27.49	9.75	0.09
199	25.14	8.75	0.29
200	25.34	9.1	0.31
201	28.29	9.26	0
202	28.96	6.8	0
203	28.26	3.69	0
204	28.7	4.51	0
205	28.46	4.15	0
206	27.86	4.43	0
207	27.82	7.74	0
208	28.44	5.34	0
209	29.13	7.01	0
210	28.08	8.21	0.35
211	25.12	10	1.32
212	24.31	8.14	0.21
213	26.59	6.05	0
214	28.29	6.33	0.02
215	28.78	7.15	0.08
216	28.03	8.3	0.57
217	25.45	8	0.09
218	26	1.94	0
219	24.93	3.15	0
220	25.53	1.37	0
221	27.64	4.05	0
222	27.97	6.15	0
223	28.54	3.78	0
224	29.28	4.6	0
225	30.77	4.6	0
226	31.16	5.88	0
227	30.46	6.57	0
228	28.37	6.53	0
229	27.82	6.82	0
230	28.57	6.99	0
231	24.91	9.5	0.01
232	25.39	7.45	0
233	27.62	8.09	0
234	26.7	7.77	0.02
235	26.27	6.45	0
236	27.65	4.84	0
237	28.2	5.95	0
238	28.71	4.95	0
239	28.54	7.24	0.01
240	25.89	9.58	0.11
241	27.03	8.38	0.07
242	25.92	4.24	0
243	24.97	3.52	0
244	26.34	3.36	0
245	27.27	2.38	0
246	27.03	2.69	0
247	27.53	2.49	0
248	29.31	5.52	0
249	26.51	6.61	0.55
250	19.31	6.68	0.19
251	20.52	1.06	0
252	23.14	1.21	0
253	25.38	2.21	0
254	27.28	2	0
255	25.11	6.09	0.19
256	21.25	7.91	0.3
257	19.79	5.66	0.13
258	18.56	4.28	0.2
259	18.46	1.61	0.05
260	20.42	1.83	0.39
261	17.92	-1.78	0.58
262	10.76	-1.07	0.06
263	9.72	-2.66	0.22
264	12.45	0.17	0.16
265	18.5	0.48	0
266	19.09	3.74	0.34
267	21.24	1.69	0.56
268	20.09	2.91	0.49
269	16.54	4.73	0.41
270	6.72	-4.51	0.11
271	6.33	-7.84	0
272	15.46	-6.19	0.12
273	21.56	-2.11	0
274	23.41	-3.16	0
275	22.12	-0.91	0
276	23.2	1.45	0.3
277	18.16	5.09	0.17
278	16.51	0.17	0
279	19.67	-0.48	0
280	21.4	-1.31	0
281	20.79	-1.99	0
282	20.95	-1.99	0
283	21.68	-1.45	0
284	22.76	0.16	0
285	24.04	0.41	0
286	23.94	-0.16	0
287	23.19	0.31	0
288	20.67	1.09	0
289	16.85	-4.86	0.13
290	14	-4.68	0.46
291	6.55	-9.63	0.05
292	12.04	-10.52	0.37
293	14.87	-3.76	0.53
294	4.72	-8.96	0.52
295	-0.67	-12.98	0
296	0.44	-12.82	0
297	4.37	-8.95	0
298	4.88	-9.24	0.18
299	2.56	-5.03	0.85
300	0.85	-5.42	1.12
301	-2.29	-15.3	0.12
302	-0.98	-14.23	0.68
303	1.31	-7.04	0.32
304	2.56	-5.76	0
305	5.43	-5.63	0
306	4.25	-4.89	0
307	7.69	-9.26	0
308	7.95	-8.35	0.06
309	8.26	-5.35	0.5
310	4.77	-4.07	1.28
311	-1.91	-17.34	0.02
312	-1.5	-16.24	0
313	2.63	-11.92	0
314	7.47	-8.1	0
315	9.39	-8.28	0
316	10.32	-9.51	0
317	12.35	-7.93	0
318	11.99	-5.71	0
319	9.4	-4.69	1.46
320	4.77	-6	1.85
321	-4.19	-9.6	0.36
322	-3.84	-15.02	0.24
323	2.46	-8.26	0.06
324	7.4	-3.01	0
325	9.99	-2.74	0
326	11.97	-5.74	0.29
327	11.35	-2.18	1.31
328	3.47	-1.68	1.21
329	2.17	-8.2	0.04
330	5.23	-6.94	0.08
331	2.21	-6.22	0.07
332	1.46	-8.93	0
333	2.74	-13.88	0
334	0.1	-10.83	0.4
335	-2.48	-10.36	0.42
336	-3.41	-14.72	0.2
337	-2.23	-13.72	0.17
338	-6.3	-21.27	0.05
339	-5.35	-18.57	0.12
340	-1.42	-17.34	0.82
341	-2.59	-9.29	0.19
342	-1.28	-14.75	0.03
343	3.22	-8.91	0
344	3.66	-11.75	0
345	5.72	-5.66	0.06
346	2.97	-3.01	1.23
347	4.38	-6.78	0.01
348	4.99	-3.02	0.22
349	0.69	-11.59	0.46
350	-7.86	-20.2	0.32
351	-6.48	-14.14	0.99
352	-10.32	-29.2	0
353	-14.39	-30.93	0.14
354	-10.18	-23.72	0.72
355	-7.59	-21.97	0.14
356	-2.25	-11.15	0
357	0.44	-5.46	0.22
358	-1.83	-9.85	0.27
359	-3.41	-14.37	0
360	-1.97	-15.24	0.07
361	1.95	-8.86	0.28
362	3.38	-2.24	0.01
363	1.81	-6.28	0
364	3.66	-9.44	0.01
365	1.42	-7.96	0
366	2.88	-8.86	0
