#DOY	Tmax_C	Tmin_C	PPT_cm
1	9.6	-9.28	0
2	9.36	-9.77	0
3	9.25	-9.5	0
4	8.03	-8.34	0.14
5	3.26	-4.8	0.38
6	1.33	-10.63	0
7	4.02	-13.38	0
8	4.81	-13.97	0
9	6.19	-14.92	0
10	5.97	-13.03	0
11	5.58	-13.95	0
12	4.09	-16.15	0
13	4.89	-16.98	0
14	6.5	-16.9	0
15	5.07	-13.77	0
16	4.13	-11.64	0
17	6.02	-10.21	0
18	6.05	-11.65	0.02
19	4.47	-11.53	0
20	5.69	-13.83	0
21	7.19	-14.82	0
22	10.02	-14.87	0
23	11.91	-13.66	0
24	8.1	-12.17	0.1
25	0.1	-12.17	0.14
26	-2.59	-16.13	0.04
27	0.65	-9.47	0.17
28	5.74	-5.47	0.29
29	4.02	-4.56	0.32
30	4.26	-9.83	0.23
31	-0.7	-9.32	0.39
32	-7.27	-11.91	0.25
33	-1.42	-19.51	0.02
34	1.78	-19.7	0
35	-0.37	-20.62	0
36	0.74	-20.95	0
37	-0.24	-15.96	0
38	-0.91	-14.39	0.01
39	-1.24	-12.12	0
40	1.2	-11.15	0.44
41	-1.17	-24.15	0.4
42	-8.95	-27.22	0
43	2.31	-13.79	0.06
44	6.66	-15.2	0
45	5.76	-12.21	0.03
46	5.61	-6.58	0.15
47	8.59	-7.46	0
48	4.1	-7.46	0.14
49	6.14	-8.84	0
50	10.38	-7.73	0
51	5.57	-6.52	0.56
52	0.66	-13.44	0
53	3.75	-9.98	0.01
54	9.02	-11.5	0
55	12.12	-9.51	0
56	12.91	-8.13	0
57	7.34	-6.7	0.04
58	7.08	-4.96	0.17
59	8.39	-9.13	0
60	9.1	-8.51	0
61	7.73	-7.29	0.13
62	1.38	-4.81	0.73
63	5.33	-5.11	0.2
64	8.4	-8.48	0
65	8.56	-6.02	0.47
66	4.96	-6.84	1.47
67	5.35	-6.67	0.07
68	7.44	-8.44	0
69	8.78	-8.46	0
70	8.91	-7.57	0.24
71	7.46	-4.45	0.55
72	8.57	-7.22	0
73	9.23	-7.75	0
74	10.2	-8.72	0
75	10.8	-8.38	0.44
76	6	-6.3	0.68
77	1.94	-7.71	0.28
78	6.41	-7.81	0
79	7.4	-2.8	0.32
80	2.88	-6.02	0.76
81	5.94	-8.21	0
82	8.9	-5.79	0.08
83	6.17	-5.24	1.02
84	8.79	-8.15	0.06
85	14.67	-3.12	0.18
86	11.32	-2.52	0.58
87	5.28	-6.08	0.26
88	6.08	-7.31	0.51
89	3.09	-5.89	0.9
90	1.76	-9.72	0.07
91	9.99	-8.19	0
92	14.21	-4.5	0.09
93	7.7	-5.02	0.75
94	-0.3	-10.27	0.08
95	6.01	-11.64	0
96	12.23	-8.62	0
97	8.93	-4.56	0.64
98	5.31	-4.98	0
99	14.08	-7.72	0
100	18.46	-2.3	0
101	17.62	-5.12	0
102	16.94	-4.16	0
103	17.13	-1.32	0
104	18.95	-5.04	0
105	15.93	-0.32	0
106	17.73	-2.63	0
107	19.54	0.74	0
108	21.04	1.15	0.3
109	18.53	3.03	0.09
110	14.69	-5.04	0
111	13.42	-2.05	0.3
112	11.53	-1.83	0.45
113	15.89	-4.55	0
114	19.91	-1.6	0
115	22.93	1.43	0
116	23.49	-0.04	0
117	20.31	-0.33	0
118	19.51	-0.7	0
119	20.32	-0.93	0
120	22.06	0.78	0
121	24.55	1.27	0
122	22.83	5.3	2.15
123	12.17	1.45	3.4
124	13.16	-0.68	0.38
125	18.07	-2.13	0.3
126	13.56	0.3	0.32
127	9.96	-3.95	0.28
128	8.13	-3.36	0.23
129	10.3	-2.22	0
130	15.22	-3.76	0
131	13.8	-2.17	1.26
132	11.18	-4.49	0.26
133	11.65	-3.47	0.03
134	18.2	-2.45	0
135	19.04	3.66	0.2
136	12.56	0.8	0.44
137	8.76	0.15	0.96
138	14.04	-0.43	0.01
139	18.71	0.75	0
140	17.24	5.28	0.29
141	11.65	-0.41	0.33
142	8.76	2.55	0.65
143	14.33	3.15	0.44
144	18.42	-0.49	0.13
145	18.76	2.23	0
146	17.89	4.7	0.36
147	17.35	6.94	0.3
148	18.84	3.4	0.36
149	19.49	5.46	0.05
150	21.65	1.09	0.04
151	20.19	6.08	0.28
152	20.34	1.76	0
153	23.07	0.77	0.24
154	22.12	5.91	1.12
155	19.05	2.53	0.07
156	22.09	3.63	0
157	25.45	4.57	0.1
158	25.6	6.61	0.3
159	26.81	7.6	0
160	25.5	7.29	0.03
161	26.18	3.87	0.14
162	27.2	4.16	0.03
163	27.09	5.13	0
164	23.27	5.02	0
165	15.56	-1.97	0
166	14.46	-2.64	0
167	21.02	-3.15	0
168	22.1	4.25	0
169	23.65	1.46	0
170	25.11	2.24	0
171	27.17	3.32	0
172	27.28	3.98	0
173	28.38	3.39	0
174	29.64	3.52	0.47
175	30.18	3.27	0
176	31.26	5.09	0
177	31.09	9.84	0.06
178	29.95	9.29	0.42
179	25.5	8.38	1.17
180	26.72	6.1	0
181	29.49	6.58	0
182	27.52	10.21	0.14
183	22.74	10.02	0.78
184	23.67	6.22	0.36
185	26.04	5.73	0
186	29.65	8.17	0
187	32.51	8.61	0
188	31.77	10.66	0
189	29.75	8.06	0.17
190	28.35	9.97	0.06
191	28.02	8.04	0.13
192	28.47	9.93	0.18
193	26.53	10.83	0.97
194	23.7	10.52	0.45
195	26.68	9.5	0
196	28.13	5.89	0
197	27.09	6.78	0
198	23.16	10.54	0.27
199	26.55	7.32	0.08
200	28.14	8.68	0.4
201	29.89	5.22	0
202	30.47	5.71	0
203	30.5	5.68	0
204	29.77	4.54	0
205	27.97	4.72	0.26
206	26.92	8.67	0.16
207	24.34	6.38	1.04
208	23.39	3.06	0.01
209	26.66	4.4	0
210	28.9	5.46	0
211	29.01	6.49	0.06
212	30.63	9.47	0.08
213	30.04	10.7	0
214	30.79	6.89	0
215	31.51	7.56	0
216	29.96	9.82	0
217	31.49	4.46	0
218	30.18	4.29	0
219	26.83	6.72	0
220	26.59	4.8	0.02
221	25.76	8.6	0
222	22.61	4.66	0.02
223	21.81	5.77	0.02
224	22.19	8.71	0.29
225	22.06	6.23	0.79
226	23.74	6.31	0.05
227	23.29	7.43	0
228	25.26	6.37	0.02
229	25.9	4.26	0
230	29	3.64	0
231	29.94	4.5	0
232	28.99	6.69	0.02
233	26.31	4.04	0
234	26.08	4.46	0
235	24.86	5.1	0
236	26.52	6.41	0.09
237	28.59	6.27	0.02
238	29.63	8.73	0.34
239	27.22	5.36	0.02
240	28.56	5.09	0
241	26.37	7.78	0.03
242	26.45	8.63	0.18
243	24.04	5.14	0.05
244	25.57	3.3	0.08
245	24.26	4.78	1.47
246	24.46	3.5	0.35
247	26	5.27	0
248	23	8.08	0.85
249	20.68	7.51	0.4
250	21.25	7.8	0.02
251	23.48	5.45	0.07
252	21.38	4.33	0
253	21.16	5.6	0.14
254	23.78	3.48	0.01
255	24.34	2.28	0.06
256	24.82	4.2	0.03
257	25.22	2.11	0.14
258	24.86	3.33	0.01
259	23.03	2.89	0
260	24.17	-1.33	0
261	25.9	0.61	0
262	25.7	1.22	0
263	24.31	2.11	0.05
264	23.95	5.35	0.07
265	25.15	5.64	0.07
266	25.11	3.29	0
267	22.87	6.1	0
268	21.11	2.36	0.01
269	23.92	-2.46	0.04
270	23.83	-1.98	0
271	23.35	-1.53	0
272	21.94	-0.73	0
273	20.4	3.66	0
274	21.06	-4.41	0
275	18.65	-0.08	0.36
276	14.48	3.62	1.31
277	9.14	2.2	1.46
278	11.58	0.45	0.66
279	17.65	-1.96	0.04
280	19.2	-2.21	0.44
281	14.78	2.06	0.84
282	9.71	-0.29	0.01
283	13.07	-1.43	0
284	15.5	-3.18	1.21
285	11.86	-2.51	0.41
286	10.81	-0.16	0.23
287	10.91	-0.65	0.1
288	11.25	-2.69	0.91
289	8.49	-1.18	1.02
290	4.93	-1.97	0.26
291	9.77	-3.63	0
292	13.45	-5.7	0
293	14.87	-6.12	0
294	12.87	-7.1	0
295	9.76	-8.49	0
296	11.16	-9.65	0
297	8.1	-4.13	0.99
298	6.05	-8.55	0.11
299	11.84	-9.07	0
300	14.71	-5.99	0
301	14.25	-7.62	0
302	10.94	-1.43	0.7
303	2.48	-5.3	0.82
304	1.27	-15.1	0
305	5.78	-10.74	0
306	9.21	-9.62	0
307	11.2	-6.76	0
308	12.78	-5.61	0
309	13.7	-5.78	0
310	14.12	-6.51	0
311	11.6	-2.33	0.04
312	10.45	-6.37	0
313	9.94	-8.02	0
314	11.1	-8.07	0
315	10.74	-8.12	0
316	11.37	-9.06	0
317	13.46	-5.32	0
318	10.95	-3.01	0
319	9.76	-1.19	0
320	14.83	-3.95	0
321	14.69	-4.94	0.2
322	8.28	-4.28	0.67
323	0.7	-7.66	0.06
324	3.69	-11.77	0
325	4.56	-5.07	0
326	5.98	-3.21	0.16
327	5.84	-5.85	0.13
328	8.93	-7.22	0
329	6.6	-7.09	0.59
330	-0.61	-17.46	0
331	-0.49	-15.19	0.22
332	-1.5	-14.67	0.04
333	-4.53	-16.19	0.73
334	-4.76	-16.33	0.32
335	-6.77	-19.66	0.18
336	-1.68	-12.27	0.16
337	3.77	-8.4	0
338	3.01	-13.33	0
339	4.05	-12.38	0
340	5.61	-11.44	0
341	8.33	-10.88	0
342	8.26	-10.33	0
343	6.16	-9.95	0
344	10.94	-7.63	0
345	8.29	-6.04	0
346	5.24	-10.11	0.04
347	1.25	-7.95	0.26
348	1.86	-7.43	0.06
349	2.15	-5.35	0.84
350	1.92	-9	0.72
351	-2.83	-13.41	0.01
352	-4.66	-21.05	0
353	0.3	-12.89	0.09
354	5.58	-6.99	0.42
355	4.33	-3.63	1.36
356	-2.72	-11.04	0.52
357	-7.38	-23.1	0.01
358	-9.84	-25.38	0.07
359	-4.57	-20.34	0.8
360	-6.78	-17.88	0.16
361	-4.93	-14.75	1.11
362	-6.14	-22.32	0
363	-5.53	-18.46	0.44
364	1.26	-16.29	1.44
365	0.91	-13.91	0.44
