# weather for site maca example at -105.58 / 39.59 year =  1980
# DOY, Tmax_C, Tmin_C, PPT_cm, uas_mPERs, vas_mPERs, huss_gPERkg, rsds_WPERm2
1	-0.01	-11.99	0.00	3.31	-0.85	1.92	107.19
2	1.27	-10.98	0.00	4.20	0.16	2.11	103.02
3	1.92	-8.39	0.00	4.43	-0.39	2.50	98.53
4	-0.30	-12.19	0.00	3.55	-1.13	2.09	104.83
5	2.59	-9.32	0.05	5.20	0.67	2.29	94.22
6	2.36	-5.47	0.17	4.33	1.44	3.07	84.92
7	1.31	-12.42	0.04	2.48	-2.06	2.08	101.75
8	-1.29	-15.72	0.00	4.68	-1.43	1.51	100.37
9	-2.03	-12.36	0.00	5.14	-1.80	1.66	100.46
10	-7.37	-17.86	0.00	3.19	-3.01	1.14	101.56
11	-2.26	-13.70	0.00	4.01	-2.66	1.59	98.21
12	1.45	-8.76	0.04	3.86	-2.18	2.28	97.27
13	-0.45	-11.69	0.00	2.20	1.27	2.00	88.14
14	-1.86	-12.80	0.08	1.74	-2.15	1.66	99.31
15	-4.31	-17.34	0.00	2.82	-0.40	1.30	110.65
16	-3.82	-14.63	0.00	3.86	0.28	1.67	113.33
17	-4.41	-13.59	0.00	3.84	0.27	1.62	114.64
18	-4.50	-15.44	0.29	1.91	-1.95	1.36	112.11
19	-5.80	-16.78	0.00	3.72	-1.73	1.23	114.54
20	-2.88	-14.31	0.04	3.80	-2.31	1.61	118.84
21	-3.49	-14.30	0.00	2.86	-3.47	1.51	128.65
22	3.97	-13.27	0.00	4.47	-1.21	1.63	130.84
23	5.25	-8.02	0.00	4.77	-0.21	2.16	123.71
24	5.25	-7.08	0.00	4.30	-0.61	2.40	112.36
25	2.88	-5.61	0.00	4.81	-0.06	3.45	96.92
26	6.18	-3.81	0.29	4.29	1.89	3.79	99.92
27	4.90	-7.22	0.25	3.99	0.66	3.31	111.12
28	-1.29	-12.68	0.00	3.91	-0.54	1.83	134.32
29	-2.04	-10.49	0.03	5.41	0.25	1.93	106.29
30	-3.91	-14.06	0.00	4.54	0.59	1.52	110.88
31	-2.46	-10.47	0.33	4.68	3.05	1.93	118.97
32	-2.62	-23.24	0.68	2.88	-2.45	1.23	143.27
33	-11.72	-29.23	0.00	4.43	-0.86	0.50	151.17
34	-11.07	-17.25	0.37	2.03	0.38	1.38	115.73
35	-11.53	-22.21	0.10	2.64	-2.40	0.92	131.28
36	-13.15	-23.32	0.00	2.47	-4.48	0.78	130.91
37	-9.55	-19.67	0.00	3.05	-2.56	0.99	135.24
38	-3.85	-20.32	0.00	2.81	-0.25	1.29	157.53
39	-6.22	-17.65	0.03	1.51	-0.45	1.23	116.59
40	-8.05	-16.28	0.00	1.81	0.33	1.25	135.56
41	-6.60	-17.63	0.00	2.52	-1.15	1.13	140.08
42	-3.13	-16.05	0.00	3.27	-1.47	1.39	146.14
43	0.76	-16.86	0.00	3.81	-1.37	1.35	158.94
44	2.59	-9.04	0.00	5.89	-2.59	2.48	153.32
45	2.25	-9.35	0.00	5.63	-3.66	2.08	147.54
46	2.78	-8.99	0.17	7.78	-1.58	2.24	154.36
47	1.04	-9.79	0.00	8.10	-2.28	1.91	147.47
48	8.07	-6.99	0.10	10.05	-0.14	2.08	169.41
49	5.85	-6.87	0.00	9.81	0.50	2.38	164.50
50	5.74	-4.76	0.00	9.48	1.56	2.27	154.78
51	4.82	-3.81	0.63	10.06	0.36	2.31	178.37
52	7.51	-4.73	0.00	7.64	2.38	2.64	168.90
53	8.68	-1.79	0.00	7.19	5.75	3.07	167.14
54	8.41	-9.35	0.15	7.49	-1.00	1.84	161.69
55	-0.12	-12.41	0.25	9.27	-0.28	1.68	165.76
56	-2.23	-15.39	0.00	4.50	-4.24	1.45	173.74
57	-3.58	-20.16	0.00	3.83	-1.24	1.23	182.45
58	4.74	-9.91	0.10	4.71	-0.81	2.21	170.36
59	9.52	-5.62	0.00	6.42	-1.04	2.84	178.84
60	8.48	-6.21	0.00	5.58	-0.49	2.79	177.17
61	7.43	-6.81	0.00	4.75	0.07	2.74	175.51
62	7.62	-7.71	0.00	2.28	-0.41	2.37	192.41
63	9.59	-8.10	0.00	2.98	1.50	2.09	203.34
64	9.92	-5.46	0.00	4.07	1.32	2.41	198.57
65	10.06	-3.88	0.03	4.62	1.03	2.57	170.20
66	9.57	-2.67	0.00	3.20	0.54	3.21	192.33
67	10.14	-5.28	0.00	2.84	4.40	2.33	199.85
68	9.48	-6.87	0.00	5.18	1.40	1.94	199.73
69	4.57	-10.47	0.00	3.41	1.40	1.83	212.08
70	5.22	-9.16	0.06	3.58	-0.11	1.88	198.11
71	7.39	-8.48	0.03	2.99	4.11	1.74	167.23
72	6.48	-3.21	0.16	4.07	2.39	2.51	165.11
73	3.12	-9.67	0.06	-0.63	-0.55	2.07	175.34
74	3.92	-6.35	0.11	2.49	2.04	2.07	162.68
75	6.94	-7.89	0.13	3.61	0.33	1.98	203.53
76	7.35	-5.13	0.06	4.40	1.21	2.38	167.30
77	5.98	-8.28	0.04	2.38	-0.82	2.44	193.87
78	1.13	-9.60	1.06	-2.00	-3.47	2.23	174.78
79	-0.92	-11.74	0.30	2.16	-4.93	1.95	194.58
80	2.36	-10.42	0.00	4.93	-4.23	1.95	209.74
81	2.44	-9.07	0.00	4.61	-5.36	2.05	187.04
82	0.96	-10.67	0.05	3.76	-6.25	2.17	173.95
83	0.87	-6.18	0.00	2.80	-6.42	2.51	180.27
84	7.67	-5.31	0.00	2.45	-6.05	2.47	206.31
85	10.43	-7.58	0.00	3.58	-2.47	2.17	229.14
86	10.99	-6.15	0.00	3.00	-2.60	2.16	201.77
87	7.31	-9.39	0.00	1.35	-0.07	2.14	211.64
88	10.00	-7.26	0.00	2.97	-2.37	2.15	229.08
89	11.87	-8.34	0.00	3.80	-1.68	1.63	232.16
90	15.72	-4.49	0.00	4.62	-1.18	1.93	230.35
91	14.84	0.13	0.00	4.75	-0.58	2.53	217.67
92	11.92	0.12	0.06	3.88	1.93	2.95	229.55
93	9.46	-8.27	0.00	3.96	-0.35	1.92	230.83
94	7.31	-2.76	0.00	-0.75	1.57	1.91	171.16
95	2.61	-4.19	0.09	-0.68	-3.81	2.90	172.95
96	5.89	-8.29	0.06	3.28	0.50	2.64	216.06
97	6.59	-3.89	0.00	3.96	2.03	2.93	178.43
98	5.25	-6.96	0.00	3.60	0.24	2.69	217.21
99	3.75	-9.55	0.00	2.08	-2.39	2.28	212.61
100	2.20	-9.97	0.11	2.41	-0.07	2.09	207.41
101	4.93	-12.22	0.03	2.73	-2.73	1.53	241.60
102	12.76	-7.10	0.00	3.94	1.99	1.45	233.00
103	12.77	2.66	0.00	5.72	4.04	1.66	191.67
104	6.37	-2.56	0.53	4.41	-1.21	2.80	199.06
105	5.24	-3.39	0.86	-4.18	2.20	2.74	113.21
106	-0.03	-8.04	1.19	-3.90	0.86	2.85	143.25
107	1.18	-12.90	0.24	-0.53	-3.43	2.41	247.94
108	1.44	-7.06	0.04	2.05	-3.11	2.87	217.92
109	2.82	-5.99	0.00	2.44	-3.06	2.91	216.47
110	11.87	-5.29	0.00	4.67	-1.38	3.12	258.27
111	12.48	-0.71	0.20	6.19	0.00	2.70	248.47
112	11.66	-1.69	0.00	5.32	0.87	3.00	225.29
113	10.68	0.69	0.00	6.53	3.01	2.18	248.25
114	9.99	-4.63	0.00	4.86	1.71	2.55	222.17
115	3.53	-7.79	0.35	3.84	-3.10	2.58	244.71
116	5.89	-11.60	0.00	2.28	1.43	1.93	240.95
117	7.28	0.30	0.00	3.62	1.10	2.77	230.00
118	8.62	-7.46	0.00	3.12	-2.49	2.35	277.74
119	12.04	-1.58	0.04	2.41	4.74	2.31	207.54
120	11.78	0.86	0.00	4.67	1.65	3.64	225.43
121	10.02	-4.20	0.00	4.07	-0.17	2.83	239.21
122	10.41	-5.36	0.00	3.63	1.90	2.53	270.55
123	11.01	-4.05	0.00	3.45	-1.37	2.25	294.79
124	14.12	-1.29	0.06	-0.93	2.93	2.25	256.98
125	13.92	1.50	0.00	2.53	-0.29	2.35	206.56
126	6.96	-2.40	0.90	-1.36	1.75	3.38	202.81
127	6.18	-1.60	1.09	2.62	-1.59	3.28	231.55
128	2.42	-7.54	0.13	3.12	-3.19	2.70	248.95
129	8.31	-4.07	0.00	4.71	-0.39	2.64	238.26
130	11.59	-1.47	0.00	5.07	0.55	2.97	266.50
131	11.22	-1.16	0.06	1.26	-0.59	2.86	240.28
132	8.98	1.81	0.50	-2.48	3.09	3.65	200.77
133	10.72	-1.81	0.32	3.12	1.66	3.44	292.55
134	10.98	-1.62	0.11	-2.01	-4.19	3.36	255.87
135	5.19	-4.44	0.83	-4.71	-0.41	3.03	221.26
136	-0.24	-7.45	1.10	-5.54	1.90	2.79	183.91
137	3.49	-4.55	0.42	-0.42	5.80	3.76	200.66
138	12.26	-1.49	0.00	2.70	3.45	4.28	274.30
139	12.82	1.88	0.00	3.40	1.84	4.83	236.68
140	12.93	0.60	0.15	1.93	-1.68	4.63	275.95
141	11.31	1.21	0.58	-1.47	0.22	4.98	247.80
142	12.33	0.98	1.32	-1.46	3.27	5.18	241.73
143	13.80	2.72	0.30	1.72	2.86	4.98	281.69
144	15.13	1.30	0.48	1.66	2.80	4.22	289.54
145	14.93	1.86	0.56	1.24	3.54	4.33	289.86
146	14.90	1.45	0.44	1.67	2.34	4.51	297.24
147	14.71	2.69	0.26	2.34	0.68	4.89	296.27
148	15.06	4.52	0.11	1.63	-2.27	5.67	274.73
149	14.16	3.79	1.27	0.80	-1.12	5.54	274.76
150	10.48	1.03	0.86	2.85	-1.22	5.87	275.50
151	17.50	2.38	0.00	3.14	3.13	4.61	292.94
152	16.20	0.13	0.00	3.84	1.36	3.66	300.32
153	16.60	1.67	0.00	3.82	2.63	3.37	297.57
154	16.36	3.64	0.00	5.51	2.00	3.07	301.60
155	15.14	-0.98	0.00	2.18	-1.84	3.08	302.33
156	14.60	0.91	0.03	-2.25	-0.15	3.78	280.84
157	14.77	4.14	0.17	-2.61	3.26	5.53	262.81
158	20.08	4.20	0.00	2.32	4.23	4.10	297.52
159	20.17	3.22	0.00	2.29	3.12	3.52	290.48
160	21.53	5.79	0.00	4.09	4.60	3.22	302.90
161	21.39	3.60	0.00	3.62	-0.72	3.12	305.32
162	17.18	2.93	0.21	-2.25	1.78	3.40	288.03
163	14.15	0.83	2.83	-3.75	-2.53	4.52	240.87
164	13.75	-0.32	0.00	-0.72	-1.41	4.10	300.72
165	16.82	-0.26	0.05	2.25	2.74	3.40	305.96
166	21.31	3.94	0.00	3.21	2.37	3.34	302.26
167	20.95	4.50	0.00	1.92	1.32	3.95	288.10
168	20.96	4.27	0.00	2.51	0.97	3.92	298.06
169	20.70	4.15	0.00	1.84	-2.85	3.63	298.61
170	20.85	6.52	0.00	0.71	2.23	4.37	279.59
171	20.04	5.98	0.19	-1.06	1.41	4.88	278.99
172	20.42	7.57	0.00	0.72	3.27	5.21	289.00
173	23.63	8.49	0.04	3.33	2.59	3.85	286.01
174	23.20	7.17	0.00	4.08	2.05	3.44	286.75
175	23.18	5.62	0.00	4.07	0.74	2.69	299.18
176	22.75	5.27	0.00	4.01	-0.49	3.30	303.47
177	21.91	4.24	0.00	2.97	-0.20	3.88	305.43
178	21.85	7.13	0.00	4.25	4.13	2.95	303.61
179	21.22	4.95	0.03	3.05	1.84	3.13	298.84
180	20.55	6.31	0.17	1.28	2.71	4.10	273.64
181	19.57	5.95	0.11	2.70	2.35	5.01	279.16
182	20.55	7.11	0.08	3.26	-0.14	5.88	282.12
183	21.25	6.87	0.00	2.91	-1.31	4.68	288.43
184	22.50	4.83	0.00	1.61	1.12	4.24	294.69
185	23.78	4.62	0.04	1.58	0.72	4.33	291.33
186	25.39	7.57	0.00	2.09	1.74	4.30	292.71
187	26.02	8.85	0.00	2.66	2.00	3.96	286.91
188	25.60	8.96	0.12	2.78	0.91	4.30	277.59
189	25.53	9.42	0.00	2.55	1.71	4.85	299.76
190	25.30	9.14	0.08	1.96	2.78	4.80	295.12
191	23.38	8.19	0.10	1.16	3.63	4.24	286.02
192	22.54	10.08	0.31	3.44	4.82	5.24	281.61
193	20.00	8.46	1.33	3.56	3.54	6.88	270.26
194	18.57	8.33	0.72	2.63	0.61	8.85	271.64
195	19.93	7.37	0.94	2.50	3.12	7.37	281.95
196	18.03	7.29	1.14	2.38	3.39	7.84	250.04
197	20.81	7.00	0.81	3.59	0.84	7.39	280.92
198	21.91	5.81	0.00	5.34	0.79	4.62	291.94
199	21.29	3.70	0.05	3.44	-1.45	3.83	291.79
200	20.38	4.42	0.25	0.94	-0.89	4.44	279.13
201	20.55	6.38	0.72	2.12	-1.01	4.51	266.10
202	19.97	7.06	0.86	3.46	-0.19	4.75	252.43
203	18.98	6.53	0.61	3.52	-0.74	5.11	263.29
204	18.09	6.36	1.18	2.28	-1.22	7.22	263.61
205	17.18	6.65	1.05	2.24	0.92	7.43	255.76
206	16.73	5.70	0.66	2.38	3.54	6.81	255.20
207	15.57	3.17	0.86	1.57	4.15	6.07	172.37
208	13.60	3.82	1.07	2.21	3.46	7.05	212.20
209	15.98	4.51	0.72	3.08	1.97	7.21	244.73
210	17.08	3.17	0.00	3.45	0.51	6.36	251.73
211	17.58	3.86	0.11	3.46	-0.13	5.78	249.90
212	17.33	5.14	0.17	3.16	-1.42	6.92	238.46
213	17.56	5.22	0.55	2.74	-1.66	7.87	262.74
214	17.68	6.17	1.12	2.08	-0.09	7.85	229.10
215	16.75	7.55	0.50	2.25	2.34	8.77	228.92
216	17.67	7.19	0.46	2.66	2.75	8.22	225.18
217	18.39	5.29	0.07	2.95	1.77	6.94	234.15
218	19.07	4.74	0.18	3.19	0.75	5.92	255.75
219	19.52	3.56	0.53	2.10	-1.19	5.69	265.60
220	19.17	4.26	0.00	-1.47	-0.68	6.73	251.55
221	18.62	5.77	0.31	0.13	2.83	7.56	266.45
222	21.72	5.85	0.00	2.24	1.22	6.08	277.95
223	23.11	4.63	0.00	2.91	-0.51	3.65	279.35
224	22.79	5.22	0.00	2.56	-0.71	3.10	260.86
225	21.51	8.10	0.00	-1.48	-0.52	5.16	235.06
226	21.61	7.35	0.00	0.54	3.81	6.58	252.65
227	22.36	7.29	0.09	2.93	1.33	6.24	265.12
228	21.83	5.30	0.00	2.00	-0.12	6.24	256.03
229	21.71	5.50	0.28	1.51	2.60	6.39	252.98
230	21.95	7.36	0.07	2.83	2.53	6.27	255.10
231	20.24	7.53	0.35	2.81	2.20	6.95	245.86
232	19.96	7.37	0.83	3.54	1.89	7.07	260.17
233	19.69	7.88	0.59	2.81	-0.32	7.16	238.86
234	17.96	7.73	0.63	0.94	-2.85	8.85	235.31
235	14.70	6.62	1.31	-1.99	-0.62	8.59	215.83
236	18.89	6.36	0.77	1.93	-0.28	7.76	235.41
237	19.56	3.48	0.04	3.71	0.27	5.24	247.45
238	18.73	2.62	0.00	3.03	-1.47	5.03	241.69
239	19.62	2.81	0.00	2.65	0.30	4.55	263.11
240	20.03	3.22	0.00	3.34	-0.46	3.96	262.55
241	19.16	7.30	0.00	3.78	4.16	4.21	236.62
242	19.54	6.98	0.00	3.15	5.15	4.59	229.18
243	18.10	3.86	0.00	3.78	4.44	4.19	242.80
244	14.91	-0.23	0.09	2.45	-1.13	4.09	248.03
245	14.49	0.20	0.21	-1.73	-1.18	4.26	241.79
246	15.19	0.37	0.85	0.08	0.25	4.51	224.70
247	15.23	4.20	2.02	0.36	-1.34	5.44	218.28
248	15.68	2.91	0.00	7.02	-1.11	4.86	236.00
249	14.37	-0.36	0.00	2.42	-1.64	4.34	189.86
250	15.99	0.22	0.00	2.11	0.05	4.52	247.63
251	19.10	3.57	0.00	3.02	3.25	4.17	244.03
252	18.99	1.84	0.00	3.35	-1.14	3.85	246.89
253	19.25	2.35	0.00	1.37	2.45	3.94	245.86
254	19.59	5.91	0.00	2.30	3.38	4.40	227.63
255	20.05	4.82	0.00	2.84	1.68	4.67	242.81
256	19.91	5.21	0.06	3.09	2.17	4.56	240.92
257	19.20	5.99	0.09	4.18	2.88	4.47	226.35
258	15.44	0.90	0.35	2.32	0.71	5.37	203.15
259	8.77	-4.05	0.27	1.52	-4.87	3.58	211.29
260	12.44	-5.14	0.00	2.39	1.88	3.54	240.99
261	12.74	0.52	0.00	3.24	2.87	3.98	193.59
262	15.04	1.65	0.00	3.95	-1.60	4.47	231.36
263	17.08	1.55	0.04	2.96	0.94	4.18	223.20
264	17.24	3.69	0.00	3.97	0.20	4.48	205.51
265	17.60	4.83	0.00	3.74	0.88	5.51	190.80
266	13.82	3.49	0.24	3.82	0.00	5.69	198.75
267	10.51	-3.05	0.00	0.84	-1.21	4.08	208.02
268	11.87	-0.08	0.22	0.96	1.68	4.62	204.14
269	14.00	0.50	0.06	1.69	2.20	4.84	211.54
270	14.51	3.69	0.33	2.42	2.46	4.99	194.78
271	16.67	3.76	0.10	3.12	3.10	4.85	208.06
272	16.57	3.75	0.00	4.32	1.49	4.20	195.78
273	13.47	-1.93	0.31	2.90	-0.87	4.83	158.74
274	1.11	-10.34	1.34	-3.02	-4.31	2.95	203.05
275	1.88	-10.70	0.00	2.17	2.36	2.87	200.86
276	3.78	-3.82	0.57	2.57	5.59	3.65	131.38
277	6.19	-1.97	0.26	3.98	5.50	4.49	165.34
278	5.65	-6.05	0.10	5.47	-0.05	3.60	205.43
279	5.92	-1.87	1.32	3.31	2.81	4.17	170.81
280	6.79	-4.77	0.00	5.49	0.05	3.73	209.40
281	10.24	-2.44	0.00	4.31	2.65	3.81	203.87
282	10.51	-0.31	0.00	3.58	3.09	4.17	191.61
283	10.50	0.22	0.00	5.56	1.15	3.92	199.32
284	8.93	-0.02	0.52	3.10	5.04	4.37	125.12
285	7.56	-4.97	0.17	9.97	2.09	3.82	187.20
286	5.08	-6.74	0.04	7.44	0.18	3.03	169.79
287	5.73	-2.59	1.02	5.01	0.28	3.51	150.71
288	1.17	-12.14	0.34	2.51	-4.76	2.13	160.58
289	-4.53	-14.71	0.06	3.24	-3.62	1.47	178.39
290	0.64	-10.37	0.00	4.35	-0.95	2.25	132.68
291	0.85	-6.05	0.00	4.39	-2.35	2.88	152.46
292	2.45	-4.41	0.00	4.68	-1.49	2.95	135.46
293	3.95	-4.45	0.00	4.31	-1.46	3.18	144.83
294	5.13	-3.68	0.00	3.26	-0.92	3.23	145.86
295	8.73	-4.12	0.00	3.99	-0.37	3.19	167.97
296	7.66	-0.98	0.03	4.52	-2.29	3.44	170.80
297	9.01	-3.16	0.00	5.70	-2.07	3.29	166.00
298	9.11	-2.95	0.35	5.25	-0.92	3.36	144.77
299	7.70	-1.85	0.53	8.05	0.55	3.39	154.72
300	4.13	-8.76	0.04	1.58	-0.21	2.37	145.58
301	-0.49	-11.01	0.53	2.15	0.44	2.16	171.71
302	-2.82	-11.27	0.18	-1.44	4.15	1.78	114.87
303	-2.54	-15.24	1.26	-4.61	-2.15	1.58	113.98
304	-8.61	-20.93	0.28	2.51	-2.92	0.97	146.68
305	-5.15	-17.46	0.00	2.59	-2.11	1.52	154.19
306	-3.39	-13.66	0.05	2.51	-1.21	1.76	136.35
307	2.16	-11.03	0.00	4.02	-2.36	2.38	151.39
308	2.90	-8.20	0.00	3.65	-3.57	2.62	154.84
309	6.76	-6.73	0.00	3.96	-0.98	2.77	155.93
310	6.54	-2.24	0.03	4.92	1.10	3.71	125.77
311	6.17	-3.40	0.15	5.70	-1.70	3.00	133.79
312	1.96	-5.40	0.00	3.54	-1.30	2.46	130.67
313	1.67	-5.04	0.05	4.51	-1.95	2.49	129.80
314	1.59	-6.45	0.00	4.65	-2.34	2.70	122.47
315	3.51	-3.75	0.00	7.33	-0.87	3.24	126.14
316	2.20	-11.53	0.00	2.54	-3.05	2.31	130.49
317	1.13	-13.66	0.00	3.78	0.26	1.50	143.31
318	4.62	-8.35	0.00	3.92	0.55	1.85	127.42
319	1.48	-10.90	0.05	2.40	-0.06	1.81	118.19
320	1.37	-12.88	0.00	4.69	-0.82	1.69	140.39
321	0.73	-9.23	0.00	7.28	-0.68	1.71	119.02
322	-1.53	-12.73	0.04	3.47	3.68	1.68	95.61
323	-2.95	-16.72	0.15	4.56	1.68	1.55	118.75
324	-9.60	-19.83	0.10	2.89	2.88	0.89	124.83
325	-6.69	-16.65	2.19	-4.02	-1.18	1.12	83.99
326	-5.23	-22.59	0.00	3.34	0.11	1.22	136.64
327	2.12	-14.27	0.00	7.58	-1.34	2.03	123.78
328	4.32	-5.05	0.00	8.41	0.04	2.70	116.83
329	4.04	-3.98	0.06	8.92	0.28	2.85	112.90
330	2.04	-15.27	0.19	4.14	-4.04	1.70	111.99
331	-6.79	-17.15	0.05	2.34	-2.04	0.93	128.19
332	5.53	-12.00	0.52	4.97	-0.16	2.65	107.99
333	4.68	-9.62	0.00	4.77	-6.75	2.37	101.29
334	2.68	-7.32	0.00	4.59	-4.04	2.79	102.05
335	6.33	-7.37	0.09	5.37	-2.84	2.84	122.83
336	5.47	-4.72	0.00	5.53	-1.77	2.85	113.01
337	4.78	-8.22	0.12	3.75	-2.08	2.72	101.73
338	0.22	-13.33	0.00	3.02	-0.15	1.84	121.16
339	-1.37	-10.98	0.00	4.22	-0.69	2.05	100.77
340	-4.10	-11.58	0.00	2.45	-1.01	1.91	102.91
341	-0.87	-8.93	0.40	4.79	-1.13	2.26	107.22
342	-7.80	-18.97	0.00	2.87	-3.26	1.05	119.57
343	-5.97	-15.37	0.00	3.92	-1.19	1.38	116.91
344	-4.40	-13.50	0.00	3.87	-0.26	1.65	109.39
345	-5.17	-12.14	0.05	2.66	1.44	1.74	98.29
346	-6.15	-14.34	0.05	0.87	-0.77	1.56	84.88
347	-7.68	-16.15	0.11	-0.02	0.41	1.51	81.65
348	-6.25	-11.53	0.09	0.97	0.95	1.94	67.86
349	-1.69	-15.38	0.03	3.39	0.48	1.90	98.56
350	-0.27	-10.50	0.15	5.64	2.54	1.92	102.62
351	1.75	-5.46	0.00	4.79	5.35	2.47	103.33
352	-0.58	-9.89	0.11	3.19	2.87	2.42	95.10
353	-6.38	-18.08	0.15	3.71	0.36	1.48	104.17
354	-9.20	-21.47	0.00	4.14	0.44	0.85	103.84
355	-3.06	-16.68	0.00	6.15	0.23	1.42	104.52
356	2.13	-11.09	0.18	7.12	2.67	2.12	98.43
357	3.06	-6.76	0.67	5.84	2.13	2.60	85.75
358	-3.86	-14.60	0.00	3.38	0.14	1.83	98.67
359	-11.69	-19.89	0.00	4.90	-0.87	1.03	103.73
360	-6.92	-18.86	0.07	4.37	1.39	1.28	75.57
361	2.65	-10.15	0.29	4.14	2.82	2.74	103.53
362	2.34	-7.83	1.74	3.97	1.60	2.71	103.28
363	-3.74	-17.65	0.05	3.52	-0.07	1.56	101.19
364	2.77	-9.81	0.25	4.51	3.99	2.97	93.45
365	-2.36	-8.74	0.58	4.01	2.44	3.45	69.89
366	4.79	-2.78	0.30	4.88	1.74	3.26	95.32
