# weather for site maca example at -105.58 / 39.59 year =  1981
# DOY, Tmax_C, Tmin_C, PPT_cm, uas_mPERs, vas_mPERs, huss_gPERkg, rsds_WPERm2
1	2.90	-12.88	0.17	4.07	-3.74	2.01	104.99
2	-6.43	-16.16	0.00	2.59	-3.29	1.21	109.03
3	2.30	-12.13	0.00	4.66	-1.15	1.63	111.17
4	1.95	-8.65	0.00	4.40	-1.64	2.09	101.51
5	0.98	-8.11	0.12	4.70	-0.19	2.38	98.79
6	1.62	-14.39	0.21	1.22	-3.08	1.77	99.31
7	-4.83	-18.65	0.00	1.76	-0.54	0.99	113.70
8	-0.32	-13.61	0.00	3.95	0.21	1.89	107.55
9	-0.42	-10.01	0.00	3.80	-2.00	2.23	92.42
10	1.53	-9.85	0.00	3.74	-1.49	2.26	103.25
11	2.58	-6.74	0.06	4.80	0.48	2.42	97.47
12	0.37	-9.88	0.16	1.96	-0.25	2.43	83.66
13	-5.22	-14.55	0.00	1.30	-1.94	1.80	82.04
14	-6.54	-14.96	0.21	-2.16	-1.05	1.76	60.66
15	-6.70	-11.84	0.76	-4.51	2.89	1.92	60.21
16	-5.76	-13.43	0.19	1.91	-0.18	1.71	98.41
17	-4.17	-16.20	0.06	3.54	-0.50	1.52	109.54
18	-1.60	-10.32	0.07	3.92	0.00	2.40	97.12
19	-1.56	-10.35	0.00	2.89	0.00	2.38	99.38
20	-2.43	-12.25	0.00	3.39	-1.07	2.07	101.14
21	-4.03	-14.94	0.05	2.32	-2.07	1.51	103.79
22	-4.94	-19.71	0.00	4.52	-1.17	1.28	131.63
23	-5.94	-16.07	0.00	2.37	0.08	1.39	102.61
24	-7.95	-20.08	0.21	-0.15	-2.80	1.17	133.23
25	-5.35	-18.43	0.00	5.11	-1.83	1.35	101.46
26	-4.70	-11.85	0.06	4.68	-1.41	1.80	104.60
27	-4.72	-14.74	0.13	4.17	0.12	1.78	98.46
28	-6.21	-13.98	0.15	-1.49	2.08	1.75	89.02
29	-5.81	-14.60	0.50	-0.90	2.25	1.72	84.89
30	-5.27	-13.77	0.00	2.54	0.96	1.89	106.18
31	-9.36	-20.87	0.18	2.43	-1.27	1.14	134.22
32	-11.09	-25.22	0.21	3.07	-0.18	0.76	149.11
33	-10.14	-25.62	0.11	3.42	-0.16	0.91	143.34
34	-8.91	-19.27	0.00	3.64	-2.19	1.17	131.14
35	-2.64	-18.55	0.00	4.56	-1.83	1.30	153.88
36	0.26	-12.87	0.00	5.63	-2.18	1.99	138.21
37	0.36	-11.11	0.00	4.44	-2.23	2.29	133.10
38	0.09	-12.22	0.00	3.72	-2.06	2.12	157.37
39	0.29	-7.92	0.00	4.34	-2.20	2.69	129.11
40	1.17	-7.93	0.03	3.98	-0.80	2.63	135.44
41	2.27	-8.60	0.00	3.75	0.59	2.63	134.98
42	1.40	-6.41	0.23	2.72	3.23	2.93	108.44
43	-0.17	-9.80	0.25	1.65	0.13	2.56	114.70
44	-2.27	-17.11	0.44	1.36	-1.94	1.61	156.53
45	-1.58	-15.77	0.12	2.63	-0.53	1.58	150.79
46	-0.26	-15.45	0.00	3.21	-1.88	1.87	170.87
47	2.45	-12.47	0.00	3.50	-1.20	2.11	164.91
48	4.16	-11.12	0.00	3.11	-1.17	2.54	179.35
49	5.43	-9.77	0.00	3.38	0.86	2.33	179.58
50	6.05	-9.40	0.03	2.50	2.09	2.47	183.91
51	4.49	-8.35	0.00	-1.06	1.53	2.87	151.69
52	1.99	-7.02	0.18	0.12	3.20	3.03	133.84
53	1.62	-7.59	0.19	2.24	0.54	2.97	143.58
54	0.85	-7.87	0.08	1.72	1.49	2.86	133.50
55	0.55	-6.98	0.49	1.81	-0.18	2.98	129.79
56	0.48	-10.66	0.00	1.15	1.38	2.47	151.23
57	0.14	-7.63	0.22	0.37	2.90	2.80	115.48
58	0.13	-6.99	1.52	-1.84	4.56	2.89	114.19
59	-0.74	-11.35	0.20	3.98	1.10	2.44	147.77
60	-1.68	-11.54	0.24	3.39	-2.07	2.31	160.69
61	-0.83	-10.92	0.25	-2.21	2.17	2.12	145.82
62	1.69	-8.51	0.71	1.81	2.53	2.58	151.62
63	2.57	-6.08	0.22	3.67	0.15	3.05	164.52
64	2.75	-5.82	0.00	2.12	-2.94	2.63	165.42
65	1.61	-10.95	0.06	1.93	-4.37	2.19	180.53
66	5.35	-9.59	0.06	3.44	-0.32	2.35	207.11
67	4.60	-4.23	0.04	4.43	0.63	2.96	162.41
68	5.83	-3.61	0.00	4.31	-0.54	3.16	175.52
69	5.61	-3.38	0.00	3.88	1.49	3.25	167.17
70	4.42	-5.81	1.05	1.24	-2.23	2.94	133.28
71	0.51	-9.94	0.32	0.36	-4.87	2.33	167.32
72	1.85	-11.86	0.07	2.04	-2.46	2.17	197.06
73	3.87	-8.39	0.00	2.75	1.95	2.49	191.94
74	5.55	-4.03	0.00	4.11	3.35	3.05	168.95
75	5.46	-4.45	0.09	3.47	2.97	3.10	190.09
76	4.11	-7.66	0.83	-0.99	-2.34	2.94	177.58
77	0.57	-9.01	0.31	-3.58	-4.36	2.91	169.33
78	3.83	-9.44	0.25	-1.27	-2.26	2.48	223.03
79	7.95	-8.10	0.00	1.31	-0.97	2.51	228.57
80	7.93	-6.43	0.00	2.43	-0.06	2.63	202.61
81	3.69	-5.95	1.06	-2.65	0.22	3.45	103.77
82	0.30	-7.73	1.81	-4.24	-4.21	2.57	101.88
83	1.25	-11.37	0.15	-0.35	-4.03	2.27	220.58
84	5.44	-11.04	0.00	3.21	0.54	2.22	220.39
85	7.20	-5.17	0.03	4.92	-0.97	2.76	225.37
86	9.69	-3.85	0.00	4.23	0.92	3.40	198.88
87	10.96	-3.32	0.00	3.85	1.38	3.46	212.84
88	9.48	-0.96	0.00	4.04	4.38	3.49	193.17
89	7.34	-8.20	0.00	4.70	-2.35	2.42	206.45
90	5.32	-9.09	0.00	3.87	1.40	2.33	201.77
91	2.66	-9.25	0.16	3.38	-2.74	2.23	221.25
92	2.20	-13.17	0.17	1.59	-2.89	1.62	237.62
93	10.52	-10.45	0.00	2.94	2.28	1.58	237.39
94	11.58	-2.86	0.00	4.39	2.34	2.18	219.36
95	11.10	-5.32	0.00	2.95	2.27	2.73	217.78
96	10.57	-3.91	0.00	3.04	0.11	2.37	222.01
97	6.12	-9.47	0.29	1.53	-6.34	1.90	213.73
98	7.27	-10.87	0.00	-2.01	-5.02	1.44	240.94
99	11.72	-8.85	0.00	1.68	-0.31	1.51	239.67
100	13.91	-1.75	0.06	5.03	0.40	1.51	243.65
101	12.60	-4.39	0.05	1.02	0.24	1.73	204.56
102	9.56	-1.44	0.25	-1.78	3.13	2.46	200.78
103	8.53	-2.66	0.94	2.05	1.38	3.97	195.46
104	7.10	-2.09	0.04	2.83	-2.20	3.76	222.33
105	7.76	-6.15	0.00	1.39	0.24	3.05	207.58
106	11.12	0.79	0.00	3.70	2.38	3.67	223.34
107	10.02	-0.51	0.86	1.75	4.01	3.86	216.43
108	7.89	-5.14	3.96	-0.99	3.09	3.85	195.66
109	3.50	-6.19	2.49	-4.42	-4.81	2.73	155.51
110	-1.40	-10.51	1.25	-1.25	-4.40	2.09	179.36
111	-3.85	-12.27	0.87	-1.43	0.06	2.38	180.48
112	-2.83	-9.97	1.17	-4.24	0.64	2.66	150.89
113	-1.22	-9.57	2.02	-3.43	-1.12	2.70	183.64
114	0.57	-7.34	0.12	0.28	2.35	2.95	193.39
115	2.45	-6.83	0.62	2.57	4.29	3.25	186.16
116	4.00	-1.62	0.49	2.69	1.10	3.68	206.17
117	3.92	-6.69	0.87	-1.75	-0.94	3.35	180.44
118	1.90	-5.09	0.44	-1.31	0.91	3.19	201.88
119	4.44	-7.18	0.05	-0.88	1.92	3.04	234.72
120	7.56	-5.28	0.20	2.39	0.19	3.04	236.87
121	7.00	-5.76	0.04	2.94	1.24	2.87	274.05
122	6.32	-2.16	0.10	2.79	2.06	3.64	200.65
123	11.50	-2.97	0.00	2.44	2.25	3.67	241.68
124	12.42	-2.38	0.00	3.40	1.04	3.62	265.14
125	12.05	0.74	0.05	4.54	1.85	3.64	263.77
126	9.08	-4.97	0.00	3.12	-4.82	2.96	289.76
127	6.11	-8.32	0.00	1.67	-3.14	2.37	300.58
128	12.56	-0.93	0.00	2.00	5.18	2.23	246.11
129	13.90	-1.31	0.00	2.84	-0.94	2.85	297.98
130	15.69	-0.98	0.00	0.64	3.70	2.56	288.32
131	14.98	0.95	0.04	3.83	-0.25	2.54	269.97
132	11.31	-3.90	0.07	1.83	-4.06	2.71	301.79
133	15.82	-0.71	0.00	1.91	4.03	2.40	296.48
134	18.91	4.95	0.07	5.06	6.90	2.68	292.57
135	16.50	4.35	0.05	4.51	6.00	3.56	251.39
136	15.00	2.36	0.00	4.11	6.10	3.06	292.02
137	13.21	-1.02	0.39	2.78	-0.60	3.44	268.24
138	8.81	-1.92	0.75	1.84	-4.17	3.91	275.06
139	13.80	-2.11	0.00	2.54	3.52	3.23	295.07
140	14.32	2.94	0.17	3.45	8.65	3.16	285.40
141	16.75	1.12	0.05	2.91	5.20	3.42	299.76
142	16.16	2.22	0.00	2.85	6.12	2.32	283.07
143	14.32	-0.87	0.06	4.64	2.17	1.96	297.72
144	12.75	-1.08	0.00	5.87	-1.46	2.82	276.55
145	9.86	-1.50	0.00	-0.33	0.18	3.33	239.92
146	8.94	0.53	0.21	-1.75	4.83	3.83	235.95
147	12.83	-1.17	0.27	2.62	2.21	4.09	290.73
148	15.49	2.23	0.00	3.04	5.12	3.36	298.27
149	16.48	-1.91	0.00	4.49	2.54	2.71	301.62
150	16.33	0.63	0.00	3.84	-0.93	2.64	292.77
151	14.16	0.97	0.00	1.41	-1.93	2.79	299.03
152	15.95	-0.21	0.00	-0.09	2.49	3.40	296.49
153	19.04	0.92	0.00	3.04	1.58	3.14	305.13
154	19.36	6.92	0.00	5.51	-1.22	2.52	301.75
155	16.98	0.68	0.00	1.97	-1.58	3.03	288.90
156	15.08	4.76	0.00	0.51	2.27	3.84	244.20
157	11.57	1.15	0.92	-1.19	-0.46	4.77	285.28
158	10.98	-0.66	0.30	-1.07	2.09	4.15	287.79
159	14.15	-1.14	0.16	2.64	2.66	4.00	293.53
160	16.31	4.69	1.68	2.92	3.16	4.97	280.07
161	18.76	3.35	0.00	2.63	0.30	4.76	300.21
162	18.89	3.98	0.00	1.66	-1.02	4.86	299.63
163	21.40	4.46	0.00	1.82	2.41	4.32	302.53
164	22.15	4.33	0.00	4.01	1.61	2.98	303.55
165	21.91	3.73	0.00	1.80	-1.86	3.18	301.13
166	23.47	5.79	0.00	-1.98	2.01	3.53	299.99
167	22.94	5.13	0.00	0.73	1.99	3.63	299.03
168	22.58	5.04	0.00	1.27	-1.67	3.85	300.31
169	19.46	5.35	0.22	-1.79	-0.55	4.77	284.14
170	18.77	4.41	0.07	1.16	4.20	4.41	293.74
171	21.64	7.21	0.04	2.59	4.98	4.90	291.92
172	24.43	7.34	0.00	3.48	4.50	3.24	305.69
173	23.85	4.91	0.00	4.44	1.21	2.54	304.19
174	23.74	5.83	0.00	3.69	2.22	2.41	305.82
175	24.63	4.80	0.00	4.43	0.99	2.24	306.28
176	24.02	6.36	0.00	4.67	1.48	2.27	303.15
177	23.90	6.64	0.00	3.61	2.60	2.43	301.29
178	23.64	8.66	0.08	3.18	3.05	3.51	292.22
179	21.59	8.62	0.00	3.45	2.74	4.56	297.59
180	20.53	8.26	0.03	3.63	-0.10	4.96	273.07
181	20.43	7.35	0.14	2.31	-2.88	6.22	257.92
182	20.06	5.14	0.22	0.90	-1.28	5.60	277.20
183	19.38	6.13	0.15	1.65	2.03	5.83	271.60
184	21.12	5.58	0.81	0.56	1.27	5.80	289.26
185	23.69	5.92	0.08	1.55	0.50	4.54	292.78
186	24.07	8.08	0.00	1.20	2.48	3.94	280.41
187	23.64	8.11	0.00	2.86	0.12	4.90	299.63
188	26.29	7.37	0.00	1.86	0.53	4.80	300.39
189	25.82	8.41	0.00	3.51	-1.22	3.36	300.32
190	19.93	4.31	0.08	-1.16	-3.46	4.25	282.24
191	19.76	5.26	0.15	-2.45	0.04	6.04	263.14
192	21.61	6.34	0.00	1.33	0.89	5.73	291.95
193	21.92	6.77	0.28	0.84	-3.65	5.97	257.41
194	15.45	-0.75	0.46	-1.94	-0.94	5.47	277.17
195	14.77	2.57	0.17	0.82	4.88	6.24	233.42
196	21.26	5.14	0.00	2.21	2.13	6.15	285.15
197	21.25	5.29	0.00	4.46	-0.89	4.30	288.23
198	21.17	5.44	0.00	4.19	-0.42	3.79	292.19
199	21.11	4.36	0.00	2.20	-0.31	4.43	266.96
200	21.46	8.47	0.00	2.29	1.99	4.78	256.22
201	21.37	9.55	0.00	3.07	0.67	5.11	262.61
202	21.46	8.54	0.35	2.74	0.36	5.47	258.91
203	22.04	8.94	0.06	3.10	1.36	5.62	275.95
204	22.49	9.42	0.41	3.14	1.83	5.17	269.86
205	22.02	9.64	0.06	4.81	1.77	4.49	286.15
206	21.52	5.11	0.09	3.51	0.28	3.65	285.67
207	21.15	4.29	0.06	2.11	2.05	4.28	264.61
208	21.65	8.78	0.14	3.53	2.12	5.29	272.28
209	20.93	8.01	0.06	2.67	-0.03	5.45	269.15
210	20.12	8.58	0.25	2.55	1.32	7.10	264.52
211	18.91	9.01	0.79	1.88	-0.19	8.93	248.69
212	19.12	7.51	1.11	-0.18	2.65	8.54	248.94
213	19.60	8.19	0.67	2.51	1.53	8.11	259.98
214	18.98	8.37	1.13	2.29	1.56	7.69	247.00
215	18.97	6.92	0.55	1.93	-0.13	7.42	257.48
216	19.53	6.72	0.64	2.93	0.89	6.70	263.95
217	19.53	6.85	1.16	2.19	-2.23	7.99	211.57
218	12.65	3.05	0.82	-1.72	-3.82	7.37	156.85
219	12.40	1.67	0.50	1.10	-1.88	6.30	242.89
220	17.08	2.84	0.00	1.81	1.24	6.70	263.87
221	20.12	4.31	0.08	2.64	1.19	6.27	277.19
222	19.62	6.95	0.03	2.08	0.39	7.19	237.05
223	20.31	7.02	0.08	2.39	0.38	7.09	256.75
224	20.87	5.54	0.00	2.50	-1.69	5.86	262.90
225	19.91	5.28	0.34	-1.17	-2.12	6.86	261.04
226	18.47	8.55	0.29	-2.74	1.19	8.56	215.52
227	16.88	7.49	0.22	-1.34	3.23	8.58	207.37
228	19.12	9.70	0.04	1.72	3.62	8.57	234.60
229	19.72	8.66	0.12	3.73	0.34	7.88	244.62
230	19.86	6.71	0.09	2.31	-2.47	6.44	229.04
231	19.47	5.53	0.23	1.79	-0.06	7.03	255.19
232	18.89	4.15	0.13	1.94	-2.66	6.07	269.99
233	17.93	3.75	0.09	-2.04	-0.20	6.57	244.95
234	17.35	5.00	0.73	-2.26	2.44	7.90	220.04
235	17.68	6.26	0.55	0.21	3.21	7.78	232.77
236	17.91	6.49	0.20	1.48	1.88	6.51	232.88
237	17.94	6.76	0.50	-0.11	2.21	7.34	236.46
238	19.43	7.50	0.04	1.75	1.87	7.76	246.53
239	19.31	4.13	0.00	1.81	-1.31	5.33	255.34
240	19.47	6.60	0.00	2.58	0.39	5.36	244.82
241	20.08	3.27	0.00	0.84	-2.50	4.51	246.38
242	18.41	3.49	0.00	-1.95	0.55	5.27	222.98
243	20.34	7.03	0.00	2.39	3.36	4.77	231.88
244	19.49	5.98	0.00	2.90	2.53	4.86	234.13
245	18.02	4.98	0.10	2.74	2.72	5.95	208.81
246	14.69	7.00	0.48	2.35	2.97	7.17	192.12
247	16.73	6.14	0.33	2.13	3.08	6.50	217.60
248	17.05	5.24	0.15	2.03	3.20	5.50	222.22
249	16.96	5.11	1.08	2.54	1.23	6.03	218.46
250	16.39	6.04	1.23	1.67	1.14	6.55	207.52
251	16.56	4.97	0.25	2.08	0.20	6.41	218.22
252	18.46	3.67	0.00	3.92	-2.05	5.08	238.94
253	18.05	2.80	0.00	4.71	-1.48	4.19	247.08
254	17.43	3.58	0.00	4.67	-2.08	3.86	232.79
255	16.39	1.36	0.00	1.40	-2.20	4.24	239.77
256	16.92	2.60	0.00	-0.03	4.04	3.52	210.76
257	16.02	4.74	0.00	1.87	3.06	3.67	194.80
258	14.37	3.23	0.00	1.78	2.42	3.97	203.15
259	13.95	2.21	0.37	1.93	2.65	4.08	209.29
260	16.16	2.21	0.33	3.32	2.39	4.46	213.42
261	14.99	5.17	0.61	3.86	0.39	5.25	186.78
262	12.38	2.71	0.33	3.48	-2.52	5.53	207.89
263	14.02	-0.64	0.00	2.50	-1.25	4.58	229.11
264	14.24	0.48	0.00	2.27	-0.07	4.15	205.30
265	15.53	2.87	0.00	3.67	2.59	4.19	203.74
266	15.36	3.50	0.15	2.90	-0.16	5.05	201.96
267	13.40	-1.12	0.52	-2.38	2.25	5.48	160.39
268	11.53	-0.50	0.89	-0.17	4.18	4.99	175.43
269	14.17	3.78	0.00	3.01	2.92	5.85	200.85
270	13.33	2.15	0.19	3.21	-0.17	5.72	214.45
271	15.19	1.77	0.00	2.06	1.02	5.40	194.61
272	15.98	2.12	0.00	3.18	0.37	5.21	204.25
273	15.70	3.77	0.00	2.58	1.67	5.27	165.68
274	15.21	3.08	0.00	3.79	0.09	5.86	198.52
275	15.52	1.82	0.08	4.29	0.29	4.83	180.33
276	15.10	-0.10	0.00	3.97	0.00	4.03	207.83
277	15.24	0.73	0.00	5.13	-0.58	2.93	211.79
278	14.79	-0.64	0.00	2.01	0.53	2.99	181.43
279	15.80	4.01	0.00	3.60	2.25	3.03	174.00
280	15.22	2.70	0.00	2.57	0.77	3.65	151.39
281	11.33	0.24	0.05	1.73	2.86	4.75	201.55
282	10.86	-3.04	0.35	1.78	-2.90	4.08	170.60
283	6.11	-6.26	0.06	1.61	-1.97	3.31	202.93
284	10.37	-6.39	0.00	2.24	1.45	2.99	205.30
285	13.01	-2.20	0.00	3.77	0.12	2.77	182.27
286	13.83	-0.23	0.00	5.40	-0.25	2.24	178.74
287	12.73	-2.99	0.00	4.32	-0.51	2.46	191.94
288	12.91	-2.98	0.00	3.69	-0.21	2.39	184.29
289	11.90	-1.05	0.00	0.80	0.31	2.44	145.93
290	11.44	-1.35	0.00	-1.48	1.23	2.41	178.52
291	11.70	-1.68	0.22	0.46	2.25	3.27	175.79
292	13.27	-1.04	0.00	2.40	1.92	4.11	180.63
293	14.44	0.73	0.00	3.53	0.58	5.37	174.79
294	13.68	1.18	0.00	3.51	0.66	4.64	188.27
295	12.34	0.53	0.47	2.21	-0.24	4.10	135.98
296	9.52	-0.21	0.00	0.12	2.39	3.77	143.78
297	10.68	-1.06	0.00	3.03	1.60	4.06	175.29
298	10.46	-0.73	0.15	1.86	0.51	3.94	159.45
299	9.40	-0.00	0.16	1.40	2.65	4.18	139.50
300	10.45	0.32	0.12	2.87	2.46	4.44	149.57
301	10.57	1.74	0.19	3.09	1.90	5.19	118.51
302	6.74	-2.71	1.40	2.21	-1.06	4.37	110.94
303	4.21	-4.23	0.30	4.07	-3.10	3.14	123.37
304	3.79	-6.39	0.08	4.07	-0.25	2.58	129.44
305	1.95	-11.95	0.00	7.22	-3.96	1.63	163.44
306	-1.59	-13.65	0.00	3.78	-1.80	1.56	169.01
307	0.84	-7.32	0.00	4.01	0.22	2.03	129.79
308	-0.07	-12.01	0.07	3.03	-4.45	1.80	166.57
309	1.75	-9.86	0.00	4.05	-0.28	1.77	121.89
310	1.38	-11.99	0.22	3.48	-5.11	1.66	140.13
311	-5.61	-12.84	0.38	3.43	-5.70	1.59	121.37
312	-9.23	-15.54	0.16	3.38	-4.82	1.25	122.35
313	-7.41	-15.77	0.18	1.24	-4.02	1.48	140.09
314	-4.11	-16.93	0.00	2.18	-1.51	1.57	156.42
315	-1.82	-14.14	0.00	3.32	-1.63	1.68	146.70
316	1.18	-13.01	0.00	3.16	-1.35	1.73	142.58
317	-0.76	-9.96	0.00	1.24	1.91	2.21	104.33
318	4.64	-6.59	0.00	3.05	2.61	2.68	113.97
319	3.34	-6.30	0.00	4.18	0.78	2.68	121.88
320	5.73	-3.12	0.00	3.35	1.67	2.88	114.10
321	7.67	-2.05	0.11	3.13	2.86	3.37	103.68
322	6.82	-2.00	0.00	3.64	1.43	3.35	96.01
323	3.81	-6.05	0.00	4.45	0.22	2.65	126.78
324	2.54	-5.70	0.00	3.83	1.93	2.69	106.75
325	5.60	-3.70	0.14	2.37	5.64	2.86	90.76
326	5.80	-6.89	0.28	4.99	1.74	2.62	121.39
327	-1.72	-13.58	0.00	4.00	0.14	1.77	133.24
328	5.23	-9.19	0.00	5.15	0.33	2.16	121.20
329	5.81	-5.51	0.00	4.54	1.06	2.38	123.39
330	2.69	-6.41	0.00	4.28	1.19	2.38	110.84
331	1.64	-10.98	0.00	2.92	0.73	1.90	123.58
332	1.25	-9.21	0.06	3.37	0.54	2.22	114.55
333	1.32	-8.59	0.00	4.06	-0.41	2.10	104.34
334	3.56	-7.44	0.00	6.81	-0.64	1.98	104.60
335	6.45	-4.58	0.00	7.14	-0.55	2.71	100.34
336	5.64	-3.70	0.00	8.39	-1.10	3.05	113.98
337	4.90	-4.86	0.05	4.22	1.68	3.33	90.80
338	8.48	-3.61	0.22	5.59	2.51	3.31	93.89
339	7.92	-4.83	0.58	5.26	2.42	3.47	100.28
340	-2.54	-15.34	0.00	4.25	-0.07	1.31	119.00
341	-7.07	-12.77	0.00	4.99	1.29	1.43	101.18
342	-3.74	-13.03	0.18	7.88	1.49	1.57	103.06
343	-3.68	-13.48	0.00	6.09	-1.76	1.78	89.50
344	1.34	-9.80	0.32	4.53	0.68	2.39	100.11
345	0.34	-10.40	0.00	5.40	-2.20	1.76	99.64
346	2.26	-11.13	0.06	5.02	-0.85	2.25	89.44
347	2.51	-6.72	0.00	4.48	-1.28	2.91	101.05
348	4.71	-6.40	0.00	4.35	-0.74	2.75	101.64
349	4.52	-4.40	0.00	4.23	0.30	3.09	102.40
350	-0.83	-9.18	0.19	3.14	0.40	2.62	84.88
351	-4.14	-12.76	0.57	2.79	-1.00	1.71	99.87
352	-5.36	-13.72	0.39	2.26	3.27	1.56	82.04
353	-6.03	-19.58	0.11	2.07	-2.03	1.43	97.57
354	-11.32	-23.77	0.13	2.43	-0.76	0.91	103.97
355	-1.80	-17.88	0.00	4.28	1.33	1.73	89.21
356	-3.38	-12.73	0.00	4.69	-1.58	1.76	98.89
357	-2.25	-12.88	0.41	5.13	-0.16	1.70	88.40
358	3.73	-4.98	0.35	8.56	0.26	3.17	102.32
359	1.47	-5.76	0.06	6.64	-0.28	2.46	97.92
360	4.23	-4.64	0.00	6.60	-1.25	2.90	104.11
361	4.33	-4.08	0.05	6.04	-0.92	2.68	102.54
362	3.23	-6.83	0.18	4.67	-0.34	2.67	100.36
363	-4.03	-13.57	0.34	5.26	-1.34	1.58	102.21
364	-10.55	-20.44	0.21	3.67	-1.81	1.25	100.21
365	-12.35	-22.83	0.00	2.39	-1.04	0.81	106.85
