#DOY	Tmax_C	Tmin_C	PPT_cm
1	-4.7	-19.56	0
2	-1.68	-17.48	0.09
3	-1.88	-17.01	0.06
4	-7.69	-24.22	0.06
5	-7.48	-19.85	0.24
6	-6.69	-22.55	0
7	-6.38	-22.31	0.02
8	1.13	-16.05	0.04
9	4.65	-4.91	0
10	3.75	-12.43	0
11	4.38	-8.2	0
12	4.65	-10.68	0
13	1.39	-11.18	0.43
14	3.34	-5.46	0
15	1.25	-10.23	0.54
16	-0.36	-9.66	0.16
17	-1.71	-12.56	0
18	-5.29	-19.38	0
19	-6.97	-17.12	0.06
20	-4.52	-13.73	0.06
21	-3.68	-20.41	0
22	-4.07	-19.38	0
23	-1.56	-19.94	0.04
24	-1.88	-15.75	0.02
25	-4.93	-18.35	0
26	0.35	-15.61	0.04
27	-2.29	-20.23	0.07
28	-2.97	-19.28	0.1
29	-3.1	-11.76	0.05
30	-0.67	-17.11	0
31	0.91	-9.22	0.49
32	-0.12	-10.73	0.63
33	-3.71	-12.43	0.54
34	-5.58	-22.47	0
35	-3.61	-20.3	0
36	-3.34	-21.3	0
37	-2.88	-19.03	0.3
38	1.75	-12.3	0.38
39	-2.79	-14.16	0.46
40	-1.53	-19.56	0.04
41	-0.86	-13.17	0
42	3.23	-7.51	0
43	4.2	-9.9	0.52
44	2.56	-10.04	1.74
45	-8.25	-17.17	1.02
46	-12.57	-22.44	0.02
47	-9.33	-23.37	0
48	-3.64	-17.49	0.7
49	-2.44	-13.69	0.65
50	-4.57	-20.78	0
51	-5.68	-21.08	0
52	-1.94	-20.78	0.04
53	-1.41	-13.76	0.01
54	-0.34	-16.19	0
55	0.39	-16.91	0
56	2.79	-11.54	0
57	3	-12.3	0
58	1.86	-9.03	0
59	-0.36	-11.45	0
60	0.63	-12.62	0
61	3.1	-12.06	0.14
62	3.47	-7.92	0.48
63	4.57	-5.11	0.63
64	6.7	-3.92	0.4
65	4.98	-3.6	0.47
66	-0.77	-7.66	0.4
67	3.53	-8.35	0
68	10.2	-7.32	0
69	8.88	-5.36	0
70	8.95	-3.78	0.06
71	4.86	-6.43	0.07
72	-0.32	-7.64	0.38
73	-4.08	-13.53	0.34
74	-1.55	-9.63	0.04
75	2.69	-7.86	0.02
76	4.1	-10.26	0
77	6.13	-6.35	0
78	7.58	-7.97	0
79	10.82	-5.49	0
80	11.95	-2.54	0.07
81	12.81	-5.75	0.18
82	11.76	-1.05	0.16
83	9.14	-6.37	0
84	8.69	-7.74	0
85	12.8	-6.72	0.04
86	14.31	-1.31	0.01
87	9.75	-2.04	0.43
88	7.7	-2.04	0.03
89	6.43	-3.02	0
90	10.11	-5.24	0.02
91	13.88	-4.09	0
92	16.78	-3.56	0
93	16.41	-3.02	0
94	16.85	-2.87	0.18
95	12.83	-0.64	0.01
96	12.42	-9.18	0
97	13.56	-5.45	0.13
98	13.26	-0.53	0.79
99	8.74	-1.42	1
100	9.77	-4.68	0
101	13.26	-4.41	0.02
102	13.87	-2.66	0.14
103	12.61	-1.51	0
104	16	-1.57	0
105	19.56	-0.96	0
106	19.67	0.51	0
107	16.6	-1.55	0.06
108	16.7	-0.12	0.01
109	16.95	0.21	0.02
110	18.05	-0.7	0
111	19.51	-0.06	0
112	19.21	1.69	0.02
113	17.13	1.06	0.28
114	12.55	1.65	1.05
115	11.79	0.71	0.56
116	9.07	-2.41	0.43
117	6.53	-6.02	0.33
118	12.24	-0.22	0.94
119	8.53	-8.83	0.57
120	5.79	-9.77	0
121	10.9	-7.14	0
122	14.46	-4.34	0.01
123	14.44	-3.43	0
124	13.16	-5.4	0
125	14.96	-4.56	0
126	19.73	-2.29	0
127	19.63	1.72	0.03
128	14.51	-0.72	0.11
129	11.36	-5.11	0.03
130	16.4	-6.69	0
131	19.83	-0.73	1.87
132	10.28	-1.47	1.06
133	12.36	0.84	0.08
134	17.19	-2.33	0.08
135	15.38	2.02	0.27
136	10.46	-1.74	0.08
137	15.93	-4.41	0
138	18.64	1.59	0
139	17.85	-1	0
140	16.84	-0.61	0.02
141	20.38	-2	0
142	22.36	0.98	0
143	24.34	2.7	0
144	23.15	5.07	0
145	20.22	-4.5	0
146	17.77	-1.97	0
147	20.57	1.27	0
148	22.18	4.68	0.14
149	19.52	5.13	0.39
150	15.42	2.02	0.46
151	19.84	0.96	0.08
152	17.94	-1	0.52
153	14.8	-3.53	0.01
154	20.56	-1.1	0
155	25.01	2.5	0
156	26.27	2.79	0
157	25.92	4.46	0
158	25.95	3.82	0
159	24.96	2.21	0
160	26.21	3.56	0.02
161	26.41	8.41	0.2
162	23.63	6.2	1.26
163	16.54	2.91	1.83
164	18.49	1.94	0.02
165	22.81	4.27	0
166	24.12	2.43	0
167	22.21	4.24	0.17
168	21.71	0.08	0
169	26.02	3.27	0
170	26.58	2.83	0.01
171	23.7	1.56	0
172	24.42	2.39	0
173	26.13	3.53	0
174	29.42	5.31	0
175	30.71	5.24	0
176	30.19	7.26	0
177	30.63	8.78	0.01
178	31.61	7.62	0
179	31.73	5.36	0
180	32.17	5.76	0
181	33.07	7.58	0
182	31.84	10.24	0
183	30.96	11.23	0
184	28.52	11.58	0.33
185	25.5	8.17	0.3
186	28.01	10.29	0.04
187	28.6	8.5	0.03
188	27.41	9.7	0.49
189	19.01	10.98	1.05
190	22.25	9.01	0.5
191	24.49	7.02	0
192	26.05	7.34	0
193	26.75	5.92	0
194	27.31	6.16	0
195	26.98	8.02	0.02
196	25.47	8.17	0.11
197	27.73	8.76	0
198	28.33	7.04	0
199	28.13	6.48	0
200	27.62	6.13	0.21
201	25.69	8.19	0.53
202	21.9	4.58	0.01
203	23.14	2.68	0
204	23.56	5.27	0
205	24.47	6.3	0.2
206	25.91	8.03	0.92
207	26.2	9.57	0
208	25.98	3.63	0
209	26.06	4.46	0
210	26.46	6.79	0
211	26.14	4.53	0
212	27.52	5.73	0
213	27.42	6.43	0
214	27.67	6.71	0
215	26.63	6.65	0
216	26.45	6.34	0
217	25.39	4.67	0
218	26.62	3.77	0
219	29.16	3.41	0
220	29.58	7.47	0.02
221	28.66	4.92	0
222	30.22	6.77	0
223	27.85	8.74	0
224	24.06	10.02	0
225	26.04	4.69	0.03
226	26.2	5.73	0
227	25.38	6.63	0.08
228	23.85	6.74	0.43
229	21.72	10.7	0.32
230	22.63	6.67	0.14
231	26.53	7.81	0
232	25.1	7.01	0.12
233	24.6	6.79	0.04
234	25.79	5.16	0.27
235	22.97	2.58	0.03
236	25.09	5.63	0.01
237	25.34	4.24	0
238	26.09	3.52	0
239	28.03	2.63	0
240	28.06	0.73	0
241	29.23	3.01	0
242	29.49	6.96	0
243	26.19	7.6	0.16
244	22.7	8.8	0.16
245	24.7	7.13	0.14
246	26.59	7.07	0.35
247	27.29	8.17	0.27
248	25.49	9.66	0.13
249	25.32	8.61	0.61
250	26.29	4.94	0
251	27.06	6.07	0
252	26.82	5.98	0
253	25.91	6.35	0
254	27.57	2.64	0
255	28.32	3.52	0
256	29.95	3.96	0
257	29.61	4.49	0
258	29.77	4.79	0
259	26.88	7.88	0.45
260	20.37	8.32	0.93
261	20.76	2.98	0.15
262	18.39	2.6	0.34
263	15.69	-0.43	0
264	18.09	0.92	0
265	20.55	-0.65	0
266	22.26	-0.68	0
267	21.7	2.21	0.19
268	22.06	3.18	0.01
269	21.86	2.92	0.05
270	21.08	4.58	0
271	19.97	3.91	0.13
272	19.33	0.17	0.01
273	21.06	0.29	0
274	22.25	0.75	0
275	21.49	4.19	0.38
276	12.95	1	0
277	18.3	1.71	0
278	21.28	-1.28	0
279	20.53	1.45	1.29
280	10.36	-2.08	2.94
281	5.68	-5.55	0.27
282	6.67	-5.39	0.08
283	12.37	-5.69	0
284	12.55	-3.42	0.15
285	12.3	-7.34	0
286	15.19	-4.41	0
287	14.97	-4.63	0
288	17.81	-2.05	0
289	19.29	-1.67	0.67
290	11.82	-5.02	0.48
291	13.64	-7.99	0.45
292	13.35	-4.08	1.44
293	5.24	-2.94	0.05
294	6.59	-7.99	0
295	10.53	-6.14	0.04
296	10.44	-4.13	0.01
297	13.17	-4.45	0
298	17.18	-2.86	0
299	18.14	-3.57	0
300	18.66	-4.42	0
301	18.66	-4.2	0
302	18.3	-2.63	0
303	18.22	-3.07	0
304	17.54	-3.27	0
305	13.62	-0.24	0.41
306	4.85	-2.59	0.91
307	1.88	-6.39	0.62
308	0.58	-13.11	0.21
309	0.51	-6.06	1.58
310	-0.39	-9.27	0
311	-3.11	-17.58	0
312	-3.56	-16.29	0
313	4.01	-8.65	0
314	10.05	-7.51	0
315	11.4	-7.36	0
316	13.35	-7.82	0
317	14.14	-7.1	0
318	16.13	-6.57	0
319	13.69	-5.83	0
320	11.38	-8.24	0
321	11.22	-5.1	0
322	9.59	-4.15	0
323	8.87	-2.48	0.4
324	10.42	-2.24	0.34
325	5.96	-13.02	0.4
326	0.78	-14.72	0
327	3.37	-13.17	0
328	7.26	-11.6	0
329	10.8	-11.33	0
330	9.77	-6.05	0.37
331	2.08	-9.75	0.36
332	-4.59	-12.78	0
333	-1.64	-17.07	0
334	0.13	-15.83	0
335	1.2	-16.03	0.01
336	-1.61	-12.51	0.02
337	-4.28	-14.63	0
338	-0.12	-15.82	0
339	2.38	-15.68	0.01
340	0.83	-13.75	0
341	0.46	-15.66	0
342	4.65	-15.58	0
343	6.56	-13.01	0
344	8.27	-10.33	0
345	9.15	-10.7	0
346	5.63	-5.82	0.32
347	1.31	-5.18	0.63
348	-0.53	-10.65	0.8
349	-7.45	-23.89	0
350	-5.55	-17.99	0.1
351	-4.94	-18.6	0.19
352	-2.02	-12.71	0.22
353	-0.98	-12.02	0.18
354	-6.26	-26.66	0.82
355	-20.67	-32.2	0.05
356	-24.41	-37.29	0
357	-21.38	-38.24	0
358	-17.3	-34.7	0.05
359	-11.21	-22.65	0.06
360	-8.38	-20.74	0.01
361	-7.94	-24.66	0
362	-4.58	-18.12	0.45
363	-4.03	-16.99	0.76
364	-12.09	-30.43	0
365	-9.93	-26.49	0
