#DOY	Tmax_C	Tmin_C	PPT_cm
1	-2.44	-14.94	0.01
2	-0.69	-11.53	0
3	0.44	-11.37	0
4	1.1	-8.35	0.3
5	2.28	-6.3	0.98
6	-2.65	-11.45	0.15
7	-7.03	-16.69	0
8	-5.13	-17.65	0
9	-5.18	-17.25	0.19
10	-4.2	-15.24	0.02
11	-4.51	-18.71	0
12	-5	-18.67	0.02
13	-1.9	-10.45	0.12
14	1.52	-10.02	0
15	-0.26	-15.91	0
16	-2.42	-10.11	0.02
17	-2.72	-10.84	0
18	-0.35	-14.55	0
19	1.28	-16.43	0
20	0	-17.58	0
21	1.01	-15.87	0
22	1.03	-16.55	0
23	1.53	-14.89	0
24	2.56	-12.31	0
25	2.68	-11.55	0
26	-1.29	-11.51	0.11
27	-5	-12.61	0
28	-5.68	-18.02	0.06
29	-6.45	-17.7	0.33
30	-8.7	-18.64	0
31	-10.79	-29.64	0.33
32	-9.43	-25.84	0
33	-8.58	-26.8	0
34	-6.09	-24.44	0
35	-6.45	-21.67	0
36	-4.09	-22.29	0
37	-1.98	-20.88	0
38	0.75	-10.93	0
39	1.74	-8.25	0.66
40	-1.2	-18.47	0.01
41	-1.76	-10.99	0.1
42	-0.75	-8.38	0.88
43	-4.57	-20.25	0.05
44	-5.69	-23.91	0
45	-2.69	-20.9	0
46	0.46	-19.98	0
47	2.79	-17.46	0
48	5.14	-11.84	0.04
49	4.99	-6.1	0.97
50	-1.78	-9.5	0.85
51	-3.68	-20.72	0.06
52	-1.95	-14.06	0.19
53	-3.08	-15.37	0.01
54	-4.59	-17.35	0.04
55	0.53	-13.23	0.01
56	5.84	-3.33	0
57	7.51	-6.94	0.01
58	4.9	-3.6	0.4
59	2.41	-2.83	0.06
60	3.51	-5.17	0
61	5.78	-6.91	0
62	8.56	-7.31	0
63	9.51	-7.03	0
64	9.59	-6.8	0.02
65	7.9	-2.53	0
66	7.21	-4.36	0
67	4.11	-9.38	0
68	3.86	-12.52	0
69	7.72	-9.56	0
70	9.95	-7.06	0
71	9.12	-4.21	0
72	10.8	-8.25	0
73	13.25	-6.04	0
74	15.33	-6.87	0
75	16.76	-6.02	0
76	14.51	1.04	0
77	12.04	-7.1	0
78	14.37	-3.67	0.67
79	9.62	-5.35	0.1
80	8.86	-8.98	0
81	13.52	-4.81	0.28
82	10.36	-7.65	0.3
83	3.29	-8.4	0.4
84	5.27	-4.01	0.44
85	5.22	-6.56	0
86	0.03	-10.17	0.01
87	4.15	-13.82	0
88	5.56	-9.34	0
89	8.1	-11.91	0
90	13.35	-8.27	0
91	14.39	-6.15	0.11
92	12.08	-1.82	0.09
93	13.64	-5.86	0.49
94	11.75	-4.55	0.5
95	5.47	-8.36	0
96	4.58	-6.77	0.05
97	4.61	-3.98	1.55
98	5.7	-9.23	0.26
99	6.61	-6.57	0.05
100	7	-3.68	0.11
101	6.26	-4.14	0.13
102	9.24	-7.82	0
103	14.17	-4.08	0.03
104	13.78	0.54	0.16
105	14.53	-6.68	0
106	19.25	-3.63	0
107	21.62	-2.35	0
108	21.78	-0.48	0
109	21.35	2.54	0
110	21.35	1.61	0.09
111	22.12	0.72	0
112	21.65	2.82	0
113	20.93	3.03	0
114	18.78	3.46	0.51
115	14.25	-0.9	0.66
116	5.57	-2.38	0.26
117	6.61	-4.89	0.73
118	7.38	-5.68	0.72
119	7.31	-3.14	0.22
120	9.82	-4.31	0
121	13.41	-4.61	0.06
122	14	0.27	0.05
123	12.62	-1.64	0.07
124	16.15	-1.59	0
125	20.87	2.5	0
126	22.02	2.09	0
127	21.78	0.66	0
128	20.67	-3.52	0
129	21.28	1.04	0
130	21.05	-1.01	0
131	22.23	-0.04	0
132	22.32	3.43	0.12
133	19.25	3.18	0.67
134	17.25	0.98	0.44
135	20.96	1.51	0
136	22.57	4.55	0.02
137	22.11	3.81	0
138	23.61	-0.26	0
139	23.34	1.61	0
140	20.65	1.29	0
141	19.22	-4.07	0
142	23.38	-2.36	0
143	23.44	0.93	0
144	22.44	1.56	0
145	22.46	1.92	0
146	22.32	2.25	0
147	21.23	1.64	0.2
148	18.38	5.2	0.54
149	22.05	1	0
150	26.26	1.31	0.25
151	26.95	4.6	0.36
152	23.59	3.19	0.5
153	22.45	2.38	0
154	25.09	3.29	0
155	26.44	4.93	0
156	25.96	2.32	0
157	27.03	4.33	0
158	24.61	2.76	0
159	20.7	1.32	0
160	20.7	-2.06	0
161	22.95	-0.94	0
162	25.36	1.56	0
163	26.85	4.59	0
164	27.01	4.96	0
165	26.59	8.86	0
166	26.8	0.71	0
167	26.75	1.27	0
168	28.01	2.85	0
169	28.16	5.22	0.12
170	26.79	8.69	0.07
171	27.56	7.38	0.53
172	25.78	9	0.18
173	22.95	10.23	0.32
174	25.65	4.59	0.01
175	28.74	4.52	0
176	30.76	6.7	0
177	31.98	5.82	0
178	30.39	4.89	0
179	27.57	3.87	0
180	27.82	6.88	0
181	29.7	6.06	0
182	30.05	6.31	0.01
183	27.94	10.34	0.08
184	23.82	6.25	0.35
185	26.64	7.17	0
186	28.85	5.61	0
187	26.69	7.82	0
188	20.15	1.43	0
189	22.66	1.41	0
190	27.67	4.1	0
191	30.08	6.58	0
192	29.26	5.58	0
193	28.16	5.55	0
194	27.43	3.45	0
195	26.17	3.92	0
196	26.76	6.36	0
197	27.88	6.24	0
198	28.87	5.17	0
199	29.09	6.82	0
200	28.87	7.05	0
201	27.44	6.15	0
202	27.81	3.8	0
203	30.53	6.11	0
204	29.67	8.65	0.02
205	28.81	8.36	0.08
206	29.28	7.88	0
207	28.43	7.74	0
208	29.49	6.63	0
209	30.05	8.43	0
210	29.87	9.93	0
211	30.92	7.51	0
212	29.31	11.61	0.05
213	27.37	11.75	0.13
214	25.75	8.53	0.05
215	27.78	7.52	0
216	29.79	8.9	0
217	30.89	10.84	0
218	30.92	6.74	0
219	31	7.47	0
220	28.87	9.98	0.75
221	23.26	10.79	1.44
222	24.54	7.46	0.04
223	27.34	10.11	0
224	26.88	9.47	0
225	26.84	8.61	0
226	28.73	8.56	0
227	29.14	8.46	0
228	28.12	8.39	0.06
229	29.76	8.06	0.06
230	29.05	6.33	0
231	23.22	9.43	0.1
232	24.42	5.33	0.15
233	26.53	6.9	0
234	25.58	7.39	0
235	27.65	3.33	0
236	27.38	4.51	0.02
237	28.15	7.08	0
238	29.59	6.17	0
239	27.63	6.5	0.12
240	25.56	8.91	0.25
241	23.02	4.41	0.12
242	23.8	4.13	0
243	24.35	4.44	0.04
244	23.24	4.16	0.14
245	25.57	6.05	0.03
246	24.89	6.8	0.21
247	22.84	4.61	0
248	24.25	-0.9	0.03
249	26.19	1.3	0
250	25.03	3.87	0
251	26.22	3.87	0
252	25.14	3.83	0.4
253	26.26	2.63	0.14
254	25.5	5.89	0
255	24.16	4.57	0.05
256	23.12	6.26	0.7
257	18.52	5.36	0.83
258	16.78	1.22	0
259	18.33	-1.1	0
260	21.56	-0.23	0
261	22.81	2.44	0.06
262	22.36	3.64	0.22
263	20.77	2.34	0.94
264	18.15	1.76	0.12
265	16.46	-7.05	0
266	20.34	-4.51	0
267	22.5	-2.04	0
268	22.91	-0.07	0
269	23.62	-1.71	0
270	23.45	-1.11	0
271	25.07	-0.14	0
272	23.96	1.67	0.07
273	17.9	4.54	0.15
274	14.3	-1.29	0.54
275	14.72	3.58	0.11
276	15.97	1.27	0
277	17.84	2.82	0.18
278	17.64	2.5	0.36
279	10.82	0.96	0.82
280	7.96	0	0.03
281	11.75	-3.42	0
282	16.2	-3.73	0
283	18.73	-3	0
284	19.9	-3.14	0
285	18.26	-2.07	0
286	19.52	-0.3	0
287	18.3	-0.25	0
288	12.13	1.18	0.13
289	7.33	0.2	0.12
290	4.4	-8.13	0.21
291	3.68	-2.94	0.41
292	7.23	-0.61	0.02
293	10.64	-5.11	0
294	12.29	-4.79	0
295	12.75	-2.77	0
296	13.65	-6.49	0
297	14.62	-6.54	0
298	15.29	-7.65	0
299	14.98	-7.34	0
300	13.87	-3.24	0
301	15.56	-4.84	0
302	10.55	-5.12	0
303	7.11	-8.09	0
304	7.75	-12.93	0
305	11.48	-6.86	0
306	11.91	-2.16	0.34
307	3.48	-6.67	1.07
308	-1.71	-11.29	0
309	1.86	-10.04	0
310	9.05	-3.55	0
311	13.81	-4.27	0.06
312	11.39	-3.54	0.34
313	7.03	-6.64	0
314	10.61	-7.14	0
315	12.64	-5.49	0
316	9.89	-1.73	0.57
317	2.12	-6.42	1.24
318	-2.78	-15.53	0.15
319	-1.3	-19.32	0
320	4.06	-14.94	1.08
321	2.34	-11.29	1.57
322	-2.91	-16.09	0.01
323	-2.8	-11.13	0.12
324	-3.32	-17.74	0.18
325	-4.06	-10.78	0.44
326	-6.63	-18.59	0
327	-4.21	-23.52	0
328	-2.56	-19.18	0
329	1.85	-13.19	0.02
330	1.6	-10.61	0.52
331	-6.23	-16.09	0.24
332	-6.52	-15.29	0.03
333	-7.76	-18.88	0.15
334	-1.48	-12.23	0.05
335	1.49	-13.57	0
336	1.07	-15.39	0
337	2.96	-12.63	0
338	3.86	-5.89	0
339	2.35	-2.8	0.3
340	2.21	-2.81	0.8
341	-0.44	-8.07	0.99
342	-6.11	-17.36	0
343	-9.19	-24.41	0.01
344	-7.51	-22.79	0
345	-5.95	-17.88	0
346	-2.69	-21.29	0
347	-2.16	-13.41	0.24
348	-3.05	-12	0.16
349	-5.89	-19.98	0.1
350	-5	-18.76	0
351	-2.38	-15.9	0
352	0.63	-15.85	0
353	-0.61	-15.23	0
354	-2.79	-18.45	0
355	-2.16	-16.82	0
356	-0.13	-16.19	0
357	-0.29	-15.38	0
358	1.73	-7.53	0
359	3.8	-8.91	0
360	0.73	-7.47	0
361	0.96	-10.68	0
362	-1.53	-13.87	0
363	-2.83	-11.9	0.04
364	-3.45	-8.86	0.21
365	-5.98	-16.12	0.01
