#DOY	Tmax_C	Tmin_C	PPT_cm
1	-10.47	-26.21	0
2	-8.22	-24.14	0
3	-7.77	-24.59	0
4	-6.38	-22.8	0
5	-4.25	-15.93	0.66
6	-3.31	-8.43	0.46
7	-2.24	-9.61	0.66
8	0.69	-7.58	0
9	3.39	-7.77	0
10	4.11	-5.92	0
11	3.9	-6.43	0.84
12	0.66	-10.06	0.11
13	0.1	-11.09	0.07
14	3.45	-4.48	0
15	5.47	-7.44	0.6
16	2.67	-7.72	1.04
17	-4.13	-11.24	0.68
18	-5.55	-16.69	0.26
19	-4.43	-11.98	0.11
20	-4.53	-13.44	0
21	-9.09	-27.36	0
22	-10.57	-28.43	0
23	-8.38	-26.22	0
24	-6.13	-23.64	0
25	0.65	-11.99	0
26	4.27	-8.25	0.22
27	3.31	-5.06	0.4
28	-1.85	-7.54	0.32
29	-2.99	-12.08	0.06
30	-1.89	-20	0
31	0.27	-12.99	0.1
32	4.64	-3.53	0
33	5.86	-3.57	0
34	3.83	-11.06	0
35	2.34	-10.65	0
36	2.13	-11.91	0
37	3.46	-11.75	0
38	5.41	-8.77	0
39	5.03	-6.64	0.77
40	2.54	-5.25	0.48
41	0.54	-6.77	0.34
42	-6.24	-13.01	0.12
43	-9.15	-13.31	0.57
44	0.78	-14.42	0
45	4.12	-9.68	1.12
46	-1.56	-23.78	0.24
47	-2.32	-21.73	0
48	1.93	-16.95	0
49	4.08	-11.8	0.01
50	4.19	-11.93	0
51	6.64	-6.15	0
52	7.64	-10.83	0
53	7.29	-10.62	0
54	7.93	-10.43	0
55	7.44	-9.49	0
56	7.61	-7.88	0
57	8.88	-7.84	0
58	8.6	-6.76	0.12
59	7.58	-6.03	0
60	4.19	-7.51	0
61	-0.3	-11.26	0.15
62	3.66	-7.1	0.12
63	5.62	-5.41	0.26
64	4.09	-7.94	0.33
65	1.53	-8.47	0.51
66	-0.03	-15.76	0
67	4.51	-14.11	0
68	10.15	-9.55	0
69	13.03	-6.11	0
70	12.77	-1.51	0.11
71	8.29	-2.08	0.19
72	7.57	-5.65	0
73	11.26	-5.09	0
74	14.79	-2.96	0
75	14.83	-3.07	0
76	11.94	-2.45	0.06
77	12.66	-4.27	0.35
78	10.26	-1.97	1.35
79	10.29	-7.22	0
80	13.22	-1.65	0.26
81	10.7	-4.23	0.3
82	10.42	-7.33	0.04
83	11.33	-4.82	0
84	1.35	-10.03	0.09
85	-0.69	-7.81	0
86	2.27	-10.33	0.06
87	3.46	-10.35	0
88	1.71	-8.22	0.02
89	2.06	-11.67	0
90	5.99	-11.26	0
91	11.12	-8.09	0
92	11.77	-6.78	0
93	12.5	-8.59	0
94	14.12	-7.01	0
95	16.42	-5.16	0
96	17.25	-3.57	0
97	17.75	-3.09	0
98	14.91	-3.12	0.91
99	4.97	-9.23	0.26
100	0.42	-8.91	0
101	4.86	-8.8	0
102	11.54	-6.34	0
103	16.92	-2.35	0
104	14.69	-0.59	0.02
105	8.65	-6.91	0.34
106	10.83	-5.33	0.31
107	12.95	-3.02	1.18
108	6.93	-3.28	0.33
109	8.12	-2.37	0.6
110	5.61	-2.72	0.33
111	7.08	-4.44	0.1
112	8.74	-5.44	0.02
113	5.92	-6.29	0.15
114	9.13	-4.46	0.08
115	8.62	-2.47	0.91
116	7.35	-4.81	0.43
117	10.39	-3.76	0.1
118	10.79	-1.28	0.28
119	10.32	-1.6	0.91
120	8.9	-1.46	2.82
121	8.65	-4.5	0.28
122	8.05	-1.05	1.79
123	7.75	-0.64	1.01
124	12.34	-3.62	0
125	14.49	0.15	0.41
126	11.23	-1.47	0
127	9.89	-3.1	0.85
128	8.12	-1.79	1.16
129	10.56	0.43	0.1
130	15.49	-2.12	0.15
131	13.13	1	0.66
132	9.07	0	2.05
133	10.46	-3.73	0.1
134	15.6	-0.26	0.2
135	20.95	1.75	0
136	18.86	0.95	0.08
137	14.27	3.38	0.29
138	14.62	-1.15	0.1
139	17.15	2.02	0.17
140	16.87	2.77	0.24
141	18.23	0.24	0.25
142	18.83	3.53	0.11
143	14.66	2.21	0.63
144	12.46	0.1	0.12
145	11.65	0.43	1.04
146	11.45	0.49	0.55
147	10	0.48	0.56
148	11.36	-1.09	0.44
149	13.88	-0.62	0.52
150	11.52	2.79	1.25
151	14.28	0.29	0.49
152	18.28	0.93	0
153	19.34	2.72	0.32
154	19.75	2.53	0.11
155	16.89	4.17	0.26
156	19.86	5.25	0.03
157	20.19	3.19	0
158	19.12	-2.41	0
159	17.83	4.06	0.49
160	13.65	-0.24	0.58
161	14.47	0.28	0.06
162	19.95	0.62	0
163	24.69	3.41	0
164	26.75	5.84	0
165	26.56	4.75	0.02
166	26.1	9.32	0.01
167	23.68	5.78	0.08
168	22.11	4.18	1.52
169	15.68	1.22	0.04
170	23.1	1.56	0
171	24.36	2.36	0
172	23.88	4.26	0.03
173	22.06	3.13	0
174	20.42	1.27	0
175	21.07	2.45	0
176	21.43	2.28	0
177	24.11	3.26	0
178	25.58	4.92	0.02
179	23.74	7.68	0
180	21.26	5.48	0
181	19.39	3.63	0
182	20.06	4.38	0.06
183	19.37	5.67	0.22
184	17.06	5.35	0.42
185	16.49	3.92	0.08
186	20.2	2.28	0
187	26.01	4.42	0
188	28.8	7.18	0
189	30.03	6.04	0
190	29.29	7.71	0
191	29.49	8.89	0
192	29.83	9.62	0
193	29.04	8.39	0.08
194	26.39	8.07	0.54
195	20.22	7.55	0.29
196	24.46	5.16	0
197	25.95	2.93	0
198	25.88	6.17	0
199	24.69	9.86	0.15
200	22.17	9.35	0.13
201	21.99	5.93	0.17
202	24	5.49	0.02
203	24.21	4.01	0
204	23.33	4.62	0
205	24.55	4.73	0
206	26.32	3.95	0
207	28.79	4.25	0
208	29.95	3.19	0
209	30.62	4.22	0
210	32.27	7.39	0
211	30.97	11.65	0
212	26.46	4.73	0
213	25.89	2.39	0
214	28.13	2.4	0
215	27.97	5.53	0
216	27.05	9.93	0.01
217	27.1	5.89	0.15
218	29.64	6.71	0
219	30.6	7.99	0
220	28.82	10.47	0
221	29.32	5.49	0
222	29.29	9.38	0.08
223	26.44	11.39	0.47
224	25.77	8.37	0.08
225	25.63	8.97	0
226	25.29	5.49	0
227	26.75	4.78	0
228	28.81	6.15	0
229	27.42	7.43	0.02
230	26.34	6.42	0
231	26.74	4.85	0
232	23.84	9.17	0.08
233	27.26	7.28	0.46
234	25.92	8.78	0.33
235	25.46	11.21	0.04
236	24.64	10.62	0.14
237	26.29	7.86	0.1
238	27.43	8.43	0
239	29.08	6.36	0
240	27.64	7.28	0
241	27.47	8.23	0
242	27.71	6.93	0
243	29.37	4.79	0
244	30.54	6.43	0.01
245	29.36	7.85	0.02
246	29.01	8.38	0.01
247	30.5	8.1	0
248	29.21	6.79	0.42
249	25.93	5.67	0.19
250	24.84	7.04	0.03
251	23.07	7.15	0.6
252	23.2	4.3	0.14
253	21.4	5.07	0.18
254	21.66	5.58	0.04
255	21.06	0.14	0
256	23.43	1.44	0
257	24.03	4.42	0.01
258	24.89	1.84	0
259	26.06	2.59	0
260	25.69	3.07	0.12
261	21.26	4.81	0.9
262	18.01	2.31	0.52
263	15.28	4.2	0.45
264	10.03	-4.06	0.19
265	11.53	-8.33	0
266	14.6	-4.89	0
267	13.57	-1.57	0
268	16.31	-6.75	0
269	17.38	-3.93	0
270	20	0.49	0
271	19.63	1.82	1.1
272	12.44	2.07	1.89
273	10.9	0.99	0.52
274	13.56	-0.78	0
275	13.87	-2.03	0
276	15.59	-2.09	0.73
277	13.87	-2.43	1.2
278	3.74	-2.09	0.26
279	8.09	-7.15	0
280	15.27	-5.6	0
281	14.44	-5.12	0
282	15.35	-4.97	0
283	17.84	-4.05	0
284	21.48	-1.56	0
285	20.33	1.12	0.17
286	12.95	-7.04	0
287	14	-8.52	0
288	20.05	-5.54	0
289	20.29	-4.5	0
290	18.02	-3.66	0
291	18.15	-3.9	0
292	15.21	-4.76	0
293	14.05	-10.92	0
294	16.04	-8.63	0.52
295	15.38	-5.9	0.97
296	-0.3	-9.68	0
297	3.56	-12.16	0
298	8.1	-10.84	0
299	10.34	-5.68	0
300	10.38	-2.06	0
301	11.98	-6.93	0
302	12.95	-5.09	0.01
303	14.54	-0.3	0.04
304	14.07	3.02	0.4
305	8.95	-2.97	0.45
306	1.08	-13.76	0
307	3.59	-14.52	0
308	5.55	-13.05	0
309	8.7	-11.68	0
310	8.06	-4.6	0
311	5.94	-3.68	0
312	9.75	-6.89	0
313	8.81	-3.65	1.76
314	1.08	-7.79	1.05
315	-1.27	-15.28	0.01
316	5.5	-5.9	0.16
317	5.42	-0.77	0.41
318	9.13	-2.01	0
319	12.43	-4.81	0
320	11.79	-5.6	0
321	11.67	-5.66	0
322	13.67	-6.09	0
323	12.43	-6.38	0
324	11.31	-5.93	0
325	11.63	-7.65	0
326	10.31	-3.87	0.01
327	8.35	-3.37	0
328	10.29	-6.85	0
329	13.62	-5.93	0
330	9.17	-2.7	0.52
331	-0.3	-9.07	0.16
332	-5.2	-14.52	1.32
333	1.17	-7.77	0.05
334	8.13	-9.43	0
335	7.04	-8.98	0
336	4.39	-8.81	0
337	5.64	-7.69	0
338	8.19	-6.69	0.15
339	5.46	-4.62	0.5
340	3.9	-3.59	0.41
341	2.03	-6.84	0.3
342	1.72	-11.27	0.04
343	1	-7.8	0.01
344	4.85	-4.8	0
345	9.04	-8	0
346	5.55	-4.32	0.3
347	6.57	-3.03	0.04
348	5.13	-8.73	0
349	3.59	-11.37	0
350	2.63	-9.63	0
351	1.52	-11.83	0
352	0.06	-15.4	0
353	-0.13	-15.28	0
354	0.63	-13.44	0
355	-2.39	-12.4	0
356	-3.01	-15.67	0
357	-2.33	-17.37	0
358	-0.68	-19.14	0
359	1.36	-18.34	0
360	2.45	-18.2	0
361	4.05	-17.73	0
362	1.53	-17	0
363	0.34	-15.15	0.1
364	-3.61	-11.85	1.47
365	-0.04	-6.65	1.32
