#DOY	Tmax_C	Tmin_C	PPT_cm
1	-2.06	-18.01	0
2	-5.7	-19.22	0
3	-5.06	-17.73	0
4	-2.91	-16.5	0
5	-2.01	-17.27	0
6	-1.1	-16.66	0
7	-2.01	-22.59	0
8	-5.73	-23.5	0
9	-6.14	-23.31	0.04
10	-2.63	-19.84	0.44
11	-3.06	-19.12	0
12	-0.04	-16.56	0.29
13	-2.2	-10.13	0.62
14	-5.08	-13.86	0.16
15	-6.46	-22.26	0.01
16	-10.72	-26.3	0
17	-10.95	-25	0.04
18	-9.06	-21.32	0
19	-4.99	-21.06	0.16
20	-4.55	-17.45	0.65
21	-6.14	-21.14	0
22	-4.64	-21.43	0
23	-6.55	-20.64	0
24	-4.94	-21.59	0
25	-2.03	-18.18	0.16
26	-2.01	-15.01	0.09
27	-5.67	-16.78	0.13
28	-5.84	-15.17	0.9
29	-3.05	-14.17	0.59
30	-6.34	-22.2	0.23
31	-7.76	-24.52	0.05
32	-5.46	-19.88	0
33	-3.17	-15.72	0.09
34	0.09	-7.8	0.14
35	2.58	-4.96	0
36	3.75	-9.64	0
37	3.02	-12.63	0.16
38	4	-8.38	0.48
39	-3.4	-19.63	0.3
40	-10.12	-32.32	0
41	-4.49	-19.55	0
42	-1.12	-15.8	0.05
43	1.57	-15.43	0
44	4.04	-10.8	0.6
45	-0.92	-10.78	0.84
46	-3.47	-14.21	0.38
47	-2.41	-19.17	0.22
48	-0.84	-19.86	0.05
49	-1.15	-15.24	0.12
50	1.64	-7.72	0.88
51	3.99	-10.31	0.28
52	3.73	-5.93	0.28
53	3.66	-10.07	0
54	3.68	-6.36	0.23
55	0.71	-9.08	0.31
56	0.95	-11.42	0.05
57	-0.25	-12.91	0.24
58	-1.81	-10.1	0.22
59	-4.46	-11.74	0.16
60	-0.56	-10.25	0.22
61	1.71	-11.22	0.04
62	1.71	-12.6	0
63	2.62	-15.16	0
64	4.09	-10.55	0
65	5.2	-7.25	0
66	4.56	-10.45	0
67	3.02	-12.33	0
68	5.14	-8.56	0.18
69	4.89	-2.98	0.46
70	1.36	-5.36	0.96
71	-0.14	-7.75	0.06
72	4.24	-5.42	0
73	1.99	-9.33	0.36
74	-1.1	-12.65	0
75	1.19	-10.44	0
76	1.84	-8.46	0.05
77	3.74	-8.03	0.57
78	4.51	-8.49	0
79	7.92	-3.88	0
80	10.24	-1.96	0.26
81	10.21	-3.41	0
82	10.83	-3.67	0
83	11.39	-4.94	0
84	12.21	-3.87	0.14
85	11.42	-3.14	0.26
86	7.86	-4.08	0.03
87	4.74	-6.73	0.65
88	4.81	-3.78	0.08
89	6.14	-3.95	0
90	9.41	-3.91	0
91	12.64	-2.29	0
92	14.61	-1.13	0.18
93	15.6	-2.34	0
94	14.97	-0.86	0
95	14.89	-3.55	0
96	11.69	-1.65	0.95
97	7.25	-3.02	0.09
98	7.21	-2.72	0.16
99	7.27	-6.65	0
100	6.83	-5.56	0.44
101	5.58	-3.65	0.03
102	6.52	-5.39	0.27
103	5.77	-6.75	0.5
104	6.95	-3.88	0
105	12.56	-7.61	0
106	15.54	-5.76	0
107	18.96	-2.95	0
108	21.23	-1.26	0
109	19.73	3.44	0
110	14.47	2.57	0
111	10.1	-3.79	0.55
112	7.1	-1.93	0.52
113	8.57	-4.62	0.16
114	14.17	-2.28	0
115	17.89	-2.07	0
116	21.01	-1.71	0
117	22.8	0.16	0
118	22.37	3.49	0
119	16.85	2.77	0
120	19.51	-2.21	0
121	18.93	-0.29	0
122	16.42	-2.55	2.24
123	2.41	-2.79	0.38
124	8.66	-2.26	0.25
125	12.75	-1.27	0.25
126	13.99	-1.58	0
127	15.21	-4.74	0
128	18.92	-2.87	0
129	20.87	-0.58	0
130	21.54	1.72	0
131	21.59	-2.31	0
132	24.22	0.46	0
133	24.33	3.52	0.03
134	23.68	1.43	0
135	21.67	3.14	0
136	20	6.12	0.21
137	18.05	5.78	0.29
138	17.62	-0.53	0.26
139	18.29	4.53	0.3
140	18.16	-1.38	0
141	14.47	-7.04	0
142	17.07	-4.85	0
143	22.14	-2.06	0
144	23.02	0.92	0
145	24.06	0.43	0
146	23.37	2.53	0.03
147	22.69	5.03	0
148	22.85	4.89	0.12
149	21.16	1.5	0.07
150	21.15	1.11	0
151	21.65	0.65	0
152	23.85	1.34	0
153	26.06	2.97	0
154	22.95	5.93	0
155	19.59	0.36	0
156	17.31	-4.46	0
157	22.33	-1.48	0
158	24.43	1.46	0
159	26.8	3.58	0
160	27.68	4.43	0.03
161	28.42	4.99	0
162	28.12	3.45	0
163	26.35	2.74	0.32
164	17.4	-2.1	0.25
165	13.83	0.19	0
166	20.33	-0.27	0
167	25.97	3.55	0
168	28.28	3.59	0
169	27.45	2.94	0
170	25.58	2.4	0
171	24.62	2.87	0
172	26.13	3.95	0
173	28.27	4.3	0
174	29.23	6.17	0
175	28.17	8.49	0
176	27.98	8.63	0.01
177	26.91	8.59	0.36
178	26.33	6.84	0.61
179	27.09	7.08	0
180	29.89	7.71	0
181	31.07	8.07	0
182	30.65	7.88	0
183	31.42	7.96	0.11
184	32.42	9.4	0
185	33.3	7.64	0
186	32.84	10.99	0.06
187	31.38	10.58	0
188	29.81	11.9	0.31
189	29	11	0.34
190	29.51	10.48	0.08
191	27.89	10.14	0.29
192	27.12	10.06	0.79
193	26	9.83	0
194	27.42	8.91	0
195	24.53	8.44	0.18
196	24.16	8.99	0.15
197	26.16	8	0.06
198	26.43	5.47	0
199	26.94	6.13	0
200	28.73	8.05	0
201	28.92	8.81	0
202	30.19	8.37	0
203	29.76	6.8	0
204	29.9	6.15	0
205	28.88	8.62	0
206	29.22	7.76	0.03
207	27.16	9.5	0.31
208	26.08	7.12	0.12
209	28.7	6.13	0
210	30.69	7.39	0
211	30	7.44	0.07
212	26.76	10.79	0.42
213	26.27	8.67	0
214	28.95	10.01	0
215	29.81	9.37	0
216	30.06	10.6	0.11
217	29.39	9.08	0.04
218	31.36	11.44	0.09
219	29.38	11.43	0.18
220	29.3	12.16	0.31
221	28.11	10.97	0.83
222	26.41	9.74	0.94
223	27.25	8.38	0.06
224	29.49	7.42	0
225	28.36	8.85	0.47
226	24.49	10.03	0.84
227	24.16	6.33	0.35
228	24.54	6.17	0.03
229	25.94	5.97	0
230	29.12	4.48	0
231	29.26	5.87	0.01
232	25.93	10.62	0.11
233	22.95	9.5	0.03
234	22.12	7.37	0.02
235	24.63	5.37	0
236	25.53	4.71	0
237	28.23	6.43	0
238	30.13	4.77	0
239	30.64	4.87	0
240	29.89	5.15	0.02
241	29.03	6.49	0.01
242	27.17	6	0
243	23.7	6.74	0.27
244	24.82	4.79	0.01
245	26.68	4.98	0
246	27.86	5.85	0.02
247	27.76	6.69	0
248	26.42	6.79	0.27
249	22.76	7.8	0.15
250	18.43	-1.62	0.3
251	12.43	-1.09	0.57
252	16.13	-4.01	0
253	22.2	-1.77	0
254	25.18	0.55	0
255	26.55	4.04	0
256	25.6	7.54	0.26
257	22.22	4.76	0
258	21.78	3.64	0.02
259	22.15	3.4	0.21
260	20.98	4.82	1.01
261	18.5	3.89	0
262	20.54	1.82	0
263	22.88	1.73	0
264	24.5	1.34	0
265	23.86	2.85	0
266	25.01	0.43	0
267	26.05	0.94	0
268	26.54	1.62	0
269	25.85	2.13	0
270	26.75	2.22	0
271	26.55	2.12	0
272	25.36	4.72	0
273	24.42	2.9	0
274	24.82	2.73	0
275	23.18	2.49	0
276	22.26	-1.88	0
277	21.11	-2.34	0
278	17.3	-6.83	0
279	18.04	-5.62	0
280	19.21	-0.61	0
281	17.61	-1.5	0.78
282	13.78	-1.67	1.86
283	6.03	-5.62	0.04
284	7.17	-6.17	0.22
285	5.33	-6.53	0.29
286	7.57	-2.18	0.04
287	13.19	1.18	0
288	12.54	-5.88	0
289	15.32	-5.65	0
290	18.56	-4.69	0
291	16.3	-1.5	0
292	16.06	-5.89	0
293	17.97	-5.26	0
294	15.1	-4.17	0
295	13.73	-1.08	0.04
296	14.34	-2.69	0
297	8.65	-6.35	0
298	8.76	-10.78	0
299	13.8	-9.19	0
300	18.38	-6.7	0
301	19.34	-1.99	0
302	19.02	1.31	0
303	18.5	0.32	0.1
304	14.74	1.17	0.05
305	10.55	-3.29	0
306	12.12	-6.2	0
307	14.34	-5.96	0
308	17.08	-7.53	0
309	17.25	-4.59	0
310	16.63	-1.19	0
311	14.74	-0.63	0.48
312	10.07	-4.45	0.11
313	9.61	-9.35	0
314	12.28	-7.36	0
315	12.24	-5.11	0
316	12.89	-3.42	0
317	13.06	-4.7	0
318	11.81	-6.48	0
319	10.59	-6.98	0
320	12.49	-7.76	0
321	13.7	-7.8	0.02
322	9.59	-6.39	0.16
323	8.1	-7.11	0
324	8.58	-10.19	0
325	9.17	-11.19	0.13
326	5.75	-4.77	1.64
327	1.56	-5.37	0.37
328	-1.16	-7.53	0.12
329	1.16	-6.12	1.41
330	-2.85	-8.55	1.02
331	-7.55	-13.97	0
332	-8.38	-23.13	0
333	-6.8	-19.17	0.24
334	-3.72	-8.77	0.69
335	-2.93	-12.16	0.37
336	-0.38	-7.97	0.57
337	3.98	-9.07	0
338	3.83	-14.14	0.73
339	-0.6	-13.53	0.15
340	0.84	-6.88	0.41
341	1.05	-6.97	0.18
342	-3.83	-19.83	0
343	-1.63	-17.87	0
344	-2.71	-16.29	0
345	-3.3	-13.7	0.12
346	-6.03	-17.44	0.09
347	-8.93	-23.38	0.02
348	-2.95	-16.39	0
349	-3.6	-17.66	0.24
350	-7.84	-22.31	0
351	-5.1	-17.26	0.06
352	-2.65	-13.37	0.19
353	-1.88	-18.41	0
354	-2.77	-16.21	0
355	-0.21	-14.71	0.04
356	-2.32	-11.81	0.23
357	-7.15	-21.34	0
358	-10	-24.88	0
359	-8.66	-24.68	0
360	-6.98	-22.03	0
361	-5.66	-21.25	0.03
362	-4.29	-18.66	0.13
363	-3.31	-12.82	0
364	-6.43	-15.49	0.01
365	-4.57	-12.68	0.06
