#DOY	Tmax_C	Tmin_C	PPT_cm
1	-2.68	-9.15	0.53
2	-3.27	-19.15	0
3	-0.33	-15.21	0
4	0.96	-12.25	0.39
5	-0.38	-10.05	0.48
6	-2.45	-11.92	0.12
7	-5.27	-19.1	0
8	-5.5	-19.47	0
9	-7.23	-22	0
10	-6.59	-20.75	1.33
11	-2.1	-9.5	0.02
12	-0.17	-9.79	0
13	-0.09	-10.54	0
14	0.08	-13	0
15	-1.25	-12.3	0.04
16	-3.25	-20.04	0.03
17	-3.96	-16.4	0.04
18	-3.54	-21.46	0
19	-2.35	-19.76	0
20	-0.55	-18.33	0
21	1.31	-15.69	0
22	1.07	-14.4	0.06
23	3.41	-7.4	0.36
24	2.34	-7.05	0
25	3.44	-5.3	0
26	2.9	-5.55	0
27	4.18	-8.2	0.01
28	2.94	-4.64	0.86
29	2.53	-5.9	0
30	2.84	-6.51	0.04
31	5.38	-2.59	0
32	6.97	-3.21	0
33	6.41	-5.09	0.79
34	0.86	-12.53	0.15
35	-2.6	-11.8	0.16
36	-4.66	-16.69	0.05
37	-8.33	-25.74	0
38	-9.51	-27.5	0.06
39	-10.68	-25.97	0.02
40	-7.42	-16.25	0.55
41	-4.24	-17.16	0.06
42	-2.43	-20.67	0
43	-1.37	-18.08	0
44	2.4	-11.44	0.52
45	3.08	-4	0.5
46	2.94	-3.13	0.39
47	1.76	-9.28	0.29
48	2.46	-14.4	0.44
49	0.25	-12.65	0
50	0.56	-13.99	0
51	0.27	-15.56	0.08
52	1.23	-10.21	0.98
53	0.8	-6.44	0.27
54	-1.31	-15.31	0.9
55	-5.44	-19.19	0.53
56	-4.42	-14.74	1.66
57	-2.01	-10.17	0.3
58	-0.87	-7.62	0.1
59	-1.78	-11.81	0
60	-1.02	-16.05	0
61	-1.85	-20.38	0
62	1.11	-14.59	0.45
63	0.32	-8.31	1.12
64	-1.87	-12.16	0.18
65	1.92	-7.37	0
66	4.63	-8.81	0
67	7.02	-8.33	0
68	8.51	-9.02	0
69	7.88	-5.63	0
70	7.64	-5.88	0
71	9.52	-4.68	0
72	11.76	-5.74	0
73	12.67	-4.61	0
74	10.99	-5.01	0
75	8.62	0.17	0.12
76	4.11	-1.96	0.72
77	3.87	-4.51	0.16
78	5.1	-6.34	0
79	5.03	-7.98	0
80	6.7	-4.47	0
81	9.46	-3.66	0
82	12.38	-4.28	0.52
83	8.62	-3.27	1.07
84	6.69	-7.99	0
85	9.45	-4.89	0.28
86	9.89	-9.08	0.33
87	-0.17	-11.59	0.04
88	1.26	-12.04	0.02
89	6.85	-9.36	0
90	13.37	-6.18	0
91	17.42	-3.87	0
92	15.67	-1.85	0.09
93	11.36	-4.62	0.78
94	2.55	-11.81	0.28
95	4.15	-6.27	0.26
96	3.68	-5.64	0.2
97	3.47	-7.39	0.12
98	8.66	-8.7	0
99	15.32	-6.19	0
100	18.9	-4.38	0
101	19.68	-2.39	0
102	18.45	-4.73	0
103	19.8	-2.6	0
104	19.16	-2.73	0
105	16.02	0	0.87
106	9.54	-3.29	0.44
107	13.01	-2.9	0.09
108	12.53	-1.18	0.52
109	7.36	-4.14	0.31
110	11.63	-5.98	0
111	14.89	-3.88	0
112	14.45	0.87	0.68
113	9.21	-2.6	4.38
114	5.44	-2.66	1.36
115	14.75	-2.3	0
116	16.55	-1.91	0
117	17.1	-4.22	0
118	17.75	-1.45	0
119	16.86	1.06	0.29
120	13.72	-1.53	0.37
121	8.83	-2.61	0.38
122	11.82	-3.21	0
123	15.65	-0.37	0.19
124	13.03	-0.69	0.62
125	9.08	-2.52	0.7
126	9.91	-2.69	0
127	10.38	-2.22	0.65
128	8.8	-0.35	0.97
129	6.93	-1.73	0.61
130	5.53	-3.36	0.18
131	8.87	-4.39	0
132	16.56	-2.83	0
133	19.18	1.93	0.02
134	20.78	-0.34	0.08
135	19.45	6.08	0
136	19.64	2.11	0.04
137	21.42	4.58	0
138	19.38	6.68	0.04
139	14.05	-3.91	0
140	15.59	-4.44	0
141	19.73	-2.19	0
142	22.47	0.34	0
143	24.93	2	0
144	25.87	2.96	0
145	24.73	4.74	0
146	25.91	5.04	0
147	26.82	5.64	0
148	28.91	6.24	0.03
149	29.52	5.96	0.06
150	28.25	7	0.02
151	26.01	7.71	1.03
152	23.34	6.56	0.67
153	21.6	2.32	0
154	22.14	1.58	0.02
155	20.51	1.76	0
156	18.85	1.91	0
157	18.44	1.15	0.02
158	17.33	0.26	0.04
159	21.72	-0.45	0
160	22.7	2.94	0.1
161	23.24	4.8	0.26
162	22.87	5.69	0.28
163	22.12	3.24	0.12
164	22.64	3.12	0.02
165	23.82	3.44	0
166	26.6	4.92	0
167	27.16	8.02	0.13
168	25.4	4.47	0.12
169	25.45	4.92	0.03
170	24.6	5.4	0.14
171	20.64	5.78	0.52
172	20.86	3.72	0.05
173	22.01	5.17	0.08
174	24.2	2.56	0.07
175	20.28	5.6	0
176	16.26	3.44	0.12
177	20.22	0.71	0.05
178	24.12	2.36	0
179	26.35	3.52	0
180	26.66	4.44	0
181	29.95	6.2	0
182	29.91	8.12	0
183	29.44	5.41	0
184	30.42	4.29	0
185	29.64	4.74	0
186	30.22	4.18	0
187	30.26	4.66	0
188	29.4	8.37	0
189	30.85	6.87	0
190	30.06	2.8	0
191	29.1	3.48	0
192	31.98	5.6	0
193	32.37	6.54	0
194	32.81	7.45	0
195	32.38	7.67	0
196	31.66	9.39	0
197	32.84	12.71	0
198	32.11	12.92	0
199	32.37	13.05	0.06
200	32.03	13.8	0.14
201	30.65	10.43	0.01
202	31.54	9.99	0
203	32.22	11.37	0
204	32.06	11.04	0
205	32.68	11.65	0
206	31.42	11.46	0
207	31.14	11.96	0.03
208	29.78	10.22	0.06
209	29.87	10.37	0
210	27.78	11.74	0.21
211	29.4	8.95	0
212	29.36	8.23	0.16
213	30.06	8.97	0.01
214	31.25	9.23	0
215	28.1	10.57	0
216	26.8	9.13	0
217	29.89	7.78	0
218	31.76	9.02	0.05
219	28.67	11.85	0
220	28.56	9.09	0
221	30.18	9.58	0
222	31.76	8.8	0
223	31.86	10.9	0.01
224	31.71	9.5	0.04
225	31.74	10.18	0
226	32.09	9.22	0
227	30.52	6.71	0
228	24.89	8.73	0.13
229	23.11	9.22	0.32
230	21.5	7.01	0.34
231	25.14	5.1	0
232	29.58	5.85	0
233	30.16	8.5	0
234	28.39	10.2	0.16
235	26.06	10.96	0.89
236	26.07	8.32	0
237	25.1	11.43	0
238	27.98	7.88	0
239	26.76	10.03	0.02
240	26.03	6.7	0
241	25.94	5.54	0
242	22.01	8.14	0.09
243	20.46	5.38	0
244	23.99	2.51	0
245	26.22	5.13	0
246	25.62	5.53	0.06
247	27.05	5.05	0
248	25.2	6.03	0.19
249	21.94	7.89	0.58
250	17.67	8.45	0.98
251	20.49	4.25	0.22
252	21.19	4.75	0.8
253	16.09	4.71	0.91
254	11.87	2.85	0.26
255	17.73	2.73	0
256	18.18	-0.75	0
257	17.16	-5.44	0
258	20.65	-2.71	0
259	23.08	2.85	0.15
260	21.56	3.85	0.2
261	14.77	-2.34	0.04
262	15.52	-4.55	0
263	19.05	-3.15	0
264	19.26	-4.03	0
265	21.96	-2.83	0
266	23.75	-2.07	0
267	23.3	-1.97	0
268	23.32	-3.88	0
269	23.18	-1.13	0
270	21.65	-0.56	0
271	22.52	-0.15	0
272	22.12	0.61	0
273	20.24	0.99	0
274	22.77	2.42	0
275	18.72	5.21	0.12
276	18.64	3.48	0.01
277	18.33	0.25	0
278	20.45	-0.09	0
279	21.33	-0.02	0
280	21.34	-0.63	0
281	22.1	1.14	0
282	24.05	0.56	0.06
283	21.85	2.87	0.03
284	15.57	-8.09	0
285	17.32	-7.52	0
286	17.41	-1.74	0
287	14.38	-8.62	0
288	17.03	-8.34	0
289	17.37	-2.08	0
290	21.31	-3.08	0
291	22.94	-2.52	0
292	23.04	-2.03	0
293	22.08	-2.88	0
294	22.42	-2.07	0
295	24.03	-2.5	0
296	23.59	-2.14	0
297	19.02	-5.05	0
298	11.35	-11.5	0
299	7.52	-11.16	0
300	11.28	-6.25	0
301	14.85	1.84	0
302	17.7	1.78	0
303	17.29	-6.87	0.26
304	0.53	-9.76	0.76
305	-0.72	-10.32	0.56
306	-0.28	-7.48	1.76
307	3.04	-4.07	1.77
308	1.87	-11.12	0.62
309	-0.07	-9.85	0.39
310	-0.34	-8.07	0.1
311	0.93	-11.2	0.01
312	4.11	-6.74	0.02
313	5.72	-5.53	0.06
314	3.13	-2.21	0.69
315	5.44	-3.09	0.13
316	5.48	-4.51	0
317	8.66	-4.09	0.19
318	6.34	-2.47	0.03
319	1.84	-2.74	0.02
320	4.99	-4.96	0.15
321	3.26	-4.45	0.39
322	0.06	-6.16	0
323	5.49	-8.33	0
324	9.22	-6.49	0
325	9.58	-6.18	0
326	-0.22	-12.62	2.2
327	-9.54	-22.22	0
328	-8.35	-21.13	0
329	-4.34	-16.26	0.36
330	-4.74	-13.3	0.22
331	-5.73	-17.43	0
332	-4.78	-19.52	0
333	0.05	-17.17	0
334	3.08	-8.67	0
335	4.34	-6.24	0
336	4.47	-5.83	0
337	3.14	-10.26	0
338	1.94	-12.34	0
339	2.15	-11.6	0
340	3.77	-7.1	0
341	3.9	-2.32	0.9
342	2.61	-5.71	1.57
343	-4.16	-11.27	0.18
344	-4.32	-17.74	0.02
345	-3.16	-12.81	0
346	-2.97	-14.87	0.03
347	-3.45	-12.5	0
348	-0.28	-9.78	0.2
349	-0.09	-10.95	0.38
350	-6.85	-21.32	0.18
351	-4.44	-19.04	0
352	-3.52	-16.87	0
353	-1.56	-16.5	0
354	0.3	-14.44	0
355	2.1	-10.06	0.18
356	0.43	-8.91	0.12
357	-2.18	-15.72	0
358	-3.3	-15.72	0
359	-1.93	-12.46	0.13
360	2.25	-5.93	0.27
361	-2.25	-11.29	0.39
362	-9.43	-15.72	0.47
363	-8.32	-19.28	0.15
364	-4.78	-12.73	0.63
365	-1.24	-8.66	0
