#DOY	Tmax_C	Tmin_C	PPT_cm
1	-6.37	-16.3	0
2	-6.21	-23.2	0
3	-9.56	-23.82	0
4	-5.74	-18.14	0.43
5	-3.58	-15.97	0.03
6	-1.22	-16.46	0.65
7	-2.28	-10.7	1.46
8	-5.69	-13.6	0.13
9	-7.24	-22.28	0
10	-5.85	-19.6	0
11	-3.25	-18.72	0
12	-7	-19.9	0
13	-8.35	-21.84	0.11
14	-7.13	-15.56	0.6
15	-7.56	-27.66	0.02
16	-9.18	-22.82	0
17	-6.15	-18.35	0.03
18	-7.7	-19.51	0.05
19	-9.12	-24.6	0
20	-9.7	-25.11	0
21	-8.71	-26.65	0
22	-6.72	-24.44	0
23	-6.27	-21.03	0.17
24	-1.71	-15.43	0.04
25	0.45	-16.16	0
26	-1.62	-17.83	0
27	-2.1	-18.01	0
28	-0.94	-17.78	0
29	-1.3	-18.17	0
30	-1.09	-18.43	0
31	0.84	-16.13	0
32	0.64	-17.97	0
33	-0.91	-18.12	0
34	0.19	-16.08	0
35	-1.88	-16.6	0
36	-4.19	-21.01	0
37	-2.72	-20.6	0
38	-2.12	-19.74	0.11
39	-1.1	-13.78	0.39
40	0.42	-6.31	0.24
41	2.46	-8.05	0
42	4.21	-5.69	0.07
43	3.01	-5.82	0.18
44	3.32	-7.43	0.82
45	2.45	-5.18	0.75
46	4.02	-8.18	0
47	-0.14	-11.21	0.06
48	-1.33	-8.79	0.24
49	-0.9	-13.84	0.02
50	0.06	-15.33	0
51	3.39	-10.97	0.04
52	5.51	-4.29	0.22
53	3.01	-7.53	0.68
54	0.38	-5.88	0.12
55	-0.84	-16.55	0.07
56	1.56	-10.81	0
57	2.03	-13.38	0
58	4.58	-10.27	0
59	5.51	-9.16	0
60	6.74	-8.31	0
61	7.47	-8.29	0
62	8.48	-6.19	0
63	8.5	-6.82	0
64	5.25	-4.54	0.78
65	1.3	-1.89	0.23
66	5.86	-3.78	0.24
67	9.68	-4.19	0.04
68	7.23	-4.2	1.1
69	2.69	-7.52	0.31
70	2.94	-10.61	0
71	5.37	-9.21	0
72	8.18	-7.9	0
73	10.08	-7.78	0
74	11.34	-6.63	0
75	12.61	-4.82	0
76	12.26	-6.2	0
77	10.92	-5.02	0.03
78	6.89	-4.13	0.19
79	5.16	-5.38	0.66
80	4.7	-10.2	0.12
81	6.2	-6.55	0.14
82	7.01	-7.6	0
83	7.35	-5.56	0.1
84	6.72	-2.77	0.06
85	8.63	-6.38	0.02
86	11.38	-4.81	0.01
87	10.11	0.57	0.08
88	10.51	-0.55	0
89	11.33	-4.87	0.04
90	13.93	-4.8	0.11
91	12.79	-4.75	0
92	11.67	-8.93	0
93	12.65	-4.01	0
94	15.09	-5.13	0
95	17.29	-2.81	0
96	16.35	-2.25	0.03
97	13.74	-3.98	0
98	14.05	-3.74	0
99	15.06	-4.92	0
100	17.24	-4.17	0
101	17.5	-0.7	0
102	18.01	2.34	0
103	19.66	1.63	0
104	20.6	-0.89	0
105	19.04	0.13	0.88
106	13.86	-2.18	0.61
107	12.75	-0.09	0.41
108	13.97	-0.56	0.85
109	13.07	-3.55	1.85
110	6.33	-3.17	0.04
111	8.69	-2.13	0
112	12.68	-5.3	0
113	13.51	-1.13	1.66
114	9.55	-1.86	1.15
115	10.97	-7.21	0
116	14.92	-4.82	0
117	18.51	-2.43	0
118	21.67	-0.34	0
119	22.48	1.72	0
120	22.82	-0.52	0
121	23.84	2.29	0
122	22.9	2.35	0
123	19.33	0.36	0
124	19.39	-2.42	0
125	20.98	-0.48	0
126	22.35	-0.57	0
127	23.15	1.48	0
128	22.67	0.81	0.18
129	20.8	1.74	0.7
130	14.57	4.13	1.87
131	11.27	0.82	0.12
132	15.86	-1.66	0
133	18.99	2.53	0.38
134	18.31	4.01	0.24
135	19.86	3.22	0.11
136	20.81	1.81	0
137	20.65	1.45	0
138	21.87	0.18	0
139	23.63	3.08	0.04
140	24.26	3.48	0.01
141	21.89	5.17	0.26
142	18.2	6.3	0.51
143	18	3.32	0
144	20.66	2.52	0.02
145	21.41	3.04	0.1
146	20.82	6	0.19
147	19.25	3.56	3.11
148	15.58	5.44	1.46
149	15.36	3.83	0.27
150	15.18	0.6	0.1
151	15.46	3.13	0.41
152	13.96	0.22	0.25
153	14.89	-2.09	0
154	20.23	-0.66	0.02
155	21.42	6.42	0.02
156	19.47	2.79	0.22
157	19.63	2.73	0.2
158	19.28	-0.44	0.02
159	18	4.22	0.31
160	19.9	2.05	0.24
161	20.5	2.48	0.03
162	22.45	3.38	0.08
163	22.43	5.7	0.05
164	22.7	2.78	0
165	22.48	3.82	0
166	22.03	0.64	0.01
167	20.66	2.65	0
168	14.83	0.58	0.09
169	16.97	4.46	0.05
170	22.67	2.78	0
171	26	2.88	0
172	26.88	2.19	0
173	26.92	3.88	0
174	27.61	4.89	0
175	28.08	5.21	0
176	27.66	8.39	0.02
177	25.2	8.49	0.19
178	21.13	5.94	0.39
179	21.51	4.59	0.02
180	24.65	6.51	0.06
181	26.93	8.06	0
182	24.98	8.71	0
183	23.07	3.07	0.08
184	18.6	4.08	0.47
185	22.04	2.69	0
186	26.87	5.16	0
187	28.07	5.12	0
188	28.76	9.03	0
189	27.29	7.46	0.5
190	19.76	6.96	0.64
191	22.46	5.36	0
192	25.24	4.25	0.02
193	24.33	7.31	0.26
194	23.09	6.47	1.9
195	19.54	4.65	0.24
196	22.48	4.22	0
197	24.48	4.52	0.9
198	23.21	3.74	0
199	24.37	4.38	0
200	26.35	6.59	0.04
201	25.71	6.43	0
202	23.36	7.06	0.17
203	24.62	7.48	0.01
204	26.36	3.83	0
205	24.6	6.74	1.99
206	22.05	8.15	0.37
207	22.58	8.21	0.14
208	24.74	5.79	0.66
209	25.63	4.89	0
210	27.15	5.45	0.01
211	26.44	8.12	0.08
212	25.72	3.5	0
213	28.07	6.16	0
214	28.14	3.98	0
215	28.49	5.2	0
216	26.73	6.87	0.06
217	27.04	6.95	0.01
218	27.74	6.52	0.2
219	23.51	10.01	0.09
220	24.09	6.79	0
221	26.14	7.87	0.27
222	28.44	7.4	0
223	28.98	8	0
224	29.01	8.45	0
225	28.28	8.26	0.12
226	28.64	7.91	0
227	29.52	8.65	0
228	29.24	7.23	0
229	27.12	8.95	0.18
230	25.84	7.44	0.09
231	24.62	5.59	0.02
232	27.32	4.3	0
233	28.35	5.14	0
234	28.2	8.12	0.02
235	25.21	8.87	0.37
236	19.22	7.34	0.36
237	17.25	6.32	0
238	18.2	1.79	0.11
239	17.95	0.2	0.09
240	19.65	-3.28	0
241	23.05	-0.79	0
242	24.71	0.94	0.03
243	24.88	4.75	0.02
244	21.9	5.87	0.36
245	18.58	3.85	0.08
246	19.93	1.33	0.17
247	22.34	2.54	0
248	21.9	5.38	0.28
249	18.89	3.79	0.31
250	18.35	1.43	0.02
251	19.22	1.44	0
252	21.47	-0.99	0
253	22.63	-0.07	0
254	22.89	-1.99	0
255	25.55	1.38	0
256	25.14	4.65	0
257	21.76	1.99	0
258	23.59	0.68	0.03
259	23.03	5.69	0.21
260	22.36	4.7	0.16
261	21.53	5.65	0.35
262	21.35	0.92	0.04
263	21.28	3.47	1.08
264	17.3	3.59	0.02
265	19.61	5.21	0
266	22.41	1.19	0
267	25.04	2.23	0
268	24.84	2.62	0.43
269	21.95	-0.74	0.34
270	14.54	-4.71	0
271	18.5	-3.83	0
272	21	-3.66	0
273	22.64	-1.94	0
274	23.51	-1.88	0
275	24.56	-1.05	0
276	25.25	-0.96	0
277	24.12	0	0
278	20.3	-0.75	0
279	18.36	-4.7	0
280	17.01	-2.94	0.25
281	10.24	-4.11	0.29
282	10.39	-10.53	0
283	12.51	-3.03	0
284	14.38	-6.48	0
285	17.21	-4.37	0
286	20.18	-4.03	0
287	21.25	-3.69	0
288	18.96	-1.38	0
289	15.36	-4.63	0
290	12.87	-5.44	0
291	13.05	-5.91	0
292	17.13	-5.57	0
293	18.6	-3.3	0
294	19.48	-3.62	0
295	19.54	-2.29	0
296	18.65	-2.91	0
297	18.44	-3.62	0
298	20.16	-3.06	0
299	17.87	0.1	0.41
300	12.86	-1.89	0
301	15.88	-0.77	0.13
302	11.14	1.51	0.3
303	9.19	1.64	0.44
304	8.57	1.64	1.09
305	4.5	-2.38	0.7
306	0.6	-5.15	0.18
307	2.15	-3.36	0.34
308	-0.03	-6.51	0.04
309	-1.79	-8.84	0.06
310	-1.33	-7.71	0.27
311	0.02	-9.95	0.01
312	3.37	-5.21	0.35
313	3.33	-5.48	0.47
314	2.45	-6.43	0.03
315	-0.46	-11.5	0
316	-2.02	-16.11	0
317	-0.89	-13.78	0
318	2.99	-9.15	0
319	7.6	-8.26	0
320	9.92	-8.19	0
321	10.33	-7.83	0
322	9.96	-7.47	0
323	6.85	-5.5	0.02
324	3.36	-5.92	0.36
325	-0.04	-4.57	0.33
326	-1.58	-11.8	0
327	-0.75	-12.67	0.49
328	-3.23	-11.23	0.64
329	-7.81	-17.89	0.03
330	-9.31	-21.14	0
331	-8.69	-22.73	0
332	-5.48	-21.98	0
333	-5.89	-17.97	0.66
334	-5.35	-13.06	0
335	-4.46	-20.76	0.01
336	-1.59	-13.4	0.03
337	0	-12.02	0.01
338	0.66	-13.94	0.14
339	-5.37	-21.76	0.02
340	-9.66	-23.29	0.29
341	-5.64	-13.94	0.13
342	-5.01	-23.29	0
343	-2.88	-20.42	0.02
344	-0.59	-15.8	0.1
345	3.05	-11.23	0.07
346	4.61	-12.6	0.06
347	1.17	-9.34	0.06
348	-3.16	-12.66	0.18
349	-6.75	-24.23	0.22
350	-7.65	-16.44	0.59
351	-8.57	-17.09	0.18
352	-9.15	-23.12	0.32
353	-6.4	-12.88	0.74
354	-8.36	-24.84	0
355	-11.28	-27.15	0
356	-5.3	-19.16	0.01
357	-3.9	-16.66	0
358	-1.48	-13.89	0
359	-2.95	-21.08	0
360	-3.67	-20.81	0
361	-4.01	-22.14	0
362	-4.19	-21.99	0.01
363	1.04	-14.61	0.04
364	3.73	-5.94	0.42
365	2.72	-6.98	0.8
366	-4.15	-21.15	0
