#DOY	Tmax_C	Tmin_C	PPT_cm
1	-7.02	-22.63	0
2	-4.73	-21.82	0
3	-3.99	-21.21	0
4	-4.32	-16.3	1.24
5	-1.8	-13.35	0.06
6	-5.44	-18.17	0
7	-6.33	-19.42	0.25
8	-1.84	-16	0.35
9	-4.11	-20.18	0.02
10	-4.43	-16.21	0.16
11	-3.21	-12.03	0.12
12	-2.53	-15.63	0.04
13	0.82	-8.68	0.35
14	0.35	-8.38	0.98
15	-2.5	-9.02	0.98
16	-2.89	-14.29	0
17	-3.45	-15.05	0.04
18	-1.43	-13.13	0
19	-3.86	-19.22	0.98
20	-6.58	-21.88	0
21	-11.9	-30.09	0.06
22	-8.47	-27.77	0.16
23	-7.98	-24.34	0.25
24	-7.28	-22.12	0.13
25	-7.79	-20.06	0
26	-4.19	-22.35	0
27	-2.41	-14.26	0
28	-2.9	-19.9	0.26
29	-6.05	-24.3	0.08
30	-8.53	-28.5	0
31	-4.98	-24.44	0
32	-2.55	-20.62	0
33	-3.25	-21.25	0
34	-3.8	-20.99	0
35	-1.25	-17.21	0
36	0.83	-17.31	0
37	-0.76	-19.75	0
38	-0.16	-18.98	0
39	-0.81	-18.97	0
40	-1.16	-20.01	0
41	0.23	-18.06	0
42	0.59	-15.85	0
43	1.65	-16.28	0.1
44	2.43	-8.34	0.29
45	1.39	-6.79	0.05
46	4.49	-5.69	0
47	5.04	-8.35	0.52
48	0.77	-5.65	1.03
49	-0.65	-8.24	0.16
50	-2.01	-18.24	0.04
51	2.32	-11.39	0
52	4.4	-12.12	0
53	3.89	-10.64	0
54	5.42	-10.71	0
55	3.04	-11.3	0
56	-1.29	-17.29	0
57	-0.24	-15.36	0
58	1.9	-16.67	0
59	5.75	-13.58	0.08
60	5.29	-5.83	0.14
61	2.99	-2.45	0.58
62	4.35	-4.76	0
63	6.46	-2.54	0.07
64	5.54	-2.97	2.06
65	-2.64	-12.92	0.4
66	-3.61	-13.86	0.07
67	-2.37	-12.29	0.1
68	0.05	-18.18	0
69	5.3	-11.48	0
70	4.81	-4.53	0.56
71	2.07	-10.44	0.06
72	1.45	-11.33	0.03
73	3.66	-5.93	0.16
74	3.07	-9.87	0.26
75	2.64	-9.2	0
76	5.27	-7.16	0
77	7.11	-8.59	0
78	11.32	-7.2	0.1
79	7.19	-4.15	0
80	5.85	-9.23	0.53
81	4.44	-5.6	0.08
82	5.1	-8.52	0
83	9.45	-6.24	0
84	10.49	-4.01	0.13
85	6.86	-4.88	0.71
86	1.83	-7.4	0.57
87	2.65	-9.84	0.15
88	1.75	-9.79	0.1
89	2.93	-12.99	0
90	8.68	-8.89	0
91	13.33	-5.99	0
92	14.9	-1.02	0.05
93	14.03	-0.41	0.14
94	14.7	-5.65	0
95	17.43	-3.76	0
96	19.72	-2.13	0
97	15.92	-1.77	0.31
98	7.6	-5.27	0
99	7.86	-10.1	0.06
100	7.44	-4.57	0.3
101	3.26	-7.44	0.06
102	1.9	-7.05	0.35
103	0.07	-10.43	0.22
104	3.81	-7.7	0.15
105	11.44	-3.09	0
106	15.35	-2.18	0
107	15.55	-2.79	0
108	14.44	-3.16	0.12
109	10.02	-7.39	0.05
110	12.6	-4.6	0.12
111	10.56	-1.2	0.29
112	12.94	-3.78	0.13
113	13.05	-5.34	0.03
114	13.78	-1.28	0.01
115	13.65	-0.66	0.55
116	7.36	-5.62	0.76
117	2.11	-7.68	0.02
118	2.48	-5.95	0.32
119	3.68	-5.21	0.26
120	6.32	-4.04	0.12
121	12.15	-6.35	0
122	15.98	-1.6	0
123	13.34	-7.46	0.08
124	9.04	-2.49	0.09
125	9.78	-2.52	0.09
126	12.66	-3.9	0.09
127	14.59	1.65	0.2
128	19.64	-1.68	0
129	21.86	5.36	0.02
130	22.01	2	0
131	21.74	2.23	0
132	15.95	-1.81	0
133	17.84	-5.12	0
134	22.01	-1.07	0.16
135	18.76	1.17	0.9
136	10.59	0.92	0.14
137	17.04	-0.48	0
138	22.72	1.52	0
139	24.83	0.09	0
140	23.94	5.24	0
141	20.83	5.85	0.45
142	19.86	2.32	0.18
143	17.08	1.94	0.25
144	16.15	0.46	0.14
145	19.35	0.71	0.19
146	21.18	1.13	0.29
147	22	2.11	0
148	20.06	-0.14	0
149	19.74	-1.33	0
150	19.1	0.73	0
151	18.85	0.81	0.06
152	17.69	1.57	1.29
153	14.81	3.6	0.55
154	14.99	3.68	0.57
155	18.24	4.74	0.32
156	20.92	5.35	0.03
157	19.17	6.12	0.34
158	20.2	5.51	0.02
159	23.3	3.49	0
160	24.65	3.45	0
161	24.24	1.95	0
162	25.61	3.33	0
163	25.73	5.02	0.03
164	24.9	5.08	0.5
165	21.44	6.62	0.58
166	21.65	1.72	0.11
167	22.79	4.28	0.02
168	24.21	4.47	0
169	25.65	4.23	0
170	25.92	5.38	0
171	25.81	3	0
172	25.57	2.97	0
173	25.57	4.68	0
174	25.89	1.72	0
175	27.4	2.14	0
176	26.55	3.47	0
177	25	5.56	0
178	24.09	0.31	0.02
179	25.05	4.74	0
180	26.14	6.1	0.22
181	24.62	4.5	0
182	23.86	1.8	0
183	25.69	2.4	0
184	26.52	4.32	0
185	28.7	3.98	0
186	29.74	5.5	0
187	29.87	7.76	0
188	29.54	7.97	0
189	26.25	11.2	1.38
190	22.29	8.45	0.57
191	21.69	6.97	0.43
192	24.15	5.63	0
193	26.54	6.71	0.08
194	27.64	7.35	0
195	29.34	7.57	0
196	29.71	7.77	0.08
197	29.83	7.65	0.06
198	29.16	9.56	0.14
199	27.61	7.94	0.01
200	26.31	7.91	0.01
201	22.89	8.67	0.11
202	23.52	6.97	0.03
203	23.51	6.87	0.05
204	25.46	7.28	0
205	24.12	5.06	0.7
206	23.45	5.37	0.26
207	23.41	5	0.03
208	25.04	6.32	0.12
209	26.77	5.72	0
210	28.47	6.46	0
211	28.73	8.33	0
212	29.66	7.5	0
213	27.69	10.46	0.37
214	21.92	8.33	0.16
215	22.77	8.12	0.66
216	23.85	7.99	0.49
217	24.29	6.04	0
218	22.47	5.74	0
219	24.09	4.6	0
220	25.64	5.3	0
221	26.87	6.57	0
222	27.47	6.35	0
223	28.15	7.67	0.04
224	24.68	8.22	0.08
225	24.42	6.06	0.14
226	26.38	6.15	1.08
227	25.66	8.45	0.51
228	25.69	7.6	0.25
229	25.58	5.9	0
230	27.05	6.34	0.12
231	24.34	8.13	0.83
232	21.36	7.11	0.1
233	25.88	6.06	0
234	27.09	3.82	0
235	27.83	6.54	0
236	27.24	7.22	0.06
237	28.04	7.25	0
238	27.89	8.21	0.01
239	27.74	9.43	0.02
240	25.85	8.43	0.12
241	25.64	7.1	0.01
242	28.12	3.56	0
243	28.9	5.15	0.07
244	28.03	7.01	0.04
245	26	6.84	0.06
246	26.72	4.84	0
247	26.79	4.33	0
248	26.99	5.89	0
249	24.9	8.46	0.11
250	17.53	7.53	0.5
251	15.83	8.59	1.51
252	22.11	3.75	0.06
253	21.91	7.39	0.43
254	19.75	5.28	0.16
255	19.19	4.61	0.2
256	18.09	4.28	0.18
257	17.3	2.24	0.58
258	13.62	-1.51	0.08
259	15.77	-3.72	0
260	18.89	-1.85	0
261	17.71	-2.23	0
262	18.54	-2.84	0
263	21.45	-1.77	0
264	22.69	-0.31	0
265	19.73	-4.77	0
266	17.74	-5.28	0
267	18.5	-4.57	0
268	21.1	-2.65	0
269	23.27	-1.43	0
270	24.28	-0.06	0
271	24.43	0.61	0
272	22.45	2.86	0.4
273	18.55	3.25	0
274	19.68	-0.06	0
275	20.39	-1.12	0
276	19.71	-2.24	0
277	17.94	-3.52	0
278	12.9	-10.28	0
279	17.77	-6.76	0
280	21.12	-4.68	0
281	21.47	-2.09	0
282	20.89	-4.02	0
283	21.64	-3.39	0
284	23.5	-2.34	0
285	22.44	-2.37	0
286	19.22	-2.95	0
287	18.51	-5.82	0
288	19.96	-3.3	0
289	22.82	-3.89	0
290	22.3	-2.56	0
291	19.57	-1.35	0
292	16.24	-2.64	0
293	15.96	-4.75	0
294	16.86	-5.97	0
295	18.02	-5	0
296	14.61	-2.15	0.83
297	7.88	-3.83	0.18
298	6.98	-5.88	0.2
299	10.81	-4.21	0.18
300	12.56	-1.34	0.21
301	10.4	-12.35	0.38
302	-5.27	-16.53	0.14
303	-5.26	-14.06	0.07
304	-4.91	-18.81	0.02
305	-3.05	-13.43	0.8
306	-8.5	-25.54	0
307	-7.7	-26.32	0
308	-1.59	-19.91	0.13
309	4.78	-7.87	0.44
310	8.31	-1.84	0.52
311	8.8	-3.25	0
312	9.61	-5.12	0
313	11.68	-4.17	0.06
314	8.64	0.11	0.16
315	7.09	-4.26	0
316	10.46	-8.25	0
317	11.64	-8.22	0
318	7.41	-8.12	0.46
319	5.05	-2.92	0.44
320	-0.1	-5.36	0.3
321	-0.09	-6.77	0.49
322	0.93	-3.49	1.19
323	-1.14	-9.08	0.27
324	-1.54	-14.8	0.29
325	-0.45	-9.88	1.08
326	-3.75	-15.14	0
327	-5.65	-17.26	0.01
328	-3.53	-15.81	0.34
329	-1.62	-7.86	0.58
330	1.4	-4.31	0.06
331	3.09	-5.45	0
332	3.47	-9.15	0.04
333	-3.59	-13.78	0.03
334	-6.92	-18.87	0
335	-11.02	-26.9	0.06
336	-9.39	-21.46	0.72
337	-5.39	-16	0.11
338	-2.48	-18.28	0
339	-0.68	-17.18	0
340	0.72	-16.64	0
341	0.97	-15.4	0.34
342	-0.01	-12.4	0.64
343	-4.34	-17.07	0.07
344	-4.6	-19.88	0.02
345	-2.94	-15.17	0
346	-3.86	-14.41	0.06
347	-2.88	-15.22	0.01
348	-4.08	-21.68	0
349	-3.73	-20.94	0
350	-2.61	-19.54	0
351	-1.88	-17.91	0
352	-2.51	-15.61	0.46
353	-0.3	-10.66	0.56
354	-1.21	-8.82	0
355	-3.13	-15.89	0
356	-8.83	-20.8	0
357	-10.89	-18.76	0.02
358	-11.16	-25.51	0
359	-10.63	-24.91	0
360	-11.08	-25.29	0
361	-10.25	-26.41	0
362	-6.98	-24.08	0
363	-4.4	-21.13	0.03
364	-5.03	-21.28	0.02
365	-6.41	-16.81	0.01
