# weather for site 002_-119.415_39.046 year =  2007
# DOY Tmax(C) Tmin(C) PPT(cm)
1	3.72	-10.24	0.00
2	4.25	-12.69	0.00
3	12.56	-8.55	0.00
4	8.64	-0.40	0.81
5	3.72	-14.57	0.11
6	2.12	-15.77	0.00
7	4.02	-14.36	0.00
8	4.62	-14.85	0.00
9	4.78	-15.07	0.00
10	7.61	-13.92	0.00
11	-0.98	-12.79	0.22
12	-8.67	-19.33	0.00
13	-8.07	-26.90	0.00
14	-5.60	-25.44	0.00
15	-4.75	-22.50	0.00
16	-1.79	-22.64	0.00
17	-1.46	-17.56	0.00
18	-0.53	-20.19	0.00
19	1.27	-17.79	0.00
20	3.00	-17.07	0.00
21	1.40	-17.58	0.00
22	2.48	-18.01	0.00
23	4.29	-17.11	0.00
24	6.64	-15.84	0.00
25	7.85	-14.90	0.00
26	7.22	-14.61	0.00
27	6.75	-13.58	0.00
28	3.83	-12.77	0.00
29	4.62	-14.53	0.00
30	5.28	-14.56	0.00
31	5.27	-15.55	0.00
32	6.70	-16.04	0.00
33	5.27	-17.34	0.00
34	8.58	-15.95	0.00
35	11.61	-11.55	0.00
36	11.07	-10.91	0.00
37	13.64	-10.07	0.00
38	11.35	-7.07	0.00
39	9.59	-5.53	0.00
40	8.63	-4.06	0.18
41	8.81	-3.85	0.54
42	8.40	-2.13	0.59
43	7.88	-8.90	0.02
44	4.96	-7.10	0.00
45	6.01	-9.68	0.00
46	10.61	-7.14	0.00
47	12.43	-6.35	0.00
48	13.19	-6.29	0.00
49	10.10	-5.07	0.29
50	5.46	-8.67	0.12
51	10.80	-12.41	0.00
52	12.93	-2.69	0.00
53	8.05	-4.47	0.02
54	1.43	-10.04	0.02
55	7.30	-13.02	0.00
56	5.58	-3.36	0.06
57	6.37	-6.66	1.00
58	2.39	-9.29	0.04
59	0.89	-8.16	0.00
60	2.36	-13.50	0.00
61	5.58	-13.00	0.00
62	8.34	-11.62	0.00
63	11.98	-10.70	0.00
64	14.60	-3.62	0.00
65	15.96	-5.89	0.00
66	15.01	-2.47	0.00
67	14.30	-6.34	0.00
68	15.15	-4.35	0.00
69	15.04	-6.81	0.00
70	17.77	-7.05	0.00
71	22.48	-5.95	0.00
72	23.08	-4.19	0.00
73	21.92	2.58	0.00
74	18.22	-4.85	0.00
75	23.25	-5.00	0.00
76	23.88	-2.05	0.00
77	22.26	-4.17	0.00
78	19.15	-0.02	0.04
79	13.37	-0.47	0.32
80	8.37	-3.22	0.00
81	10.75	-9.86	0.00
82	15.56	-7.86	0.00
83	19.71	-5.65	0.00
84	18.87	-0.84	0.00
85	17.48	-5.08	0.32
86	8.65	-8.85	0.00
87	6.52	-5.83	0.00
88	8.36	-10.81	0.00
89	12.84	-5.67	0.00
90	17.88	-3.39	0.00
91	18.30	-1.96	0.00
92	19.61	-2.89	0.00
93	19.88	-5.24	0.00
94	21.07	0.10	0.00
95	21.26	-0.65	0.00
96	21.62	0.77	0.00
97	20.75	4.46	0.00
98	18.45	1.55	0.00
99	18.42	4.65	0.00
100	13.70	-6.67	0.00
101	12.27	-5.27	0.17
102	7.07	-7.24	0.00
103	12.76	-9.97	0.00
104	13.60	-4.66	0.03
105	8.79	-2.49	0.09
106	13.62	-5.96	0.00
107	16.13	-2.47	0.23
108	9.09	-8.35	0.02
109	6.48	-12.46	0.09
110	8.04	-5.21	0.00
111	10.66	-8.27	0.07
112	11.04	0.07	0.51
113	12.69	-2.59	0.00
114	17.00	-5.24	0.00
115	20.16	-4.35	0.00
116	20.43	-2.38	0.00
117	23.49	-2.37	0.00
118	26.20	0.62	0.00
119	24.95	3.59	0.00
120	24.03	2.85	0.00
121	23.39	2.30	0.00
122	17.72	5.23	0.01
123	11.38	-5.69	0.40
124	9.95	-2.81	0.13
125	9.56	-3.55	0.00
126	14.21	-7.84	0.00
127	19.45	-3.88	0.00
128	24.16	-0.99	0.00
129	25.46	1.59	0.00
130	25.55	2.92	0.00
131	25.73	2.13	0.00
132	25.18	2.82	0.00
133	21.50	-0.14	0.00
134	21.90	-1.68	0.00
135	25.62	-0.87	0.00
136	26.81	2.32	0.00
137	26.94	2.58	0.00
138	26.12	1.92	0.00
139	25.92	0.73	0.00
140	24.27	1.44	0.00
141	21.61	2.12	0.00
142	17.50	-0.61	0.00
143	19.13	-3.55	0.00
144	22.31	-1.43	0.00
145	25.35	2.70	0.00
146	26.95	3.45	0.00
147	27.49	4.96	0.00
148	25.27	3.50	0.00
149	25.24	1.51	0.00
150	27.72	1.76	0.00
151	28.85	5.10	0.38
152	29.55	6.12	0.00
153	29.22	5.09	0.00
154	29.53	4.60	0.00
155	28.40	6.29	0.00
156	22.35	10.27	0.00
157	13.40	-0.65	0.03
158	14.78	-5.30	0.00
159	19.80	-1.52	0.00
160	24.30	1.34	0.00
161	25.37	3.46	0.00
162	25.32	3.97	0.00
163	27.21	3.12	0.00
164	29.70	6.22	0.00
165	31.38	7.42	0.00
166	32.23	6.32	0.00
167	30.90	9.48	0.00
168	28.41	5.81	0.00
169	28.70	1.83	0.00
170	32.24	6.10	0.00
171	29.58	7.61	0.00
172	31.07	4.07	0.00
173	32.20	3.82	0.00
174	31.10	3.95	0.00
175	27.86	2.22	0.00
176	26.00	2.16	0.00
177	28.52	2.69	0.00
178	30.11	4.82	0.00
179	29.72	7.31	0.00
180	29.07	10.35	0.00
181	29.77	7.35	0.00
182	30.82	5.98	0.00
183	31.12	4.66	0.00
184	32.11	4.71	0.00
185	34.83	7.19	0.00
186	36.96	9.20	0.00
187	35.17	14.31	0.00
188	34.39	8.21	0.00
189	33.94	8.43	0.00
190	34.60	10.06	0.00
191	33.27	11.02	0.00
192	30.03	12.60	0.08
193	31.56	7.72	0.00
194	33.39	9.00	0.00
195	34.05	8.95	0.00
196	33.06	14.94	0.00
197	32.84	12.94	0.06
198	32.04	11.49	0.00
199	28.40	12.32	0.00
200	27.76	7.13	0.00
201	30.22	5.35	0.00
202	30.85	5.38	0.00
203	31.15	8.02	0.00
204	32.74	10.92	0.00
205	32.54	15.27	0.02
206	31.63	12.11	0.00
207	32.45	7.84	0.00
208	33.39	8.27	0.00
209	33.01	9.58	0.00
210	34.04	8.12	0.00
211	33.56	9.97	0.00
212	33.96	8.93	0.00
213	33.26	10.19	0.00
214	32.26	13.61	0.00
215	32.82	9.83	0.00
216	30.88	9.90	0.00
217	29.08	8.31	0.00
218	28.14	4.51	0.00
219	27.12	3.42	0.00
220	28.48	4.78	0.00
221	28.93	8.90	0.00
222	30.36	4.72	0.00
223	30.35	5.47	0.00
224	30.22	4.44	0.00
225	30.89	5.71	0.00
226	32.41	9.41	0.00
227	32.64	10.04	0.00
228	31.85	10.35	0.00
229	31.67	4.40	0.00
230	30.71	2.06	0.00
231	27.98	8.06	0.00
232	30.57	4.10	0.00
233	32.26	6.48	0.00
234	31.25	7.30	0.00
235	29.97	7.11	0.00
236	31.06	9.46	0.00
237	33.40	7.10	0.00
238	31.76	11.78	0.00
239	30.24	11.53	0.00
240	30.48	9.30	0.00
241	32.00	8.88	0.03
242	28.12	8.35	0.03
243	25.35	7.12	0.11
244	29.06	8.51	0.00
245	31.91	8.90	0.00
246	33.59	8.10	0.00
247	29.61	11.23	0.00
248	23.88	3.28	0.00
249	23.94	4.10	0.00
250	27.96	4.24	0.00
251	28.54	5.29	0.00
252	27.85	5.23	0.00
253	26.21	3.78	0.00
254	27.19	2.45	0.00
255	29.90	5.79	0.00
256	28.09	8.60	0.00
257	24.21	-0.11	0.00
258	22.92	0.94	0.00
259	22.86	1.20	0.00
260	21.79	2.42	0.00
261	22.98	0.23	0.00
262	21.46	4.13	0.24
263	17.98	2.51	0.00
264	19.39	2.61	0.00
265	17.10	3.40	0.64
266	10.83	1.52	0.08
267	14.14	-3.03	0.00
268	15.77	-4.05	0.00
269	18.89	-2.80	0.00
270	21.61	-2.09	0.00
271	20.76	2.59	0.08
272	15.34	-5.98	0.00
273	18.74	-6.24	0.00
274	17.99	3.84	0.00
275	19.96	-4.79	0.00
276	22.38	1.57	0.00
277	17.35	1.51	0.00
278	9.80	-2.26	0.01
279	9.46	-8.75	0.10
280	14.10	-9.33	0.00
281	19.86	-6.50	0.00
282	22.22	-3.36	0.00
283	16.28	-0.63	0.03
284	15.76	-4.66	0.00
285	12.50	2.03	0.00
286	14.77	-4.13	0.00
287	17.64	-5.42	0.00
288	19.14	-2.59	0.00
289	14.89	1.75	0.00
290	11.47	-0.71	0.00
291	13.96	-5.46	0.00
292	19.42	6.32	0.00
293	17.49	3.08	0.09
294	9.73	-10.77	0.00
295	13.65	-8.44	0.00
296	18.20	-5.97	0.00
297	22.76	-5.98	0.00
298	22.91	-2.89	0.00
299	16.55	0.09	0.00
300	13.96	-2.56	0.00
301	17.35	0.34	0.02
302	14.73	0.77	0.23
303	13.92	-3.80	0.05
304	11.86	-0.57	0.00
305	12.51	-5.41	0.00
306	12.92	-7.72	0.00
307	12.58	-9.65	0.00
308	13.50	-10.87	0.00
309	14.61	-9.32	0.00
310	15.81	-8.15	0.00
311	16.48	-8.65	0.00
312	17.64	-7.63	0.00
313	14.73	-1.47	0.00
314	14.06	-5.90	0.26
315	8.40	-0.53	1.14
316	8.40	-8.77	0.00
317	14.50	-5.30	0.00
318	12.38	-0.70	0.00
319	13.66	-5.12	0.00
320	13.80	-0.01	0.00
321	15.34	-3.33	0.00
322	17.93	-5.70	0.00
323	17.52	-1.84	0.00
324	7.51	-3.67	0.00
325	2.69	-12.06	0.00
326	2.60	-14.07	0.00
327	2.44	-16.27	0.00
328	4.70	-17.05	0.00
329	3.52	-10.67	0.00
330	7.10	-13.09	0.00
331	8.60	-7.64	0.00
332	4.40	-13.03	0.00
333	7.65	-9.54	0.00
334	3.61	-11.05	0.00
335	2.02	-12.58	0.00
336	6.88	-13.21	0.00
337	16.39	-10.26	0.00
338	15.43	2.27	0.00
339	12.19	-5.31	0.00
340	8.41	-4.66	1.88
341	1.51	-5.32	0.72
342	-2.28	-7.52	0.30
343	-2.38	-8.50	0.00
344	-1.37	-12.28	0.00
345	-2.46	-12.18	0.00
346	-4.22	-12.43	0.00
347	-0.97	-15.20	0.00
348	0.28	-15.11	0.00
349	3.78	-12.91	0.00
350	3.61	-13.52	0.00
351	5.35	-6.75	0.00
352	6.00	-5.73	0.00
353	6.73	-7.28	0.69
354	3.91	-4.99	0.02
355	-0.95	-14.80	0.00
356	-1.46	-16.12	0.07
357	6.70	-9.73	0.00
358	6.85	-8.91	0.00
359	-0.66	-16.88	0.00
360	-0.22	-9.46	0.00
361	-4.27	-18.63	0.03
362	-2.22	-11.48	0.13
363	1.92	-9.02	0.04
364	5.27	-4.84	0.00
365	1.31	-10.21	0.00
