#DOY	Tmax_C	Tmin_C	PPT_cm
1	1.22	-9.17	0
2	4.03	-7.54	0.66
3	3.53	-5	2.38
4	-1.04	-10.84	0.31
5	-4.15	-17.67	0
6	-7.73	-19.8	0
7	-9.21	-22.16	0.12
8	-8.35	-17.94	0.34
9	-4.69	-12.64	0.99
10	-2.23	-7.59	2.9
11	-4.85	-15	2.25
12	-12.37	-23.45	0.65
13	-12.35	-24.12	0
14	-9.98	-23.22	0.11
15	-5.66	-18.65	0.17
16	-7.43	-20.22	0.04
17	-9.24	-25.5	0
18	-2.83	-19.98	0
19	-0.26	-16.56	0
20	-1.87	-19.04	0.02
21	-0.97	-9.72	0.38
22	-2.93	-16.85	0
23	-1.57	-12.11	0.82
24	-4.63	-21.93	0
25	-4.79	-21.83	1.27
26	3.05	-6.89	0.26
27	1.97	-7.72	0.16
28	-2.12	-17.25	0.2
29	-0.66	-13.15	0.39
30	-2	-16.98	0
31	-0.08	-12.26	0
32	5.01	-6.33	0
33	4.91	-6.23	0.47
34	-0.33	-11.13	0.09
35	-2.88	-18.2	0.05
36	-3.72	-13.03	0.52
37	-5.49	-10.79	0.31
38	-7.35	-19.31	0
39	-6.02	-24.28	0
40	-5.65	-23.19	0
41	-4.99	-22.19	0
42	-1	-14.04	0
43	0.13	-13.26	0.25
44	-3.15	-16.16	0.07
45	-2.51	-18.72	0.18
46	3.06	-8.58	0.22
47	2.44	-13.02	0
48	6.51	-9.34	0.02
49	3.28	-6.53	0
50	0.8	-14.44	0.24
51	-0.72	-11.64	0.2
52	-4.14	-20.27	0
53	-3.61	-19.61	0
54	-4.82	-19.1	0
55	-2.61	-16.17	0
56	-3.89	-21.67	0
57	-1.59	-18.48	0.04
58	-0.11	-12.37	0
59	-1.12	-9.73	0.36
60	-3.58	-14.94	0
61	-0.67	-15.24	0.2
62	0.45	-10.88	0.21
63	-2.38	-13.38	0.08
64	-1.99	-19.04	0
65	1.23	-17.73	0
66	3.95	-16.65	0
67	5.3	-11.92	0
68	3.9	-13.34	0.05
69	5.53	-12.65	0
70	7.66	-9.81	0
71	9.77	-7.53	0
72	7.91	-8.1	0
73	0	-9.63	0
74	3.55	-7.3	0
75	9.25	-4.97	0
76	9.59	-4.09	0.11
77	8.19	-6.47	0
78	10.36	-6.91	0
79	13.12	-5.2	0
80	13.45	-3.92	0
81	12.58	-5.42	0
82	14.33	-4.01	0
83	11.69	-3.63	0.1
84	3.96	-13.1	0
85	11.22	-8.33	0.01
86	12.11	-5.45	0
87	10.42	-9.46	0.08
88	6.68	-7.67	0.06
89	10.72	-8.01	0
90	11.36	-5.56	0.56
91	9.58	-8.35	1.31
92	2.75	-7.42	0.85
93	7.77	-4.71	0
94	7.33	-3.38	0.88
95	1.09	-8.96	0.23
96	-0.09	-11.76	0.56
97	4.66	-10.03	0.1
98	5.18	-5.54	0.39
99	3.17	-4.13	2.55
100	-1.17	-9.84	0.57
101	-4.04	-15.24	0
102	-4.63	-16.43	0
103	1.08	-15.18	0
104	5.02	-12.23	0
105	10.21	-5.4	0
106	13.68	-4.39	0
107	17.79	-3.06	0
108	18.99	-2.96	0
109	18.17	-1.9	0.01
110	15.36	0	0.12
111	14.02	-1.15	0.55
112	8.23	-3.54	0.22
113	9.94	-3.54	0.25
114	8.65	-2.79	0.74
115	11.06	-3.33	0.1
116	11.87	-1.2	0
117	16.92	-4.9	0.5
118	16.19	-1.55	1.78
119	11.29	0.23	1.39
120	9.23	-1.14	0.38
121	9.48	-2.45	1.4
122	4.96	-5.18	0.12
123	12.19	-4.79	0
124	18.2	-4.26	0
125	19.84	-3	0
126	20.89	1.87	0
127	19.68	4.12	0
128	16.74	-2.41	0
129	18.72	-3.19	0
130	21.1	-0.27	0
131	20.24	0.31	0
132	18.26	-0.16	0
133	19.1	-0.47	0
134	20.78	0.39	0.23
135	21.79	2.13	0.06
136	22.91	3.75	0.06
137	23.34	3.34	0
138	21.7	2.46	0
139	20.74	-0.93	0
140	20	1.68	0.56
141	18.27	4.37	0.34
142	15.64	6.01	0.91
143	16.76	2.31	0.12
144	16.17	4.51	0.33
145	12.51	0.59	0.48
146	9.98	-1.83	1.02
147	12.53	-1.46	0.24
148	16.34	-0.04	0.58
149	15.68	4.57	2.46
150	17.14	4.42	0.14
151	23.75	4.61	0.01
152	25.91	7.59	0.02
153	23.93	5.68	0.48
154	22.76	2.4	0.18
155	25.72	5.02	0
156	26.49	5.9	0
157	25.06	6.18	0
158	23.24	6.96	0.08
159	18.86	6.88	0.82
160	19.2	3.43	0.09
161	19.5	6.01	0.34
162	19.9	3.99	0.1
163	20.27	5.73	0.14
164	20.31	4	0.1
165	18.57	5.92	0.08
166	19.38	1.85	0.06
167	19.32	3.12	0.11
168	21.5	5.53	0.03
169	22.69	6.21	0.1
170	25.18	8.24	0.06
171	25.79	6.98	0.05
172	26.35	7.75	0.1
173	27.02	7.8	0
174	26.55	5.37	0
175	24.94	5.02	0
176	22.72	0.99	0
177	26.15	3.15	0
178	26.67	5.96	0
179	26.31	7.61	0
180	25.9	2.87	0
181	26.67	2.68	0
182	25.49	4.11	0
183	24.33	-0.17	0
184	24.98	1.53	0
185	24.23	1.14	0
186	25.83	3.2	0
187	27.84	5.19	0
188	28.1	2.95	0
189	27.82	5.39	0
190	26.94	6.39	0.06
191	28.23	6.86	0
192	25.18	8.04	0
193	23.67	7.44	0.06
194	23.41	2.87	0.08
195	25.95	2.68	0
196	29.17	3.93	0
197	30.31	7.5	0
198	30.46	7.9	0
199	28.4	10	0.52
200	25.75	8.28	0.48
201	26.52	6.22	0
202	27.61	5.98	0
203	29.24	6.69	0
204	27.87	10.93	0.78
205	25.65	8.79	0.38
206	27.47	6.8	0
207	27.82	6.33	0
208	25.93	9.8	0
209	25.64	9.41	0.51
210	23.39	11.36	0.15
211	23.35	10.6	0.29
212	23.45	10.74	0.55
213	24.67	8.38	0.01
214	28.32	8.82	0
215	29.27	9.63	0
216	26.16	10.94	0.26
217	21.75	10.58	0.8
218	19.46	9.97	0.65
219	22.31	4.91	0
220	26.06	5.3	0
221	26.61	7.04	0.52
222	21.12	9.27	0.99
223	16.14	7.24	0.97
224	18.21	3.98	0.5
225	22.19	4.52	0.48
226	21.67	4.63	0.24
227	23.58	4.2	0
228	25.26	6.71	0
229	24.69	9.04	0.06
230	24.17	7.45	0.06
231	24.85	7.59	0
232	26.68	5.66	0
233	26.83	8.4	0
234	27.53	7.6	0
235	28.57	6.5	0
236	27.2	8.11	0.01
237	28.54	8.94	0
238	26.75	10.18	0.2
239	22.49	7.91	0.54
240	26.48	7.6	0.02
241	25.75	7.17	0.14
242	25.72	6.14	0
243	24.3	5.85	0.2
244	25.03	9.56	0.04
245	27.22	8.39	0.04
246	25.6	9.74	0.11
247	23.13	8.21	0.44
248	23.57	6.74	0
249	21.99	6.83	0.01
250	21.97	5.39	0
251	24.86	4.75	0
252	25.87	5.5	0
253	25.56	5.85	0.1
254	22.83	6.43	0.44
255	22.64	6.68	0.29
256	23.14	4.74	1.02
257	23.56	4.32	0.06
258	22.22	5.33	0.2
259	19.34	4.14	0.09
260	21.03	1.31	0.2
261	20.02	6.74	3.69
262	14.28	6.98	4.37
263	18.22	5.42	3.94
264	15.23	5.67	1.3
265	13.09	3.66	0.35
266	12.81	3.78	0.01
267	16.48	-0.98	0
268	19.89	0.89	0
269	17.97	6.19	1.02
270	16.2	6.38	0.23
271	17.45	-3.54	0
272	19.71	-1.53	0
273	21.31	0.12	0
274	23.04	1.13	0
275	22.24	3.88	0.62
276	18.8	4.81	0.34
277	19.01	0.3	0
278	23.27	0.8	0
279	23.57	0.71	0
280	21.85	1.23	0.64
281	11.59	-2.34	0.59
282	11.48	-4.78	0
283	17.66	-1.83	0
284	17.33	-0.27	0.69
285	9.34	-3.59	0.43
286	5.19	-5.93	0
287	11.57	-6.59	0
288	15.17	-4.89	0
289	16.67	-5.51	0
290	19.02	-3.52	0
291	17.98	-4.25	0
292	16.86	-4.82	0
293	16.63	-2.91	0
294	15.22	-6.21	0
295	14.14	-5.77	0
296	13.49	-6.64	0.85
297	2.78	-6.41	1.43
298	-0.31	-7.82	0
299	1.71	-14.38	0
300	6.89	-9.73	0
301	9.56	-7.95	0
302	10.57	-6.22	0
303	10.27	-2.2	0
304	9.68	0.73	0.06
305	6.23	-4.57	0
306	4.97	-10.21	0
307	8.99	-9.33	0
308	11.28	-6.05	0
309	12.91	-8.06	0
310	15.03	-7.27	0
311	14.89	-6.33	0
312	12.99	-6	0.02
313	5.4	-4.47	0.44
314	-0.91	-9.88	0.46
315	-1.53	-6.82	0.78
316	-0.67	-7.25	0.06
317	0.27	-5.54	0.02
318	-2.15	-15.54	0
319	-5.07	-21.23	0
320	-1.08	-18.47	0.02
321	2	-12.24	0.13
322	2.01	-8.44	0.13
323	4.35	-7.59	0.21
324	3.71	-4.66	0.34
325	-1.56	-8.61	0.66
326	1.34	-10.96	0.06
327	1.61	-15.44	0.12
328	3.9	-13.42	0
329	7.16	-11.08	0
330	4.33	-7.89	0
331	4.21	-4.36	0.02
332	1.65	-8.54	0.03
333	0.68	-7.5	0
334	3.7	-11.47	0
335	0.27	-10.33	0.06
336	-2.59	-8.69	0.71
337	-3.02	-11.22	0.24
338	-4.17	-19.76	0
339	-1.51	-18.43	0
340	1.72	-13.09	0.06
341	-0.9	-11.34	0.64
342	1.12	-7.22	0.46
343	-0.7	-7.65	0.46
344	-5.95	-11.54	0.08
345	-7.51	-22.81	0
346	-8.47	-24.96	0
347	-3.65	-22.5	0
348	0.82	-20.18	0
349	-2.35	-18.33	0.12
350	-1.22	-14.39	0.05
351	0.13	-13.73	0
352	-0.31	-11.28	0
353	-2.95	-10.13	0
354	-2.68	-17.15	0
355	-3.16	-18.7	0
356	-2.67	-14.18	0.09
357	-3.58	-16.39	0
358	-7.7	-21.42	0
359	-7.78	-21.62	0
360	-5.54	-23.5	0
361	-6.26	-21.28	0.24
362	-6.79	-20.11	0
363	-2.94	-13.17	0
364	2.43	-7.68	0
365	2.49	-13.33	0
