#DOY	Tmax_C	Tmin_C	PPT_cm
1	0.19	-6.85	0.52
2	-3.65	-12.08	0.28
3	-7.21	-17.28	0.08
4	-3.74	-13.66	0.38
5	-1.76	-9.32	0.76
6	1.37	-6.03	0
7	3.7	-5.33	0.01
8	2.43	-8.54	0.04
9	-2.62	-12.45	0.12
10	1.72	-7.94	0.3
11	3.22	-8.44	0
12	3.21	-11.95	0.04
13	1.34	-15.11	0.12
14	-1.3	-16.87	0
15	-0.79	-13.66	0
16	-3.23	-14.12	0.82
17	-1.49	-11.28	0.44
18	1.64	-11.36	0.42
19	2.76	-5.24	0.75
20	2	-8.27	0.59
21	0.74	-6.31	1.4
22	-1.89	-8.44	0.02
23	2.01	-15.22	0.07
24	0.7	-7.23	1.06
25	0.62	-9	0.19
26	1.05	-8.71	0.12
27	-0.85	-11.8	0.08
28	-4.64	-19.59	0
29	-5.09	-23.42	0
30	-6.39	-23.29	0
31	-3.21	-20.56	0.12
32	-2.51	-12.32	0.49
33	-1.69	-21.45	0
34	0.81	-13.56	0
35	2.86	-12.87	0.18
36	3.4	-6.05	0.94
37	3.08	-3.35	0.2
38	2.88	-3.48	0
39	3.55	-4.01	0
40	7.11	-4.16	0
41	6.18	-9.69	1.63
42	-6.7	-17.14	0
43	-6.36	-22.96	0
44	-0.7	-17.57	0
45	3.63	-15.59	0.15
46	1.13	-12.21	0
47	0.59	-19.17	0
48	0.51	-12.59	0.46
49	-0.64	-13.59	0.01
50	0.2	-8.64	0.17
51	-0.4	-17.53	0
52	2.21	-17.12	0.14
53	0.95	-10.98	0.26
54	0.69	-12.91	0
55	4.3	-12.55	0
56	7.55	-9.9	0
57	5.29	-8.39	0
58	0.26	-13.84	0
59	4.72	-13.17	0
60	6.62	-9.43	0.12
61	4.97	-8.41	0.04
62	6.09	-11.12	0.22
63	4.86	-7.79	0.42
64	-1.17	-12.66	0.04
65	2.13	-14.59	0
66	6.34	-6.02	0.38
67	3.34	-9.11	0.18
68	4.88	-6.89	0.03
69	4.81	-6.72	0.04
70	6.13	-7.07	0.04
71	5.65	-5.96	0
72	5.09	-11.78	0
73	9.84	-8.25	0
74	12.05	-7.95	0
75	12.67	-6.94	0
76	11.55	-7.8	0
77	12.59	-8.81	0
78	14.37	-7.32	0
79	15.48	-4.82	0
80	13.39	-1.93	0
81	12.07	-6.51	0
82	12.29	-6.14	0
83	14.81	-7.03	0
84	16.51	-4.59	0
85	15.52	-4.22	0.24
86	10.5	-2.5	0.28
87	7.3	-10.07	0
88	14.74	-9.33	0
89	16.4	-3.69	0
90	13.98	-4.32	0.3
91	9.55	-4.3	0.88
92	1.08	-8.03	0.88
93	0.41	-9.88	0.32
94	3.35	-9.65	0
95	5.49	-7.83	0.07
96	9.42	-6.19	0
97	15.31	-5.6	0
98	13.37	-4.1	0.24
99	7.95	-6.06	0.06
100	4.57	-9.11	0.15
101	8.67	-9.79	0
102	14.33	-2.77	0
103	15.89	-5.64	0.01
104	15.18	-1.88	0
105	6.84	-8.93	0
106	3.72	-8.55	0.02
107	10.18	-10.7	0
108	15.48	-6.79	0
109	18.94	-5.18	0
110	17.72	2.13	0.64
111	11.53	-3.23	1.37
112	7.18	-2.38	1.12
113	8.01	-0.33	0.43
114	12.91	-0.93	1.66
115	9.16	-1.13	0.5
116	8.19	-1.88	1.05
117	14.62	-0.36	0.07
118	17.03	-0.09	0.16
119	17.79	1.1	0.05
120	13.75	2.13	0.97
121	11.03	-3.1	0
122	10.48	-0.33	0.23
123	9.69	-0.55	0.28
124	5.73	-3.19	0.18
125	4.03	-5.03	0.07
126	8.25	-9.58	0
127	15.3	-5.64	0
128	20.88	0	0
129	19.74	-2.15	0.48
130	14.28	-5.2	0.33
131	5.54	-8.24	0.03
132	12.69	-6.87	0.18
133	14.1	-0.74	0.64
134	10.6	-1.16	1.14
135	15.45	-2.64	0
136	11.93	-1.22	0.53
137	14.56	-5.55	0
138	19.07	-2.69	0
139	22.02	0.28	0
140	21.48	0.2	0
141	21.5	2.36	0
142	23.82	-0.15	0
143	24.08	3.28	0
144	23.45	4.4	0.04
145	19.61	5.16	0.04
146	19.03	2.39	0.52
147	19.38	5.03	0.02
148	21.06	2.54	0.02
149	21.74	3.27	0.53
150	21.01	3.84	0.62
151	17.96	4.21	0.32
152	19.12	-1.12	0.13
153	20.24	2.39	0.32
154	20.31	0.97	0
155	22.02	0.41	0
156	18.89	-2.47	0.18
157	16.59	1.3	0.1
158	22.54	0.4	0
159	23.67	1.29	0
160	22.47	1.49	0
161	20.01	0.79	0.03
162	20.33	-0.45	0
163	22.28	-0.04	0
164	23.49	1.68	0
165	24.25	4.57	0.18
166	21.12	5.61	1.33
167	21.43	4.79	0.46
168	22.31	4.95	0.44
169	21.72	3.06	0.02
170	25.25	5.88	0
171	27.05	5.97	0
172	26.74	7.71	0.14
173	24.57	5.21	0
174	25.18	3.95	0
175	27.45	2.83	0
176	28.18	7.67	0
177	27.24	3.75	0
178	26.2	6.1	0
179	26.29	1.72	0
180	25.11	6.16	0
181	24.25	8.35	0
182	27.8	4.91	0
183	30.15	7.33	0
184	30.23	8.5	0
185	29.37	10.35	0
186	29.61	4.7	0
187	30.66	8.09	0
188	30.69	8.62	0.05
189	27.45	10.94	1.33
190	25.09	6.02	0
191	26.98	6.3	0
192	28.25	7.34	0
193	27.94	6.14	0.05
194	28.71	7.15	0
195	26.06	10.23	0.55
196	23.35	10.69	0.39
197	25.49	5.94	0.06
198	25.31	7.1	0.12
199	26.58	7.03	0
200	23.14	11.02	0.12
201	25.11	7.9	0.01
202	27.96	7.98	0.44
203	28.13	9.87	0.25
204	28.44	7.61	0
205	29.6	8.29	0
206	28.47	9.56	0.17
207	27.99	8.05	0
208	29.41	8.96	0
209	27.35	11.66	0.21
210	26.04	9.83	0.21
211	24.41	10.03	0.12
212	21.26	8.93	0.06
213	25.04	5.67	0
214	27.2	6.22	0
215	26.21	7.12	0.02
216	25.31	8.19	0
217	23.06	7.96	0.27
218	24.41	9.46	0.03
219	24.79	7.15	0.02
220	27.15	6.73	0
221	27.24	6.21	0
222	26.05	10.09	0.24
223	23.73	10.47	0.58
224	22.59	7.29	0.01
225	25.58	5.58	0
226	27.87	6.22	0
227	24.6	6.65	0.19
228	26.51	6	0
229	26.49	8.46	0.02
230	25.02	5.91	0
231	26.81	5.73	0.03
232	26.14	8.28	0.02
233	21.32	8.92	0.41
234	25.63	7.6	0
235	27.73	6.09	0
236	28.87	6.87	0.21
237	25.26	7.47	0
238	26.13	7.39	0.2
239	25.76	9.17	0.55
240	24.5	8.92	0.7
241	25.03	8.73	0.85
242	25.55	7.48	0.02
243	24.38	8.56	0.2
244	21.19	10.3	0.43
245	19.3	8.48	0.66
246	19.71	5.91	0.94
247	17.72	2.52	0.01
248	20.85	0.12	0
249	23.76	1.02	0
250	23.84	1.29	0
251	23.17	-1.93	0
252	23.97	-0.33	0
253	23.28	4.27	0.44
254	21	5.81	0.16
255	19.64	0.47	0
256	21.08	-2.09	0
257	20.85	-2.3	0
258	21.36	-0.83	0
259	21.66	0.09	0
260	22.5	0.56	0
261	23.14	1.76	0.14
262	19.97	5.22	0.43
263	12.63	3.51	0.12
264	18.47	-2.91	0
265	21.4	-1.89	0.01
266	22.55	0.94	0.03
267	20.61	3.4	0.07
268	21.78	1.7	0
269	20.38	1.14	0
270	14.98	-7.51	0.74
271	7.46	-6.15	0.08
272	14.02	-7.99	0
273	19.73	-6.51	0
274	18.66	-4.99	0
275	18.65	-7.04	0
276	17.23	-7.8	0
277	19.79	-5.46	0
278	22.04	-4.1	0
279	21.72	-0.24	0.29
280	17.49	1.49	0.13
281	16.95	-3.69	0
282	21.1	-2.5	0
283	23.53	-1.67	0
284	23.6	-1.62	0
285	22.79	-2.75	0
286	22.15	-3.27	0
287	21.11	-4.67	0
288	17.42	-3.93	0
289	10.11	-8.87	0
290	7.68	-14.94	0
291	8.81	-9.65	0
292	10.15	-10.7	0
293	13.5	-9.27	0
294	17.34	-7.89	0
295	18.1	-7.66	0
296	19.22	-8.63	0
297	18.69	-6.86	0
298	18.97	-7.33	0
299	19.58	-6.74	0
300	18.08	-7.08	0
301	16.88	-5.78	0.72
302	13.43	-3.78	0.45
303	6.96	-8.91	0
304	14.28	-6.45	0
305	14.73	-8.68	0
306	11.39	-12.67	0
307	13.86	-10.81	0
308	16.35	-8.91	0
309	17.27	-6.69	0
310	18.43	-6.39	0
311	19.57	-5.77	0
312	18.81	-4.42	0
313	13.89	-7.22	0
314	14.86	-7.26	0
315	16.26	-7.61	0
316	16.97	-7.75	0
317	16.92	-9.21	0
318	16.06	-8.57	0
319	18.2	-8.45	0
320	17.85	-7.64	0
321	17.1	-6.29	0.48
322	12.67	-5.09	0.7
323	5.08	-9.54	0
324	3.92	-9.56	0.07
325	1.55	-10.42	0.4
326	1.32	-7.6	0.46
327	-4.01	-17.01	0
328	-4	-20.25	0.03
329	-4.11	-18.82	0.48
330	6	-6.8	0
331	7.15	-3.42	0
332	9.33	-8.13	0
333	11.34	-8.92	0
334	8.53	-5.63	0
335	11.06	-6.63	0
336	7.19	-7.39	0.1
337	0.43	-6.81	0.17
338	-1.01	-14.42	0
339	2.62	-15.35	0
340	3.35	-13.02	0
341	-0.1	-9.87	0.48
342	-1.47	-10.69	0.29
343	-4.41	-19.43	0
344	-2.84	-15.25	0.12
345	-3.61	-14.79	0.12
346	-2.55	-13.55	0.03
347	-3.06	-14.66	0.84
348	-5.22	-16.45	0.34
349	-7.67	-22.53	0
350	-4.07	-13.17	0.2
351	0.94	-7.45	0.41
352	1.14	-14.31	0.01
353	-1.62	-9.43	0.3
354	-1.58	-11.02	0.89
355	-2.51	-9.85	0.72
356	-6.46	-15.63	0.38
357	-4.51	-15.15	0.11
358	-4.38	-22.02	0
359	-6.08	-21.99	0
360	-3.78	-21.05	0
361	-3.12	-19.32	0
362	-2.56	-18.13	0
363	-2.23	-18.31	0
364	-1.27	-18.88	0
365	-3.73	-18.83	0.02
