# weather for site 002_-119.415_39.046 year =  1958
# DOY Tmax(C) Tmin(C) PPT(cm)
1	4.24	-14.54	0.00
2	7.07	-9.94	0.00
3	4.35	-7.28	0.00
4	3.81	-13.41	0.00
5	3.45	-15.14	0.00
6	3.40	-15.14	0.00
7	3.07	-14.51	0.00
8	6.31	-13.04	0.04
9	6.80	-14.91	0.27
10	6.42	-8.89	0.16
11	5.26	-8.29	0.03
12	7.70	-11.21	0.08
13	5.34	-10.92	0.00
14	3.67	-13.41	0.00
15	5.15	-12.33	0.00
16	5.70	-10.25	0.00
17	9.52	-13.00	0.00
18	8.92	-13.86	0.00
19	4.28	-16.32	0.00
20	5.75	-15.52	0.00
21	3.39	-14.52	0.00
22	2.79	-17.25	0.02
23	8.28	-14.45	0.68
24	9.01	-4.44	1.80
25	5.76	-5.88	0.35
26	6.21	-6.96	0.30
27	4.90	-8.13	0.00
28	9.12	-3.92	0.68
29	11.29	2.84	1.12
30	7.90	-5.76	0.60
31	4.53	-11.12	0.00
32	5.99	-12.30	0.45
33	7.47	-8.19	0.68
34	6.46	-3.52	1.10
35	7.12	-6.74	0.02
36	7.32	-5.61	0.00
37	7.71	-4.89	0.00
38	9.04	-5.11	1.08
39	8.51	-5.85	0.00
40	8.00	-4.38	0.00
41	9.36	-4.29	0.00
42	10.29	-7.36	0.17
43	9.88	-3.06	0.45
44	8.49	-8.88	0.00
45	10.21	-6.07	0.00
46	13.43	-4.43	0.00
47	14.52	-3.83	0.00
48	16.29	-2.37	0.02
49	16.40	-4.84	0.01
50	13.52	-3.73	0.00
51	11.25	-0.71	0.00
52	14.70	-8.41	0.00
53	15.55	-6.01	0.00
54	14.32	-6.21	1.16
55	15.05	-3.55	2.35
56	8.40	-2.99	0.85
57	2.53	-9.45	0.07
58	3.70	-12.11	0.27
59	1.89	-8.02	0.19
60	-0.40	-15.19	0.00
61	3.41	-13.48	0.00
62	4.50	-10.88	0.00
63	5.32	-12.41	0.01
64	9.28	-11.25	0.07
65	9.43	-8.81	0.40
66	1.95	-9.90	0.00
67	6.13	-6.53	0.00
68	3.09	-12.21	0.03
69	3.02	-11.26	0.07
70	1.49	-8.98	0.53
71	3.52	-9.19	0.08
72	2.92	-11.55	0.18
73	3.81	-10.35	0.97
74	3.86	-6.14	0.58
75	5.35	-5.24	1.41
76	7.26	-7.06	0.00
77	9.45	-10.06	0.00
78	12.12	-9.27	0.42
79	10.49	-0.65	0.84
80	7.64	-2.91	0.99
81	8.21	-3.83	0.00
82	9.68	-5.53	0.00
83	9.67	-3.98	0.00
84	8.13	-3.09	0.00
85	7.33	-10.62	0.07
86	6.94	-9.77	0.04
87	8.17	-3.92	0.05
88	10.12	-3.62	0.84
89	7.58	-2.76	0.82
90	6.22	-7.81	0.16
91	5.15	-3.21	0.88
92	6.06	-5.69	2.24
93	3.20	-4.28	1.54
94	2.49	-7.32	0.00
95	5.88	-8.82	0.03
96	5.67	-3.89	0.00
97	7.27	-5.26	0.00
98	10.28	-8.05	0.00
99	12.17	-4.50	0.00
100	13.96	-5.36	0.00
101	12.63	-6.56	0.00
102	14.27	-8.29	0.00
103	16.50	-6.62	0.00
104	17.27	-3.77	0.00
105	18.83	-4.16	0.00
106	19.86	-5.88	0.00
107	19.54	-0.70	0.00
108	17.58	0.06	0.00
109	18.97	-1.41	0.00
110	20.87	-1.44	0.00
111	20.80	-4.88	0.00
112	16.84	1.22	0.00
113	8.87	-10.87	0.00
114	10.22	-10.06	0.00
115	11.11	-5.63	0.00
116	15.50	-6.16	0.00
117	15.48	-6.82	0.00
118	15.02	-1.70	0.00
119	13.60	-1.86	0.91
120	14.28	-4.46	0.00
121	17.38	-4.85	0.00
122	19.36	-1.42	0.00
123	20.44	-2.09	0.00
124	23.02	-0.94	0.00
125	23.17	1.85	0.00
126	21.05	0.34	0.00
127	19.31	-3.87	0.00
128	21.36	-2.11	0.00
129	23.51	-0.07	0.00
130	24.55	1.03	0.30
131	20.44	3.76	1.31
132	11.57	-0.32	0.08
133	14.58	-2.34	0.00
134	18.41	-3.54	0.00
135	21.30	-1.33	0.00
136	23.52	-0.09	0.00
137	25.62	1.82	0.00
138	25.83	4.51	0.00
139	26.41	1.17	0.00
140	25.63	4.07	0.00
141	25.56	1.45	0.00
142	24.25	4.12	0.00
143	22.04	1.06	0.00
144	23.06	2.24	0.00
145	24.12	5.81	0.00
146	25.35	2.06	0.00
147	24.85	2.03	0.00
148	21.96	3.69	0.00
149	22.86	2.01	0.00
150	21.50	4.34	0.00
151	21.43	5.76	0.00
152	20.55	4.49	0.00
153	17.33	2.47	0.03
154	17.54	1.27	0.00
155	19.04	-1.36	0.00
156	23.21	4.92	0.00
157	20.19	5.01	0.01
158	17.97	0.56	0.00
159	16.55	0.78	0.00
160	15.94	-0.92	0.00
161	19.23	3.25	0.35
162	17.37	3.94	1.46
163	14.35	3.47	1.05
164	13.63	2.12	1.66
165	18.41	1.50	0.00
166	23.09	4.13	0.17
167	26.69	5.23	0.17
168	27.11	7.09	0.06
169	26.22	6.73	0.12
170	25.02	4.86	0.00
171	24.74	5.26	0.00
172	26.86	6.33	0.00
173	28.65	8.81	0.00
174	27.40	10.80	0.00
175	24.28	4.06	0.00
176	23.38	5.53	0.00
177	28.16	6.25	0.00
178	28.06	11.39	0.00
179	26.69	2.17	0.00
180	25.22	7.13	0.00
181	21.59	4.48	0.00
182	21.73	4.50	0.00
183	22.13	4.98	0.00
184	24.38	5.26	0.00
185	25.91	5.45	0.00
186	27.72	6.61	0.00
187	29.73	7.26	0.00
188	29.63	6.59	0.00
189	29.36	3.56	0.00
190	29.98	5.98	0.00
191	30.79	5.38	0.00
192	31.83	6.73	0.00
193	31.56	6.17	0.00
194	30.14	6.09	0.00
195	28.44	6.64	0.06
196	27.04	6.29	0.68
197	24.63	5.12	0.16
198	21.61	4.17	0.10
199	21.99	3.59	0.00
200	24.04	5.60	0.07
201	25.91	5.01	0.00
202	26.28	7.50	0.09
203	27.12	8.60	0.34
204	25.01	6.11	0.01
205	25.55	3.09	0.00
206	27.21	6.98	0.00
207	28.93	6.84	0.00
208	30.41	7.30	0.00
209	31.06	7.31	0.00
210	29.22	7.33	0.00
211	26.89	6.23	0.00
212	27.51	5.98	0.02
213	29.85	7.35	0.19
214	29.35	8.60	0.00
215	29.06	6.73	0.00
216	29.25	6.14	0.00
217	30.55	5.61	0.00
218	32.34	7.78	0.00
219	31.58	8.77	0.00
220	28.55	12.90	0.29
221	28.26	7.84	0.03
222	29.75	10.74	0.08
223	30.61	9.72	0.00
224	31.93	9.14	0.18
225	32.70	7.96	0.00
226	31.64	8.65	0.01
227	31.87	9.55	0.07
228	28.09	12.29	1.02
229	25.27	11.34	0.52
230	24.32	8.53	0.68
231	26.08	5.12	0.20
232	27.04	7.41	0.00
233	27.77	5.26	0.00
234	27.01	4.75	0.00
235	28.32	5.48	0.00
236	29.74	5.72	0.00
237	31.10	6.66	0.00
238	29.90	7.73	0.00
239	29.28	8.02	0.00
240	28.30	7.39	0.00
241	27.95	4.77	0.00
242	27.12	3.76	0.00
243	28.87	4.17	0.00
244	30.19	5.78	0.00
245	28.57	7.47	0.00
246	27.21	2.68	0.00
247	25.82	1.52	0.00
248	26.65	1.54	0.00
249	28.09	2.58	0.30
250	27.62	7.06	0.92
251	26.97	6.08	0.07
252	25.25	1.02	0.00
253	26.41	0.08	0.00
254	24.24	0.39	0.00
255	21.62	2.47	0.00
256	17.75	-3.58	0.00
257	19.12	-2.03	0.00
258	21.17	-1.80	0.00
259	25.37	-0.27	0.00
260	26.61	6.28	0.00
261	25.41	1.27	0.00
262	28.21	1.01	0.00
263	24.97	2.88	0.00
264	26.23	0.04	0.03
265	25.70	4.74	0.01
266	18.17	2.37	0.11
267	13.17	-9.09	0.02
268	17.87	-6.26	0.00
269	21.89	-4.50	0.00
270	23.82	-2.36	0.00
271	25.04	-1.92	0.00
272	25.65	-1.33	0.00
273	25.08	-1.45	0.00
274	22.99	-3.43	0.00
275	23.55	-4.47	0.00
276	24.61	-4.28	0.00
277	25.79	-3.22	0.00
278	26.57	-1.07	0.00
279	24.71	-0.06	0.00
280	23.18	-4.53	0.00
281	23.66	-2.79	0.00
282	21.50	-2.55	0.00
283	21.67	-3.60	0.00
284	24.74	-2.74	0.00
285	25.22	-3.14	0.00
286	25.55	-2.80	0.00
287	24.96	-3.10	0.00
288	24.60	-1.43	0.00
289	23.98	-1.90	0.00
290	23.95	-2.19	0.02
291	21.90	7.35	0.00
292	18.48	2.47	0.00
293	12.44	-10.10	0.00
294	11.62	-12.36	0.00
295	14.89	-10.46	0.00
296	15.52	-5.02	0.00
297	14.18	-4.52	0.00
298	16.93	-4.65	0.00
299	17.31	-2.88	0.00
300	16.64	-4.39	0.00
301	16.95	-6.19	0.00
302	15.82	-9.09	0.00
303	15.72	-11.71	0.00
304	16.98	-8.49	0.00
305	15.24	-7.26	0.00
306	16.42	-8.61	0.00
307	18.48	-7.62	0.00
308	19.47	-5.02	0.00
309	18.46	-5.17	0.00
310	19.08	-6.76	0.00
311	18.80	-4.65	0.00
312	19.26	-5.51	0.00
313	20.44	-1.84	0.00
314	15.84	-0.28	0.22
315	7.26	-7.58	0.00
316	8.74	-14.14	0.00
317	13.01	-10.82	0.68
318	11.13	-4.75	1.68
319	3.46	-16.19	0.35
320	-4.62	-13.01	0.00
321	-3.94	-22.50	0.00
322	-0.04	-17.69	0.00
323	6.90	-12.63	0.00
324	9.79	-10.13	0.00
325	9.47	-11.06	0.00
326	9.24	-10.93	0.00
327	11.74	-11.56	0.00
328	10.36	-7.53	0.00
329	11.69	-8.66	0.00
330	11.31	-2.73	0.00
331	9.47	-8.84	0.00
332	9.24	-13.02	0.00
333	8.22	-13.65	0.00
334	9.12	-14.33	0.00
335	10.50	-12.50	0.00
336	11.53	-11.64	0.00
337	13.50	-11.69	0.00
338	17.53	-9.47	0.00
339	17.46	-8.33	0.00
340	15.47	-8.37	0.00
341	14.72	-12.20	0.00
342	14.16	-9.98	0.00
343	12.51	-7.72	0.00
344	12.74	-9.57	0.00
345	14.36	-8.49	0.00
346	13.31	-9.46	0.00
347	10.26	-12.53	0.00
348	7.94	-14.60	0.00
349	8.36	-15.16	0.00
350	9.58	-13.35	0.00
351	11.56	-13.61	0.00
352	12.20	-13.14	0.00
353	10.52	-14.25	0.00
354	10.32	-14.24	0.00
355	7.37	-10.31	1.06
356	3.52	-4.83	1.05
357	3.37	-7.84	0.00
358	3.42	-12.34	0.00
359	6.40	-10.01	0.28
360	9.58	-9.44	0.36
361	8.45	-4.84	0.13
362	6.62	-7.38	0.00
363	5.55	-13.40	0.00
364	5.35	-12.10	0.00
365	7.17	-8.59	0.00
