#DOY	Tmax_C	Tmin_C	PPT_cm
1	1.77	-11.51	1.01
2	-5.23	-23.12	0.29
3	-8.84	-18.37	0.54
4	-8.32	-22.08	0.03
5	-1.41	-13.55	1.08
6	-4.08	-19.61	0.71
7	-15	-33.1	0
8	-11.15	-30.09	0
9	-6.03	-24.87	0
10	-2.11	-21.39	0
11	-2.64	-18.82	0.2
12	-3.63	-15.72	0.49
13	-5.87	-18.05	0.4
14	-3.25	-16.98	0.04
15	-1.42	-13.6	0.16
16	0	-12.43	0.18
17	3.67	-13.04	0.03
18	2.21	-9.99	0
19	2.47	-15.88	0
20	-0.55	-15.24	0.07
21	1.35	-12.99	0.76
22	-4.58	-13.92	0.51
23	-7.63	-16.02	0.14
24	1.17	-11.39	0
25	1.43	-15.01	0
26	4.77	-14.64	0.61
27	4.83	-11.56	0.62
28	1.77	-17.76	0
29	-0.59	-14.36	0
30	-2.16	-20.02	0
31	-1.04	-17.62	0.66
32	-3.32	-13.51	0.26
33	-7.16	-17.9	0.06
34	-4.72	-17.99	0.13
35	-14.06	-28.23	0.11
36	-17.82	-36.22	0
37	-15.24	-35.56	0
38	-10.85	-29.92	0
39	-7.94	-25.3	0.34
40	-9.19	-26.74	0.05
41	-4.75	-19.36	0.21
42	-5	-20.8	0
43	-3.96	-24.27	0
44	-1.33	-18.73	0
45	3.56	-12.98	0
46	5.92	-8.69	0
47	3.44	-5.37	0.16
48	4.81	-7.82	0
49	3.44	-11.21	0
50	2.53	-13.68	0
51	4.84	-10.74	0
52	6.9	-9.7	0
53	6.83	-9.85	0
54	8.45	-5.84	0
55	3.75	-12.41	0
56	3.27	-12.8	0
57	5.03	-12.46	0
58	5.2	-8.67	0.22
59	6.82	-6.04	0.29
60	4.95	-8.68	0.11
61	6.9	-3.87	1.38
62	2.55	-5.25	0.88
63	1.33	-8.47	0.41
64	0.17	-10.81	0.18
65	0.42	-10.18	0
66	0.27	-7.96	0.1
67	4.28	-10.8	0
68	7.25	-6.71	0
69	8.26	-5.63	0
70	9.2	-2.43	0.1
71	6.12	-7.5	0.19
72	8.84	-10.57	0
73	9.38	-7.48	0
74	6.86	-1.86	0.9
75	7.65	-4.71	1.52
76	5.92	-5.66	0.57
77	10.3	-4.42	0.01
78	7.56	-6.68	0.18
79	0.38	-9.51	0.22
80	1.61	-14.24	0.11
81	3.71	-13.46	0
82	5.12	-11.74	0
83	6.56	-8.62	0
84	8.92	-11.57	0
85	8.58	-6.14	0.16
86	8.22	-4.16	0.29
87	9.74	-4.89	0.21
88	8.72	-7.64	0.93
89	0.19	-12.46	0.06
90	7.35	-12.88	0
91	10.68	-9.09	0.65
92	5.64	-8.59	0.25
93	8.31	-10.26	0.21
94	10.36	-4.36	0.38
95	4.9	-12.79	0.38
96	6.78	-6.88	0.48
97	4.73	-9.98	0.27
98	0.72	-15.08	0
99	4.26	-12.21	0
100	10.34	-11.23	0
101	14.43	-4.3	0.72
102	12.46	-2.55	2.22
103	14.01	-3.81	0
104	15.69	-3.25	0
105	13.37	-4.74	0
106	7.74	-8.77	0
107	10.78	-10.79	0
108	12.29	-7.81	0
109	7.48	-10.63	0
110	3.09	-12.07	0
111	8.34	-12.88	0
112	14.85	-7.39	0
113	15.48	-5.65	0.03
114	15.96	-4.81	0
115	15.32	-2.55	0.01
116	13.81	-1.45	0
117	11.56	-2.82	0.48
118	15.88	-4.55	0
119	14.77	-1.6	0.17
120	17.34	-5.01	0
121	17.68	-0.82	0
122	20.49	-1.83	0
123	17.73	4.07	0.42
124	13.38	2.5	0.82
125	11.59	-4.36	0
126	10.71	-8.74	0
127	12.49	-3.78	0
128	16.08	0.17	0.01
129	15.06	0.7	0.06
130	15.07	-1.24	0.13
131	12.8	-1.9	0.15
132	9.87	-2.24	1.16
133	7.44	-0.67	0.16
134	10.31	-0.6	0.05
135	13.35	-2.82	0.06
136	12.68	-0.2	0.22
137	16.51	-1.8	0.01
138	19.52	0.02	0
139	16.98	-0.49	0.18
140	12.02	0.04	0.11
141	17.7	-2.93	0
142	22.19	-0.63	0
143	20.04	2.8	0
144	18.4	0.51	0
145	16.89	-1.84	0
146	21.09	-0.28	0.08
147	22.85	2.25	0
148	19.68	2.94	0
149	18.67	-1.9	0
150	18.15	0.04	0.44
151	15.78	-1.18	0.06
152	19.14	2.65	0
153	18.57	-0.02	0
154	17.86	0.67	0.05
155	21.57	1.02	0
156	22.08	0.63	0
157	18.73	-2.31	0
158	20.57	-2.51	0
159	19.03	-0.25	0
160	18.32	-4.71	0
161	20.33	-2	0
162	22.79	1.03	0
163	23.89	4.4	0
164	24.5	4.94	0
165	22.06	1.58	0.34
166	20.75	3.03	0
167	22.61	1.28	0
168	23.29	4.13	0.11
169	20.96	3.06	0.11
170	22.68	-0.49	0
171	25.08	1.03	0
172	24.68	3.42	0.01
173	24.83	4.31	0.01
174	25.71	4.27	0.05
175	25.88	3.15	0
176	24.02	4.57	1.13
177	21.69	1.44	0
178	26.47	4.39	0
179	30.01	6.8	0
180	28.93	5.67	0
181	28.75	9.27	0.32
182	25.25	9.21	0.26
183	24.16	2.19	0
184	27.04	2.66	0
185	27.61	4.05	0
186	24.62	5.02	0.31
187	19.46	1.94	0.62
188	24.11	2.14	0
189	24.8	5.55	0.03
190	20.63	7.56	0.48
191	24.29	3.48	0
192	26.01	4.86	0.01
193	28.47	5.24	0
194	29.23	6.72	0
195	29.34	7.53	0
196	29.81	7.19	0
197	29.03	3.8	0
198	27.75	8.05	0.01
199	28.31	6.27	0
200	30	4.69	0
201	29.81	6.21	0
202	32.56	7.24	0
203	32.6	8.1	0.03
204	31.46	8.37	0.03
205	31.25	8.4	0.12
206	29.54	7.34	0.02
207	28.94	10.59	0.01
208	26.86	10.9	0.17
209	22.26	11.15	2.08
210	22.33	10.63	0.09
211	23.89	5.98	0
212	27.44	5.64	0
213	30.57	6.55	0.04
214	28.31	11.71	0.22
215	25.27	8.52	0.29
216	28.19	8.37	0.02
217	29.82	6.64	0
218	29.31	7.13	0
219	29.9	8.68	0
220	29.03	8.26	0.14
221	26.14	8.09	0.49
222	26.16	6.39	0.12
223	25.79	7.87	0.07
224	25.94	8.44	0.05
225	21.69	8.85	1.02
226	24.85	8.89	0.06
227	28.06	7.56	0
228	29.39	8.62	0
229	29.26	8.3	0.15
230	28.69	8.75	0.04
231	30.06	8.52	0
232	30.61	9.31	0
233	29.61	8.57	0.01
234	29.82	8.96	0.17
235	29.44	6.93	0
236	27.51	6.39	0
237	23.83	6.16	0.02
238	24.54	4.93	0.42
239	26.09	7.26	0.02
240	25.77	5.88	0.47
241	24.46	7.45	0.48
242	26.01	5.92	0.01
243	26.09	6.81	0
244	25.9	3.72	0
245	27.14	0.76	0
246	28.28	2.67	0
247	27.5	4.77	0
248	24.35	8.73	0.8
249	23.75	2.92	0
250	20.33	3.4	0.06
251	20.51	4.4	0.25
252	24.65	2.91	0
253	23.75	4.85	0.49
254	16.01	5.8	0.97
255	13.12	0.97	0.4
256	9.46	1.56	1.16
257	9.16	0.03	0.76
258	17.08	1.46	0.28
259	21.07	1.26	0
260	19.39	4.6	0.02
261	21.33	1.23	0
262	21.67	1.26	0.03
263	21.84	3.35	0.01
264	22.39	2.71	0.04
265	22.92	2.42	0
266	23.7	4.85	0.12
267	22.68	0.53	0
268	17.21	5.08	0.65
269	19.8	7.3	0.39
270	17	5.12	0.84
271	8.99	-1.74	0.77
272	9.15	-2.21	0.37
273	12.9	-0.52	0.67
274	9.73	0.37	0.36
275	12.47	-0.56	0
276	16.75	-3.95	0
277	17.33	-4.14	0
278	14.58	-2.05	0.67
279	12.11	-3.67	0.12
280	17.87	-5.42	0.2
281	10.16	-5.43	0.38
282	0.29	-5.17	0.16
283	3.89	-10.4	0
284	6.48	-10.94	0
285	9.89	-5.73	0.02
286	10.98	-2.27	0.05
287	13.03	-6.3	0
288	17.53	-4.58	0
289	15.89	-3.79	0
290	16.51	-5.42	0
291	16.54	0.38	0.04
292	11.25	-8.62	0.05
293	9.78	-10.57	0
294	11.3	-9.17	0
295	12.96	-7.73	0
296	15.86	-6.15	0
297	17.1	-4.36	0
298	12.79	2.59	0.06
299	11.13	0.45	0.37
300	9.3	-2.64	1.26
301	0.85	-5.5	0.08
302	2.18	-9.91	0.04
303	4.91	-4.27	0.13
304	4.9	-1.02	1.6
305	3.51	-3.37	0.28
306	1.78	-6.97	0.07
307	2.72	-12.96	0
308	6.94	-8.26	0
309	9.29	-10.42	0
310	12.14	-10.12	0
311	12.93	-10.08	0
312	9.3	-4.55	0.22
313	9.03	-1.63	0.32
314	8.47	-4.84	0.72
315	6.1	-5.31	1.42
316	-0.29	-10.91	0
317	0.32	-11.7	0.13
318	-0.96	-18.47	0
319	-0.76	-17.76	0
320	2.56	-17.64	0
321	5.96	-14.95	0
322	5.15	-9.95	0
323	3.97	-6.84	1.07
324	1.14	-12.66	0.2
325	-0.9	-12.77	0.36
326	-3.32	-15.04	0.31
327	-5.98	-18.16	0.04
328	-4.12	-24.66	0
329	-1.07	-12.55	0.17
330	-2.48	-14.93	0
331	-4.41	-18.88	0
332	-3.23	-20.92	0.03
333	0.74	-9.88	0.34
334	2.27	-7.54	0.08
335	1.84	-5.24	0.18
336	-2.41	-7.23	0.26
337	-2.1	-13.18	0
338	-0.06	-14.89	0
339	1.65	-8.14	0.02
340	0.97	-8.36	0
341	-1.57	-13.85	0
342	-3.59	-13.36	0
343	-2.73	-16.95	0.18
344	-0.85	-7.73	0.45
345	-0.46	-9.73	0
346	-2.54	-18.66	0
347	-3.54	-17.44	0.72
348	-3.94	-12.2	0.56
349	-4.9	-16.75	0.11
350	2.48	-9.16	0
351	0.99	-14.04	0
352	-0.92	-13.19	0.02
353	-2.89	-19.66	0
354	-0.79	-17.56	0
355	1.89	-13.08	0
356	2.55	-11.12	0
357	2.41	-8.95	0.66
358	-1.32	-10.06	0.55
359	-8.54	-22.02	0
360	-7.92	-27.13	0
361	-7.44	-24.28	0
362	-9.37	-22.35	0.06
363	-10.02	-26.77	0
364	-10.96	-26.69	0
365	-8.13	-23.71	0
