# weather for site 002_-119.415_39.046 year =  1990
# DOY Tmax(C) Tmin(C) PPT(cm)
1	6.69	-7.56	0.69
2	-0.52	-6.50	0.35
3	-4.24	-22.94	0.00
4	-4.03	-22.89	0.00
5	-0.54	-19.82	0.00
6	1.08	-18.96	0.00
7	9.45	-5.31	0.00
8	13.65	3.40	0.01
9	15.45	-6.90	0.00
10	11.60	-5.90	0.00
11	9.89	-8.85	0.00
12	11.44	-9.00	0.01
13	7.60	-6.69	0.01
14	2.96	-8.22	0.02
15	4.33	-5.74	0.03
16	1.13	-10.29	0.27
17	-2.48	-8.66	0.35
18	-0.71	-8.74	0.01
19	-1.76	-16.21	0.00
20	-0.56	-17.06	0.00
21	0.46	-17.39	0.00
22	2.32	-17.09	0.00
23	5.41	-15.54	0.00
24	3.86	-15.06	0.00
25	8.50	-13.64	0.00
26	5.31	-4.71	0.00
27	2.53	-13.90	0.00
28	8.12	-15.69	0.00
29	8.82	-2.63	0.00
30	3.48	-1.58	0.11
31	2.43	-9.24	0.05
32	2.16	-5.72	0.01
33	4.20	-13.51	0.00
34	9.92	-12.07	0.67
35	4.26	-7.20	0.02
36	3.64	-14.65	0.00
37	4.43	-7.72	0.23
38	-1.37	-17.89	0.00
39	1.72	-16.62	0.00
40	6.70	-8.34	0.00
41	11.22	-10.03	0.00
42	12.08	-11.29	0.00
43	10.68	0.05	0.00
44	2.76	-8.51	0.00
45	-6.01	-15.35	0.04
46	-0.03	-20.16	0.00
47	-1.16	-8.67	1.59
48	-0.72	-17.39	0.16
49	-3.05	-14.55	0.00
50	-1.74	-18.88	0.00
51	-2.07	-20.36	0.00
52	4.84	-13.29	0.00
53	7.16	-13.13	0.00
54	10.08	-11.30	0.00
55	11.35	-7.99	0.00
56	11.25	-6.79	0.00
57	12.37	-5.86	0.00
58	12.34	-6.42	0.00
59	14.38	-7.07	0.00
60	12.20	-5.10	0.03
61	10.16	-1.66	0.02
62	11.32	-1.16	0.00
63	9.47	-7.50	0.00
64	9.24	-6.26	0.02
65	9.22	-10.65	0.00
66	12.93	-10.13	0.00
67	14.24	-1.59	0.00
68	14.56	-9.16	0.00
69	11.78	-2.92	0.00
70	1.02	-7.37	0.31
71	-0.10	-13.93	0.27
72	1.82	-16.28	0.01
73	6.74	-8.09	0.00
74	9.09	-8.22	0.00
75	12.31	-7.69	0.00
76	16.04	-0.95	0.00
77	17.85	-6.06	0.00
78	18.69	-4.71	0.00
79	19.47	-2.01	0.00
80	19.24	-4.88	0.00
81	17.90	-2.54	0.00
82	17.23	-4.08	0.00
83	16.69	-5.62	0.00
84	17.57	-4.92	0.00
85	15.68	-3.52	0.00
86	13.14	-7.12	0.00
87	11.21	-7.26	0.00
88	11.06	-9.78	0.00
89	13.08	-8.50	0.53
90	15.50	-7.72	0.00
91	18.94	-7.01	0.00
92	19.58	-3.34	0.00
93	19.87	-3.04	0.00
94	19.69	-2.47	0.08
95	18.26	-0.98	0.13
96	15.80	-0.78	1.61
97	15.50	-4.63	0.48
98	13.54	0.13	0.00
99	16.41	-5.56	0.00
100	19.94	-4.02	0.00
101	19.60	1.24	0.00
102	20.71	-2.09	0.00
103	22.43	-0.56	0.00
104	23.89	2.98	0.00
105	23.37	2.01	0.00
106	19.91	2.32	0.01
107	16.15	1.24	0.25
108	13.85	4.14	0.15
109	16.88	-1.91	0.15
110	12.52	2.16	1.06
111	13.70	0.30	0.19
112	14.72	0.01	0.02
113	13.07	0.61	0.02
114	13.12	-2.50	0.00
115	19.08	-2.88	0.00
116	19.20	2.00	0.00
117	22.21	-0.64	0.00
118	19.38	5.96	0.00
119	13.12	-4.99	0.00
120	10.40	-3.73	0.00
121	13.08	-5.54	0.00
122	15.52	-4.06	0.00
123	17.92	-1.14	0.00
124	21.62	-0.64	0.00
125	25.69	0.46	0.00
126	24.90	5.64	0.00
127	18.72	1.72	0.00
128	15.49	0.27	0.00
129	19.71	-5.13	0.00
130	18.72	1.43	0.00
131	17.57	1.55	0.00
132	19.14	-1.87	0.00
133	18.62	-2.14	0.00
134	17.74	5.63	0.00
135	17.60	-3.39	0.00
136	20.24	-2.94	0.00
137	19.18	1.23	0.00
138	19.11	-2.41	0.00
139	18.15	2.54	0.00
140	15.77	3.18	0.00
141	18.76	-0.35	0.00
142	19.93	4.17	0.01
143	18.43	2.44	0.03
144	15.21	-1.83	0.00
145	17.75	-2.72	0.00
146	16.63	5.11	0.03
147	10.68	5.56	1.82
148	11.70	3.46	0.06
149	15.93	0.67	0.00
150	14.27	2.02	0.00
151	13.22	2.38	0.00
152	16.32	-3.78	0.00
153	23.09	3.31	0.00
154	25.06	2.86	0.00
155	25.80	5.63	0.00
156	25.52	3.31	0.00
157	21.79	6.38	0.00
158	24.98	2.13	0.00
159	26.69	5.24	0.00
160	26.35	7.27	0.11
161	22.26	10.05	0.00
162	22.10	0.63	0.00
163	21.88	1.47	0.00
164	17.02	1.31	0.05
165	17.63	3.50	0.12
166	18.63	4.79	0.00
167	22.06	1.80	0.00
168	24.32	5.26	0.00
169	19.78	3.99	0.00
170	24.93	2.21	0.00
171	28.78	5.45	0.00
172	31.92	7.94	0.00
173	32.01	8.66	0.00
174	29.30	7.37	0.00
175	28.88	8.05	0.00
176	29.54	5.20	0.00
177	28.93	4.45	0.00
178	28.20	6.74	0.00
179	28.81	4.32	0.00
180	30.91	7.31	0.00
181	31.89	7.20	0.00
182	29.36	13.52	0.00
183	24.87	14.06	0.00
184	26.25	3.19	0.00
185	27.21	6.00	0.00
186	26.66	6.68	0.00
187	28.35	3.83	0.00
188	27.82	5.43	0.00
189	28.94	9.03	0.00
190	30.04	7.74	0.00
191	29.67	11.40	0.00
192	31.97	10.91	0.00
193	32.45	14.42	0.45
194	31.49	12.40	0.18
195	29.44	10.39	0.07
196	30.86	8.67	0.00
197	29.54	13.73	0.06
198	29.00	11.53	0.07
199	29.95	9.99	0.03
200	27.36	7.83	0.56
201	29.63	8.57	0.00
202	31.43	7.64	0.00
203	32.14	9.46	0.00
204	30.86	8.87	0.00
205	27.39	9.27	0.00
206	26.71	3.94	0.00
207	26.68	4.74	0.00
208	29.20	5.34	0.00
209	31.51	9.29	0.00
210	32.56	9.09	0.00
211	32.49	9.86	0.00
212	31.21	9.07	0.00
213	30.04	10.83	0.00
214	30.49	9.60	0.00
215	31.22	10.23	0.00
216	32.83	9.86	0.05
217	33.56	9.07	0.00
218	33.93	11.32	0.00
219	33.82	11.15	0.00
220	31.05	12.55	0.00
221	30.33	9.12	0.00
222	30.33	9.19	0.09
223	30.40	10.06	0.00
224	30.42	9.32	0.00
225	31.16	11.31	0.00
226	31.87	9.17	0.00
227	29.40	13.99	0.00
228	27.14	4.49	0.00
229	26.10	5.96	0.00
230	19.56	12.07	0.01
231	16.69	3.77	0.11
232	18.71	1.38	0.06
233	21.93	2.06	0.00
234	24.39	3.52	0.00
235	26.34	5.31	0.00
236	24.64	8.01	0.00
237	22.40	4.20	0.00
238	21.90	5.36	0.00
239	24.89	2.53	0.00
240	27.15	4.42	0.00
241	28.30	3.02	0.00
242	25.76	9.68	0.03
243	25.60	3.34	0.00
244	28.12	4.65	0.00
245	28.48	3.94	0.00
246	27.35	4.73	0.00
247	27.74	3.94	0.00
248	27.81	4.83	0.00
249	27.97	8.38	0.00
250	27.64	8.59	0.00
251	28.63	6.14	0.00
252	29.48	5.32	0.00
253	31.07	4.96	0.00
254	30.12	7.36	0.00
255	29.76	4.38	0.00
256	28.74	4.69	0.00
257	27.14	8.91	0.00
258	24.96	2.46	0.00
259	22.84	1.43	0.00
260	20.12	4.34	0.00
261	21.68	5.41	0.00
262	21.88	4.21	0.00
263	21.49	1.83	0.00
264	22.45	1.75	0.00
265	21.18	4.22	0.00
266	18.98	2.59	0.86
267	17.67	1.73	0.95
268	17.07	4.18	0.06
269	17.15	3.67	0.88
270	15.95	5.64	0.48
271	19.23	1.56	0.03
272	21.06	2.26	0.00
273	23.19	2.25	0.00
274	25.60	1.40	0.00
275	22.20	2.82	0.00
276	20.58	-1.31	0.00
277	24.51	-0.39	0.00
278	23.71	6.52	0.00
279	13.49	3.08	0.00
280	10.04	1.03	0.00
281	12.26	-8.53	0.00
282	17.38	-7.81	0.00
283	21.82	-5.70	0.00
284	18.58	-2.15	0.00
285	20.31	-5.89	0.00
286	20.91	-2.63	0.00
287	23.25	-3.23	0.00
288	23.22	-1.17	0.00
289	19.94	7.10	0.00
290	16.31	-6.62	0.00
291	15.84	1.22	0.06
292	9.79	1.51	0.09
293	9.46	-10.94	0.00
294	14.48	-8.54	0.00
295	17.32	-3.21	0.00
296	17.88	-4.36	0.00
297	19.95	-4.29	0.00
298	23.16	-4.92	0.00
299	21.01	-1.93	0.00
300	22.41	-5.10	0.00
301	21.44	-1.92	0.00
302	20.03	-1.91	0.00
303	20.69	-4.12	0.00
304	14.11	1.41	0.00
305	6.70	-1.38	0.00
306	2.62	-10.04	0.00
307	6.42	-14.97	0.00
308	12.41	-13.19	0.00
309	10.58	1.68	0.00
310	4.84	-4.96	0.00
311	5.11	-15.02	0.00
312	15.57	-7.46	0.00
313	16.58	-7.92	0.00
314	16.48	-11.05	0.00
315	14.70	-12.22	0.00
316	16.91	-8.61	0.00
317	18.94	-8.18	0.00
318	15.82	1.12	0.00
319	8.99	-0.80	0.00
320	6.00	-10.59	0.00
321	12.37	-2.34	0.00
322	12.12	-3.42	0.00
323	8.56	-3.04	0.00
324	4.42	-6.01	0.00
325	5.41	-12.59	0.00
326	9.16	-13.89	0.00
327	11.95	-13.89	0.00
328	14.83	-14.40	0.25
329	15.53	-11.27	0.00
330	-0.73	-9.76	0.41
331	-0.45	-17.66	0.00
332	1.42	-16.17	0.00
333	3.82	-13.44	0.00
334	6.30	-8.71	0.00
335	8.52	-13.99	0.00
336	6.45	-13.94	0.00
337	5.38	-14.17	0.00
338	12.08	-12.61	0.00
339	9.02	-7.67	0.00
340	5.27	-13.58	0.00
341	4.75	-16.42	0.00
342	7.17	-16.14	0.00
343	9.45	-15.24	0.00
344	13.38	-10.66	0.00
345	11.02	-1.73	1.67
346	1.73	-3.22	0.35
347	2.32	-5.75	0.09
348	-1.28	-14.91	0.01
349	-1.35	-16.94	0.01
350	-1.88	-12.88	0.00
351	1.69	-14.45	0.00
352	7.58	-11.78	0.00
353	-2.12	-12.45	0.26
354	-10.15	-17.03	0.26
355	-16.47	-26.89	0.01
356	-18.58	-33.46	0.00
357	-18.02	-32.40	0.00
358	-15.69	-32.71	0.00
359	-9.13	-23.90	0.00
360	-6.77	-23.29	0.00
361	-4.87	-24.53	0.00
362	1.42	-19.27	0.00
363	-6.66	-21.74	0.00
364	-8.42	-26.56	0.00
365	-5.21	-23.67	0.00
