#DOY	Tmax_C	Tmin_C	PPT_cm
1	-5.34	-19.46	0
2	-3.68	-17.25	0
3	-2.55	-18.48	0
4	-5.96	-23.47	0
5	-8.52	-23.35	0.91
6	-3.65	-13.32	1.33
7	-5.01	-17.36	0.04
8	-7.29	-23.06	0
9	-4.56	-23.04	0
10	-2.52	-18.48	0
11	-1.15	-16.55	0
12	-2.99	-18.81	0
13	-3.18	-20.93	0
14	-3.17	-20.32	0
15	-1.42	-18.25	0.15
16	0.5	-11.21	0.18
17	1	-11.28	0
18	3.08	-6.55	0
19	3.28	-10.38	0
20	5.6	-13.15	1.01
21	-0.55	-16.45	0
22	-6.35	-20.47	0
23	-0.05	-14.07	0
24	-1.01	-14.77	0
25	-2.94	-18.49	0
26	-2.8	-19.28	0
27	-0.21	-16.16	0
28	1.63	-17.66	0
29	4.95	-8.78	0
30	3.62	-7.71	0
31	2.42	-4.95	0.07
32	3.51	-8.36	0.01
33	5.14	-7.16	0.46
34	1.35	-8.42	0.45
35	-2.33	-13	0.08
36	-2.14	-13.16	0
37	-4.12	-20.34	0
38	-8.63	-22.87	0.01
39	-8.77	-23.97	0.01
40	-11.33	-25.33	0
41	-11.29	-27.09	0.06
42	-10.19	-18.26	0.4
43	-6.03	-17.08	0.2
44	0.4	-8.71	1.26
45	2.21	-6.94	0.1
46	5.1	-3	0.02
47	2.44	-2.29	0.34
48	4.64	-3.08	0
49	7.08	0.63	0.76
50	9.27	-2.47	3.53
51	4.69	-2.78	1.99
52	2.26	-11.02	0.09
53	1.97	-10.4	0
54	3.87	-3.7	0.11
55	7.09	-2.55	0
56	10.04	-5.63	0
57	11.68	-6.79	0
58	9.42	-7.12	0
59	7.33	-11.28	0
60	11.73	-9.5	0
61	12.24	-8.08	0
62	11.78	-7.53	0
63	12.37	-8.06	0
64	12.79	-7.11	0
65	13.89	-8	0
66	12.61	-4.3	0
67	13.91	-3.65	0.64
68	10.45	-3.54	1.71
69	2.27	-5.9	0.01
70	3.66	-5.16	0.67
71	4.41	-4.04	0.09
72	4.42	-7.4	0.03
73	5.93	-8.46	0.82
74	3.96	-7.86	0.76
75	4.12	-9.34	0.29
76	3.62	-8.8	0.19
77	1.96	-7.09	0.07
78	1.92	-7.67	0.55
79	5.38	-8.51	0.03
80	10.33	-7.09	0
81	13.71	-7.19	0
82	16.13	-5.73	0
83	16.31	-4.74	0
84	12.25	-2.31	0.45
85	12.26	-6.6	0
86	16.86	-6.47	0
87	18.79	-5.24	0
88	18.78	-3.66	0.16
89	19.5	-3.74	0.24
90	14.23	-0.74	0.96
91	10.8	-4.26	0.11
92	11.95	-0.4	1.43
93	2.1	-3.96	0.9
94	0.76	-7.64	0.11
95	9.46	-5.7	0
96	16.73	-4.17	0
97	16.15	-1.07	0
98	15.34	-4.4	0
99	13.32	-3.95	0
100	9.74	-0.44	0
101	11.85	-4.06	0.42
102	14.45	-4.54	0.12
103	10.98	-5.26	0.97
104	4.15	-9.91	0
105	13.01	-7.43	0
106	13.91	0.02	0.23
107	5.02	-3.04	0.34
108	4.59	-4.89	0.16
109	7	-6.53	0
110	10	-0.96	0
111	16.39	-2.09	0
112	20.38	-0.62	0.02
113	16.26	1.1	0.02
114	14.99	1.15	0.35
115	11.64	-1.21	0.76
116	5.05	-5.19	1.6
117	5.69	-5.46	0.1
118	12.17	-1.2	0
119	16.02	-2.42	0
120	17.3	-3.59	0
121	20.39	-3.33	0
122	22.89	0.37	0
123	21.71	0.69	0
124	21.69	1.91	0.01
125	12.09	-1.14	0
126	14.21	-2.72	0.01
127	9.09	-1.45	0.92
128	7.41	-3.88	0.85
129	5.43	-3.12	0.72
130	11.81	-4.31	0.14
131	16.83	-2.64	0
132	15.34	-0.86	0.18
133	16.95	-5.31	0
134	15.51	-1.88	0
135	12.63	-5.3	0.29
136	7.91	-2.21	0.75
137	11.03	-2.61	0
138	15.65	-3.46	0
139	20.1	-1.04	0
140	22.1	1.55	0
141	21.97	2.12	0
142	20.09	-1.96	0
143	14.99	-7.29	0
144	18.08	-0.51	0
145	19.91	-2.19	0
146	20.6	-1.91	0
147	20.5	-0.49	0
148	20.82	1.06	0
149	18.98	0.67	0
150	21.56	-0.33	0
151	22.54	1.38	0
152	22.65	2.06	0
153	23.5	3.98	0
154	24.77	4.87	0
155	23.97	5.63	0.29
156	24	5.53	0.16
157	24.38	6.01	0.12
158	26.13	3.54	0.05
159	24.01	3.44	0.44
160	19.57	4.06	1.17
161	15.46	3.17	0.13
162	20.94	0.85	0
163	25.01	3.3	0
164	24.04	3.91	0
165	25.49	3.53	0
166	26.68	2.99	0
167	28.43	4.44	0
168	29.39	6.17	0.15
169	24.96	4.95	0.01
170	24.59	3.6	0.15
171	26.33	2.81	0
172	25.29	3.69	0
173	25.24	2.48	0
174	27.78	4.93	0
175	25.98	7.26	0
176	22.19	7.48	0.09
177	26.19	7.36	0.2
178	28.92	7.05	0.06
179	29.07	8.51	0.22
180	27.17	9.06	0.18
181	26.1	8.77	0.04
182	26.52	5.58	0.3
183	27.99	5.6	0.04
184	28.29	8.13	0.2
185	28.34	9.07	0.49
186	23.97	6.47	1.51
187	21.15	8.66	0.77
188	21.66	7.69	0
189	22.23	5.55	0.1
190	20.72	9.12	0.86
191	22.48	6.63	0.02
192	22.19	6.15	0.04
193	24.99	7.61	0.06
194	26.23	8.09	0.38
195	28.68	10.09	0.02
196	29.05	11.16	0.47
197	21.71	9.87	0.46
198	23.23	8.07	0
199	23.7	9.4	0.26
200	24.35	8.62	0
201	24.99	8.53	0
202	23.91	6.13	0.02
203	21.36	10.15	0.26
204	22.62	8.97	0.2
205	21.47	8.23	0.2
206	23.02	5.67	0.19
207	23.63	4.93	0.26
208	24.57	3.9	0.09
209	26.35	3.09	0
210	27.05	3.58	0
211	26.7	2.87	0
212	27.51	3.17	0
213	28.16	3.59	0
214	28.17	5.01	0
215	26	7.48	0
216	26.83	5.27	0.01
217	26.58	3.99	0
218	25.53	5.55	0
219	26.37	7.27	0.07
220	25.04	5.7	0.82
221	25.45	5.06	0.03
222	23.93	5.47	0
223	27.41	5.39	0.03
224	24.66	6.9	0.29
225	25.48	6.38	0.09
226	26.14	5.76	0.01
227	25.75	4.33	0
228	28.57	5.52	0
229	29.31	6.72	0
230	30.06	6.85	0
231	29.05	9.22	0.06
232	27.82	11.28	0.58
233	23.88	9.01	0.6
234	24.99	7.11	0
235	24.54	7.19	0
236	25.84	8.5	0.22
237	23.96	10.02	0.76
238	24.72	4.48	0
239	25.88	4.7	0.03
240	26.06	6.09	0
241	22.46	8.18	0.44
242	22.91	9.04	0.34
243	21.76	6.87	0.22
244	21.41	4.17	0.23
245	20.46	2.59	0
246	20.75	3.18	0
247	24.08	4.6	0
248	25.42	4.05	0.28
249	23.09	3.86	0
250	23.11	4.32	0.29
251	24.14	6.34	0.21
252	21.25	3.91	0.94
253	15.14	1.47	0.74
254	17.01	1.25	0
255	20.07	0.19	0
256	21.77	3.53	0
257	22.2	1.59	0
258	22.43	0.75	0
259	22.6	3.57	0
260	21.26	-1.64	0
261	18.1	2.24	0.02
262	20.4	-2.6	0.03
263	21.26	-1.32	0.12
264	19.41	4.28	0.82
265	18.04	2.55	0.18
266	15.65	5	0.48
267	12.79	2.6	1.06
268	8.97	1.32	0.65
269	7.91	-2.46	0.43
270	10.27	-1.96	0.63
271	7.27	-2.68	0.75
272	7.37	-0.97	0.03
273	10.44	-2.4	0.12
274	12.74	-2.61	0.12
275	12.04	-0.61	0.68
276	8.02	-0.06	0.57
277	9.37	-1.67	0.12
278	13.39	-1.84	0
279	15.34	-3.44	0
280	16.98	-2.59	0
281	17.25	-1.55	0
282	16.94	-1.13	0
283	17.36	-1.77	0.2
284	13.55	-4.24	0.57
285	5.61	-8.01	0.05
286	9.41	-8.77	0
287	12.49	-6.56	0.07
288	15.26	-4.72	0.03
289	16.97	-4.9	0.18
290	16.29	-4.54	0
291	17.25	-2.21	0
292	16.52	-0.04	0.01
293	13.83	-0.37	0.07
294	10.25	-1.52	1.02
295	9.01	-1.95	1.15
296	9.43	-3.53	0
297	11.14	-5.31	0
298	12.47	-4.3	0
299	14.67	-5.4	0
300	14.54	-3.45	0
301	14.43	-4.2	0
302	15.27	-3	0
303	13.69	-2.83	0.72
304	8.38	-3.6	1.97
305	2.53	-3.28	0.46
306	-0.32	-4.38	0
307	0.51	-5.52	0
308	1.47	-8.59	0
309	7.08	-7.94	0
310	5.81	-6.87	0.97
311	-1.75	-8.86	0.22
312	-4.78	-10.14	0.52
313	-3.1	-11.99	0.02
314	-2.57	-12.97	0
315	1.04	-13.48	0
316	0.52	-8.78	0.09
317	2.84	-12.02	0
318	7.3	-10.29	0
319	7.17	-7.05	0
320	6.82	-6.49	0
321	6.59	-0.62	0.07
322	7.22	-5.78	0.18
323	4.77	-3.18	0.61
324	5.36	-7.91	0
325	9.8	-7.11	0.15
326	6.48	-5.61	0.07
327	-0.01	-10.72	0
328	4.88	-8.51	0
329	3.16	-7.77	0
330	3.95	-6.93	0.15
331	7.07	-9.98	0
332	10.45	-7.61	0
333	7.18	-7.03	0
334	1.52	-6.81	0.07
335	2.82	-12.69	0
336	5.85	-10.95	0
337	5.95	-10.12	0
338	6.54	-9.39	0
339	7.68	-6.97	0.08
340	3.95	-3.33	0.69
341	-1.05	-4.64	0.29
342	-1.28	-9.17	0.12
343	-4.13	-14.95	0
344	-6.11	-22.06	0
345	-1.7	-17.44	0
346	1	-13.49	0
347	2.02	-13.99	0
348	4.33	-13.06	0
349	2.93	-11.82	0
350	4.45	-9.64	0
351	3.48	-12.36	0
352	2.44	-15.02	0.01
353	0.87	-9.93	0.06
354	1.53	-10.7	0
355	1.67	-11.08	0
356	2.66	-14.32	0
357	2.06	-13.31	0
358	1.28	-14.55	0
359	-0.12	-16.15	0
360	1.16	-14.88	0
361	-0.56	-13.1	0.03
362	1.2	-9.61	0.02
363	3.9	-14.16	0
364	3.24	-12.86	0
365	0.02	-17.6	0.17
