# weather for site 002_-119.415_39.046 year =  1989
# DOY Tmax(C) Tmin(C) PPT(cm)
1	-3.62	-9.87	0.00
2	-2.47	-12.41	0.00
3	-2.35	-16.35	0.00
4	-4.29	-18.29	0.00
5	0.53	-13.13	0.07
6	-1.81	-15.13	0.06
7	-2.57	-15.10	0.12
8	-3.66	-19.11	0.00
9	5.14	-10.91	0.00
10	4.81	-5.01	0.10
11	-0.46	-17.85	0.00
12	-3.66	-18.24	0.00
13	4.83	-17.84	0.00
14	-0.54	-11.34	0.00
15	-1.18	-14.49	0.00
16	1.98	-14.33	0.00
17	4.02	-13.78	0.00
18	4.16	-13.24	0.00
19	3.19	-11.99	0.00
20	2.80	-12.17	0.00
21	5.50	-12.01	0.00
22	9.55	-2.44	0.00
23	5.51	-5.05	0.16
24	-3.29	-7.20	0.00
25	-2.57	-14.02	0.00
26	-1.42	-14.58	0.00
27	2.15	-13.58	0.00
28	2.42	-12.47	0.00
29	4.46	-12.03	0.00
30	7.33	-10.76	0.00
31	11.84	-9.06	0.00
32	10.09	0.28	0.00
33	4.44	-6.10	0.13
34	-2.91	-10.13	0.76
35	-8.42	-16.72	0.72
36	-14.14	-22.42	0.06
37	-17.32	-31.77	0.00
38	-16.45	-35.06	0.01
39	-15.16	-32.44	0.00
40	-9.10	-21.42	0.03
41	-5.18	-21.09	0.00
42	-3.59	-14.63	0.03
43	-0.85	-10.63	0.06
44	-1.73	-11.14	0.02
45	-2.18	-20.14	0.00
46	-0.55	-19.37	0.00
47	2.16	-7.64	0.00
48	3.77	-9.99	0.00
49	8.08	-8.03	0.00
50	7.71	-2.21	0.00
51	6.79	-7.79	0.00
52	7.91	-5.91	0.00
53	14.55	-3.46	0.00
54	16.16	-1.35	0.00
55	16.59	-3.00	0.00
56	16.04	-2.12	0.00
57	14.54	-3.27	0.00
58	13.45	-7.87	0.00
59	10.93	-9.11	0.00
60	13.27	-9.21	0.15
61	9.13	-0.60	0.18
62	3.62	-12.32	0.04
63	-1.80	-12.93	0.02
64	9.90	-5.90	0.00
65	14.73	1.31	0.00
66	14.05	4.22	0.06
67	12.31	0.77	0.45
68	14.73	-0.43	0.00
69	16.89	1.48	0.00
70	16.02	1.99	0.16
71	16.06	-4.92	0.00
72	11.20	-0.36	0.12
73	10.74	-10.28	0.00
74	14.62	-7.97	0.00
75	10.08	-2.26	0.77
76	8.64	-7.78	0.00
77	10.95	1.37	0.08
78	11.44	2.05	0.18
79	10.68	-10.06	0.00
80	14.53	-6.19	0.00
81	16.62	-5.76	0.00
82	14.54	-1.04	0.00
83	13.04	1.42	0.14
84	10.98	2.07	0.12
85	10.04	-8.82	0.00
86	14.42	-3.47	0.01
87	14.54	6.20	0.03
88	14.60	-0.96	0.00
89	17.33	-4.81	0.00
90	15.80	2.55	0.00
91	12.56	-3.14	0.00
92	14.04	3.38	0.00
93	14.74	-1.75	0.00
94	17.51	-5.18	0.00
95	22.49	-4.70	0.00
96	25.29	-0.62	0.00
97	25.74	0.14	0.00
98	23.94	-1.01	0.00
99	22.97	-1.15	0.00
100	23.59	-1.62	0.00
101	20.24	-1.99	0.00
102	18.27	-3.66	0.00
103	21.60	-4.37	0.00
104	23.19	1.82	0.00
105	22.67	0.79	0.00
106	22.68	-0.33	0.00
107	23.64	0.34	0.00
108	25.44	0.20	0.00
109	24.23	7.49	0.00
110	23.16	8.22	0.00
111	17.36	2.96	0.00
112	11.81	-2.68	0.00
113	10.10	-5.47	0.44
114	5.46	-5.15	0.39
115	7.38	-6.70	0.05
116	9.43	-6.73	0.00
117	11.51	-4.34	0.00
118	13.09	-6.66	0.00
119	15.96	-5.82	0.00
120	17.05	0.83	0.00
121	19.66	-2.42	0.00
122	20.56	-0.43	0.00
123	22.52	2.00	0.00
124	22.16	3.53	0.00
125	25.72	6.03	0.00
126	26.32	5.51	0.00
127	25.77	8.95	0.00
128	24.93	6.07	0.52
129	18.47	6.08	1.06
130	13.39	3.36	1.98
131	11.29	1.15	0.15
132	12.77	2.17	0.29
133	11.50	0.66	0.34
134	13.67	-1.26	1.15
135	14.85	1.10	0.73
136	18.55	0.65	0.00
137	21.93	3.12	0.00
138	19.44	7.87	0.00
139	16.23	-3.15	0.00
140	21.84	-0.92	0.00
141	21.73	3.72	0.00
142	21.47	0.17	0.00
143	15.69	4.82	0.00
144	14.32	-1.32	0.00
145	16.22	-2.57	0.00
146	20.41	-0.84	0.00
147	20.64	2.35	0.00
148	17.49	4.54	0.00
149	10.07	-3.19	0.39
150	13.31	-2.61	0.00
151	18.19	-3.08	0.00
152	21.35	-1.44	0.00
153	24.66	5.61	0.48
154	22.24	8.40	1.04
155	17.17	6.73	1.73
156	19.33	3.47	0.13
157	22.00	4.76	0.01
158	22.54	6.93	1.74
159	23.82	4.92	0.00
160	24.30	8.22	0.14
161	25.08	5.71	0.00
162	23.64	9.70	0.05
163	27.00	6.15	0.00
164	29.04	7.80	0.00
165	30.07	3.99	0.00
166	28.09	8.15	0.00
167	24.73	7.92	0.00
168	26.53	3.96	0.00
169	28.70	5.54	0.00
170	28.30	6.22	0.00
171	22.55	5.40	0.00
172	21.15	3.49	0.00
173	28.21	0.86	0.00
174	23.83	5.43	0.00
175	22.78	5.20	0.00
176	25.62	4.95	0.00
177	26.65	5.46	0.00
178	22.90	9.22	0.00
179	23.98	2.53	0.00
180	26.76	4.70	0.00
181	24.07	6.95	0.00
182	26.88	1.79	0.00
183	28.52	4.58	0.00
184	30.37	4.95	0.00
185	29.79	5.73	0.00
186	31.48	3.41	0.00
187	32.55	3.08	0.00
188	33.62	8.15	0.00
189	31.89	11.56	0.00
190	29.32	10.85	0.00
191	28.27	2.10	0.00
192	29.40	6.11	0.00
193	28.26	11.51	0.00
194	29.89	7.63	0.00
195	31.44	7.48	0.00
196	28.92	7.19	0.00
197	27.39	4.83	0.00
198	29.39	6.85	0.00
199	31.89	10.36	0.00
200	34.24	13.05	0.68
201	33.00	11.79	0.00
202	31.45	11.91	0.00
203	31.07	9.41	0.26
204	30.19	10.14	0.00
205	31.43	9.19	0.00
206	31.44	8.72	0.00
207	31.45	10.01	0.00
208	30.87	8.46	0.00
209	31.16	6.31	0.00
210	31.29	6.77	0.00
211	30.41	5.15	0.00
212	28.41	8.28	0.00
213	27.08	3.18	0.00
214	26.66	2.92	0.00
215	27.52	4.20	0.00
216	28.45	6.04	0.00
217	29.47	7.93	0.00
218	29.96	8.89	0.00
219	27.00	10.48	0.42
220	20.23	10.59	0.94
221	25.01	7.79	0.35
222	27.73	10.73	0.00
223	27.38	8.53	0.00
224	28.14	7.42	0.00
225	28.97	5.75	0.00
226	29.74	7.68	0.00
227	29.84	5.11	0.00
228	29.36	3.03	0.00
229	26.97	5.90	0.00
230	25.99	3.87	0.01
231	26.89	4.52	0.00
232	23.34	9.07	0.00
233	25.91	4.12	0.00
234	26.09	8.37	0.00
235	23.46	9.07	0.00
236	19.57	0.12	0.00
237	21.40	0.37	0.00
238	25.05	1.55	0.00
239	26.69	3.91	0.00
240	28.75	3.48	0.00
241	28.38	4.33	0.00
242	24.04	7.79	0.00
243	22.98	0.96	0.00
244	26.37	2.02	0.00
245	25.55	1.84	0.00
246	25.57	1.58	0.00
247	28.09	2.92	0.00
248	28.02	2.80	0.00
249	25.04	8.15	0.00
250	20.50	-0.20	0.00
251	22.26	0.77	0.00
252	24.46	1.02	0.00
253	24.16	3.28	0.00
254	23.25	4.21	0.00
255	21.11	0.11	0.00
256	23.02	-1.71	0.00
257	25.60	0.58	0.00
258	26.34	2.91	0.00
259	23.45	4.37	1.00
260	15.12	6.01	0.31
261	9.98	3.07	1.56
262	14.78	1.37	0.14
263	18.75	0.48	0.00
264	21.27	0.46	0.00
265	23.47	1.85	0.00
266	25.05	2.04	0.00
267	26.25	2.21	0.00
268	25.24	8.21	0.00
269	23.75	0.46	0.00
270	22.45	3.37	0.00
271	22.13	1.92	0.11
272	20.84	5.65	0.27
273	17.02	3.49	0.00
274	18.06	-2.58	0.00
275	12.87	0.48	1.88
276	11.03	0.22	0.16
277	13.54	-3.10	0.00
278	16.15	-4.90	0.00
279	18.48	-3.93	0.00
280	19.00	-2.85	0.00
281	19.55	-3.52	0.00
282	21.60	-2.71	0.00
283	23.75	-1.78	0.00
284	22.39	-1.15	0.00
285	22.78	-1.58	0.00
286	21.83	-2.05	0.00
287	19.15	-1.36	0.00
288	17.23	-1.91	0.00
289	17.42	-2.32	0.00
290	17.81	-3.84	0.00
291	20.46	-4.25	0.00
292	21.51	-3.26	0.00
293	19.59	0.19	0.00
294	14.34	5.09	0.00
295	15.92	0.41	0.00
296	14.57	1.61	0.00
297	12.74	-0.96	0.71
298	7.94	-3.64	0.19
299	7.77	-9.94	0.01
300	10.53	-7.67	0.00
301	5.15	-6.88	0.00
302	4.93	-13.32	0.00
303	7.52	-13.99	0.00
304	9.54	-13.47	0.00
305	8.62	-11.06	0.00
306	9.35	-11.43	0.00
307	12.26	-12.30	0.00
308	17.28	-9.52	0.00
309	13.88	-7.09	0.00
310	8.92	-10.24	0.00
311	8.15	-12.02	0.00
312	9.62	-12.30	0.00
313	13.62	-11.69	0.00
314	15.00	-9.68	0.00
315	15.92	-8.80	0.00
316	17.22	-8.15	0.00
317	17.05	-8.26	0.00
318	9.68	-6.99	0.00
319	5.91	-10.30	0.00
320	8.81	-11.58	0.00
321	10.77	-10.43	0.00
322	10.72	-10.50	0.00
323	12.99	-10.81	0.00
324	13.33	-11.48	0.00
325	13.24	-11.19	0.00
326	12.13	-10.61	0.00
327	10.71	-9.53	0.00
328	8.99	3.57	0.11
329	6.32	-6.23	1.61
330	2.99	-4.21	0.10
331	1.64	-13.41	0.00
332	1.01	-14.91	0.00
333	1.89	-15.61	0.00
334	4.42	-11.74	0.00
335	5.21	-13.27	0.00
336	5.33	-14.34	0.00
337	8.00	-12.81	0.00
338	10.56	-10.98	0.00
339	12.68	-7.63	0.00
340	10.27	-8.03	0.00
341	9.40	-11.83	0.00
342	14.63	-10.22	0.00
343	13.34	-6.08	0.00
344	3.58	-8.69	0.00
345	-0.64	-17.25	0.00
346	0.23	-16.93	0.00
347	2.80	-15.44	0.00
348	4.94	-16.49	0.00
349	7.27	-15.43	0.00
350	5.12	-15.99	0.00
351	7.83	-16.55	0.00
352	6.43	-15.01	0.00
353	6.00	-15.28	0.00
354	5.08	-15.57	0.00
355	6.51	-13.27	0.00
356	5.84	-14.59	0.00
357	6.87	-14.12	0.00
358	5.32	-13.27	0.00
359	6.13	-14.83	0.00
360	4.93	-15.51	0.00
361	2.68	-11.73	0.00
362	4.83	-10.13	0.00
363	1.76	-7.37	0.00
364	4.67	-16.06	0.00
365	9.98	-15.03	0.15
