#DOY	Tmax_C	Tmin_C	PPT_cm
1	-7.18	-18.83	0.16
2	-12.39	-27.17	0
3	-15.86	-30.48	0
4	-13.05	-25.26	0.39
5	-5.16	-14.56	1.33
6	-5.19	-10.13	1.15
7	-7.17	-13.84	0.17
8	-5.78	-12.96	0.64
9	-6.17	-12.12	0.88
10	-1.52	-8.77	0.24
11	2.13	-8.59	0.9
12	-4.98	-13.49	0.12
13	-10.51	-24.1	0.07
14	-6.08	-19.15	0.04
15	-1.58	-16.58	0.02
16	-1.22	-15.5	0.4
17	-7.01	-20.53	0.64
18	-5.77	-12.15	0.56
19	-8.45	-17.45	0.13
20	-13.23	-31.38	0.08
21	-9.66	-19.96	0.19
22	-9.34	-23.75	0.02
23	-4.81	-17.8	0.1
24	-7.12	-18.64	0
25	-8.96	-25.61	0
26	-6.68	-22.36	0
27	-1.19	-17.29	0
28	-0.71	-15.97	0
29	1.4	-15.72	0
30	0.95	-6.34	0.25
31	-0.53	-8.06	1.79
32	-2.93	-11.39	0.48
33	-3.89	-12.49	0.38
34	-5.53	-17.48	0.07
35	-8.88	-25.83	0
36	-7.86	-25.84	0
37	-5.16	-22.46	0
38	-4.01	-21.29	0
39	-1.89	-10.34	0.17
40	-0.26	-12.1	0.03
41	-0.63	-9.13	0.49
42	-0.76	-9.31	0.02
43	-1	-16.82	0
44	-0.19	-17.43	0.03
45	-0.51	-12.44	0.1
46	0.2	-13.9	0
47	-2.65	-13.24	0.23
48	-5.97	-16.89	0
49	-5.87	-18.46	0
50	-5.29	-20.16	0
51	-2.22	-15.49	0
52	-0.49	-14.99	0
53	-0.08	-12.73	0
54	-0.09	-19.61	0
55	0.31	-18.57	0
56	1.78	-18.53	0
57	2.25	-15.12	0
58	3.37	-14.86	0
59	2.05	-7.1	0.16
60	4.96	-6.88	0
61	5.09	-6.7	0.28
62	4.33	-5.1	0.18
63	2.3	-5.81	0
64	2.5	-4.7	0.13
65	2.56	-12.15	0
66	4.76	-9.2	0.43
67	4.43	-8.99	0.78
68	-2.2	-14.99	0.04
69	3.88	-12.36	0.2
70	2.39	-8.01	0.8
71	-4.33	-10.78	0
72	-5.85	-16.42	0.06
73	-6.69	-20.58	0.04
74	-2.96	-18.09	0
75	1.17	-13.66	0.03
76	-1.57	-9.01	0.34
77	-3.42	-16.77	0.04
78	-0.39	-17.54	0
79	3.63	-14.18	0
80	7.82	-10.51	0
81	10.5	-8.58	0
82	8.87	-5.46	0
83	9.29	-7.26	0.34
84	6.13	-6.81	0.67
85	5.19	-5.86	0
86	9.58	-6.21	0
87	13.49	-4.91	0.02
88	2.35	-11.44	0.09
89	0.07	-14.27	0
90	0.32	-7.24	0.4
91	3.17	-5.54	0
92	5.75	-11.78	0
93	10.34	-9.64	0
94	13.84	-6.71	0
95	12.92	-1.79	0.08
96	9.55	-7.49	0.31
97	13.99	-5.81	0
98	18.95	-3.83	0
99	16.78	-2	0
100	6.57	-8.52	0
101	8.24	-11.95	0
102	15.64	-10.6	0
103	19.67	-4.41	0
104	21.08	-3.18	0
105	20.68	0.54	0.04
106	17.08	-0.87	0
107	19.08	-0.88	0
108	16.43	0.45	0
109	14.24	-4.03	0.22
110	13.45	0.72	0.62
111	15.65	-0.14	0
112	14.4	1.84	0.12
113	6.39	-1.81	0.39
114	8.23	-3.15	0.06
115	8.19	-3.4	0.13
116	6.7	-2.25	1.02
117	8.02	-9.39	0
118	14.04	-2.26	0
119	17.41	-0.69	0
120	18.29	0.2	0
121	20.57	0.21	0.08
122	18.81	-0.34	0.03
123	5.08	-4.62	0.43
124	9.88	-6.68	0
125	16.34	-3.54	0
126	20.98	0.13	0
127	19.56	0.95	0.04
128	9.31	-1.17	0.18
129	8.04	-1.92	0.8
130	12.73	-0.86	0.02
131	14.32	2.03	0.01
132	19.05	-2.12	0
133	23.05	-0.92	0
134	25.63	0.07	0
135	24.27	0.47	0
136	22.77	-0.95	0
137	26.31	2.71	0
138	23.93	6.34	0.94
139	15.63	2.89	2.75
140	8.76	3.39	0.87
141	11.29	0.15	0.02
142	13.96	-3.61	0
143	16.1	-2.1	0
144	19.8	-1.19	0
145	23.37	1.12	0
146	23.75	2.6	0
147	22.64	2.51	0.03
148	24.01	5.32	0
149	24.48	3.76	0
150	24.42	3.37	0.17
151	23.44	-0.39	0.19
152	12.57	-2.48	0.05
153	16.29	0.93	0
154	20.15	5.33	0
155	25.76	4.16	0
156	27.97	6.83	0
157	26.85	8.5	0
158	26.11	5.25	0
159	26.32	2.99	0
160	25.92	3.94	0
161	27.39	2.97	0
162	27.03	7.51	0
163	25.61	6.38	0.02
164	24.83	5.51	0
165	24.14	4.1	0
166	23.05	2.17	0
167	25.87	4.38	0
168	26.95	5.49	0
169	27.18	5.82	0
170	27.05	6.24	0
171	28.29	7.37	0
172	28.92	9.14	0
173	29.33	8.25	0.26
174	28.41	11.22	0.09
175	30.61	8.04	0.12
176	30.99	9.07	0
177	30.56	10.79	0
178	27.61	10.07	0.03
179	27.49	8.03	0
180	24.37	9.94	0.81
181	24.25	10.38	0.11
182	24.48	5.6	0.1
183	28.24	4.16	0
184	28.98	6.8	0
185	29.07	8.58	0
186	24.73	8.78	0.51
187	26.73	7.1	0.01
188	26.35	8.44	0.02
189	28.05	7.56	0.04
190	28.11	7.37	0
191	27.35	6.53	0.03
192	27.7	6.41	0
193	26.88	6.16	0.29
194	27.23	7.74	0
195	29.42	5.51	0
196	30.98	9.29	0
197	30.27	7.48	0
198	30.5	8.49	0
199	29.62	7.08	0
200	28.71	4.04	0
201	27.54	4.82	0
202	27.57	5.04	0
203	29.18	3.99	0
204	30.34	4.16	0
205	29.18	7.12	0
206	30.31	6.21	0
207	31.48	6.65	0
208	28.54	8.99	0.07
209	27.5	9.16	0
210	26.19	8.26	0.01
211	27.62	8.05	0.15
212	28.97	8.23	0
213	29.98	9.28	0.08
214	27.85	7.52	0.43
215	28.38	6.33	0.08
216	27.28	9.81	0.52
217	25.11	8.68	0.56
218	26.38	4.21	0
219	26.56	8.61	0.12
220	23.73	6.52	0.98
221	23.77	5.31	0.09
222	25.92	3.68	0
223	27.38	4.15	0
224	28.58	5.72	0
225	28.09	10.35	0.08
226	26.81	4.74	0
227	29.34	5.62	0.03
228	29.12	9.2	0.02
229	26.71	10.25	0.19
230	25.8	9.16	0.01
231	28.61	7.07	0
232	29.21	6.09	0
233	29.22	6.23	0.08
234	25	10.96	0.58
235	26.08	7.86	0
236	28.7	3.61	0
237	29.85	6.32	0
238	30.01	4.15	0
239	29.61	5.1	0.02
240	25.94	8.51	0
241	25.48	6.02	0
242	26.83	5.86	0
243	27.61	6.3	0
244	27.94	5.88	0.02
245	27.79	4.8	0
246	26.76	5.54	0
247	26.55	3.92	0
248	25.77	1.94	0
249	25.68	0.87	0
250	26.59	0.96	0
251	27.07	2.68	0
252	26.95	1.69	0
253	27.27	1.16	0.08
254	25.72	7.11	0.32
255	18.4	2.36	2.09
256	7.14	1.42	1.82
257	11.48	2.21	0.54
258	11.49	1.13	0.57
259	14.98	0.53	0.04
260	20.61	-0.33	0
261	23.07	1.35	0
262	20.12	3.08	0
263	17.18	-6.73	0
264	22.66	-2.59	0
265	21.57	3.63	0.32
266	16.14	2.35	0.04
267	17.56	-1.38	0
268	20.29	-1.07	0
269	21.21	0.02	0
270	20.97	-0.84	0
271	19.69	1.75	0
272	12.96	-0.83	0.01
273	14.17	-7.87	0
274	19.05	-4.77	0
275	19.5	-1.98	0
276	22.47	0.13	0
277	22.52	-0.33	0
278	19.59	0.65	0.01
279	19.98	1.39	0.02
280	18.86	0.55	0
281	17.61	-2.18	0
282	19.16	-1.96	0.01
283	16.58	-0.69	0.14
284	16.35	-4.75	0
285	18.86	-4.27	0
286	19.14	-3.28	0
287	18.27	-1.76	0
288	17.6	-0.88	0.05
289	17.57	-1.44	0
290	18.14	-3.06	0
291	18.81	-1.42	0
292	18.71	3.21	0
293	16.74	-0.7	0.17
294	15.92	-5.31	0
295	17.79	-5.17	0
296	17.94	-4.69	0
297	17.85	-5.15	0
298	17.34	-5.2	0
299	16.55	-5.6	0
300	18.19	-5.77	0
301	16	-3.78	0
302	16.99	-5.09	0
303	16.4	-2.1	0
304	16.2	-4.6	0
305	16.59	-6.43	0
306	16.55	-5.92	0
307	13.91	-2	0.03
308	9.21	2.85	1.33
309	7.13	-0.61	0
310	7.57	-5.44	0
311	12.55	-6.43	0
312	11.9	-3.82	0
313	5.34	-2.94	1.29
314	2.04	-4.07	1.58
315	2.04	-6.59	0.04
316	3.02	-2.41	0.97
317	1.47	-9.78	0
318	4.61	-4.48	0
319	10.75	-2.31	1.1
320	3.36	-6.01	1.19
321	-0.56	-10.48	0.03
322	-0.39	-9.55	0.35
323	-0.54	-8.12	0.06
324	-0.65	-11.95	0
325	-0.1	-12.44	0
326	0.79	-13.02	0
327	2.91	-11.76	0
328	8.75	-6.13	0.16
329	5.63	-9.63	0.59
330	-0.47	-12.81	0.25
331	-4.63	-10.62	0.24
332	-5.47	-14.35	0.36
333	-3.75	-13.35	0.04
334	-3.34	-11.45	0.06
335	-2.47	-10.25	0.16
336	-0.08	-15.48	0
337	2.53	-15.65	0
338	3.93	-12.71	0
339	2.69	-13.88	0
340	4.64	-13.78	0
341	1.41	-15.95	0.2
342	0.19	-7.81	0.35
343	-2	-17.78	0
344	-2.81	-20.55	0
345	1.4	-12.28	0
346	1.06	-14.57	0.12
347	0.36	-14.11	0
348	1.48	-12.49	0
349	-0.82	-12.01	0.19
350	-4.14	-9.83	0.12
351	-6.06	-20.73	0
352	-5.65	-21.38	0
353	-1.65	-21.11	0.09
354	-2.63	-15.42	0.48
355	-1.64	-10.83	0.11
356	-1.24	-13.93	0.18
357	-0.04	-11.2	0.43
358	-2.54	-10.29	0.42
359	-7.35	-19.56	0.33
360	-0.35	-13.1	0.75
361	-1.72	-16.04	0.39
362	-11.83	-27.36	0.01
363	-10.9	-27.19	0
364	-8.54	-20.24	0.05
365	-4.07	-14.49	0.14
366	-3.97	-21.23	0.08
