#DOY	Tmax_C	Tmin_C	PPT_cm
1	-6.07	-19.05	0.04
2	-11.09	-24.58	0
3	-9.14	-24.69	0
4	-7.87	-21.96	0
5	-5.88	-22.65	0
6	-3.54	-18.69	0
7	-0.49	-15.32	0.25
8	-0.32	-7.83	1.31
9	-3.63	-9.68	0.43
10	-4.38	-11.31	0.08
11	-4.78	-10.81	0.19
12	-8.32	-19.28	0.02
13	-11.3	-29.38	0
14	-8.92	-28.41	0
15	-6.47	-24.37	0.14
16	-3.89	-18.86	0.07
17	-4.79	-18.53	0
18	-1.25	-15.33	0.07
19	0.95	-11.12	0.07
20	0.3	-8.73	0.56
21	-3.17	-9.23	2.19
22	-7.58	-16.21	0.66
23	-12.84	-30.83	0
24	-13.2	-30.72	0
25	-9.77	-28.11	0
26	-7.53	-23.12	0
27	-5.48	-19.97	0.02
28	-4.75	-18.23	0.16
29	-4.67	-13.33	0.42
30	-9.59	-21.03	0.19
31	-18.34	-35.78	0
32	-22	-41.17	0
33	-17.49	-36.05	0.17
34	-10.86	-19.52	0.52
35	-13.06	-21.79	0.1
36	-15.94	-33.21	0.05
37	-9.12	-24.21	0.16
38	-6.96	-23.79	0.29
39	-2	-15.14	0.24
40	-1.05	-8.46	0.56
41	-6.59	-18.69	0.04
42	-9.18	-26.18	0
43	-4.43	-14.23	0.04
44	-2.04	-16.81	0
45	-3.57	-22.16	0
46	-1.85	-19.01	0
47	1.48	-14.68	0
48	0.08	-12.96	0
49	-1	-18.9	0
50	-1.29	-19.42	0
51	4.71	-13.32	0.18
52	1.84	-6.34	0.39
53	-3.23	-16.3	0.19
54	-3.01	-13.96	0
55	-3.21	-18.57	0
56	-1.74	-11.58	0.49
57	-3.93	-18.17	0.12
58	-2.29	-17.06	0
59	-0.18	-19.24	0
60	1.67	-13.79	0
61	5.75	-8.26	0.24
62	0.86	-11.39	0.29
63	-4.52	-18.64	0.07
64	0.61	-17.83	0
65	4.67	-9.11	0.01
66	2.08	-9.86	0
67	1.25	-11.91	0.03
68	3.81	-9.61	0.27
69	1.07	-5.89	1.34
70	2.93	-4.09	0.35
71	3.05	-3.82	0.85
72	1.39	-12.27	0.06
73	2.93	-13.35	0
74	5.32	-9.76	0
75	7.19	-8.09	0
76	6.74	-10.19	0
77	6.65	-7.28	0
78	7.83	-4.96	0
79	7.03	-7.27	0
80	8.76	-8.3	0.18
81	2.93	-14.36	0.22
82	3.37	-8.65	0.12
83	11.29	-6.54	0
84	12.08	-4.78	0.39
85	8.37	-3.62	1.09
86	0	-6.79	1.03
87	2.02	-10.52	0.29
88	-0.85	-7.41	0.17
89	-1.09	-13.68	0.05
90	1.52	-9.83	1.13
91	3.69	-5.85	0.12
92	9.42	-6.41	0
93	12.24	-6.27	0.06
94	8.31	-4.78	0
95	4.86	-8.04	0.08
96	11.64	-6.11	0
97	14.37	-5.62	0
98	16.36	-5.15	0.35
99	16.87	-3.33	0.65
100	15.28	-3.72	0
101	17.53	-2.21	0
102	16.34	-2.52	0
103	15.52	-5.07	0
104	18.13	-3.82	0
105	20.67	-1.56	0
106	21.12	0.77	0
107	19.74	2.78	0.19
108	18.02	1.08	0.31
109	9.11	-1.55	2.75
110	3.49	-4.85	3.57
111	4.97	-3.69	2.08
112	6.27	-4.51	0.32
113	8.15	-6.7	0.12
114	7.5	-4.46	0.18
115	6.42	-5.17	0.91
116	9.29	-3.13	0.7
117	14.1	-5.57	0
118	18.59	-1.43	0
119	17.63	0.56	0
120	19.58	-0.9	0.01
121	20.71	-0.19	0
122	22.42	0.62	0
123	21.41	2.12	0.01
124	17.95	3.64	0.39
125	17.01	-0.6	0.1
126	16.18	0.5	0.14
127	19.4	-0.69	0
128	21.49	-0.52	0
129	20.52	0.8	0.09
130	17.78	0.91	0.59
131	11.85	-2.75	0.5
132	7.83	-2.56	0.51
133	8.68	-2.89	0.13
134	14.6	-5.65	0
135	19.56	-2.21	0
136	18.79	0.49	0.06
137	18.68	2.87	0.03
138	17.79	1.18	0.09
139	16.92	0.88	0.21
140	18.29	-1.62	0
141	17.84	0.06	0
142	18.4	0.9	0.06
143	21.11	0.69	0
144	22.42	1.94	0
145	22.73	2.08	0
146	20.88	1.51	0.08
147	22.15	2.11	0
148	21.76	1.3	0
149	20.88	4.28	0
150	20.47	0.44	0
151	14.24	-3.31	0.28
152	17.61	-0.33	0.02
153	19.62	0.32	0.15
154	21.52	2.76	0
155	20.58	1.02	0
156	22.59	1.08	0
157	24.47	4.04	0
158	27.58	5.35	0
159	29.42	6.21	0
160	27.33	6.67	0.02
161	23.59	6.35	0
162	23.21	-0.19	0
163	23.85	0.46	0
164	24.45	3.36	0
165	26.18	4.86	0
166	25.92	3.31	0
167	27.74	3.93	0.04
168	26	4.45	0.03
169	24.36	2.91	0
170	25.47	2.68	0
171	27.98	3.86	0.12
172	25.31	6.63	0
173	26.56	1.65	0
174	29.12	4.63	0
175	26.88	7.11	0.21
176	20.34	3.46	1.22
177	12.77	0.99	0.52
178	17.16	-1.14	0.01
179	22.69	1.29	0
180	25.43	5.15	0
181	26.39	5.25	0
182	25.25	4.97	0
183	27.19	6.99	0
184	29.18	4.51	0
185	29.28	5.28	0
186	30.67	5.31	0
187	31.65	5.81	0
188	31.71	7.6	0
189	30.48	8.64	0
190	29.77	11.24	0.27
191	29.88	9.14	0.05
192	30.64	10.32	0.01
193	28.23	10.5	0.1
194	26.52	7.69	0.12
195	28.02	5.98	0
196	28.99	8.28	0.09
197	29.42	8.25	0.36
198	26.79	10.01	0.34
199	25.51	10.7	0.31
200	23.34	8.54	1
201	21.39	10.12	0.26
202	22.68	10.38	0.18
203	23.02	9.26	0.04
204	21.91	10.57	0.24
205	22.94	8.81	0.04
206	25.01	6.18	0
207	26	8.11	0.02
208	27.16	6.38	0
209	26.19	7.28	0.04
210	22.94	9.75	0.26
211	22.12	4.61	0.37
212	25.83	6.29	0
213	27.88	8.09	0
214	25.37	9.32	0.4
215	24.23	5.19	0
216	25.49	3.21	0
217	27.42	4.63	0
218	28.77	6.31	0.01
219	28.99	7.31	0
220	28.68	4.44	0.33
221	25.72	7.55	0.66
222	26.21	0.4	0
223	25.57	8.79	0.28
224	21.91	0.96	0.3
225	24.26	0.08	0
226	23.99	2.52	0
227	24.22	0.93	0
228	26.79	2.3	0
229	27.84	2.83	0.01
230	26.54	8.01	0.05
231	26.64	6.21	0.06
232	27.61	5.12	0
233	27.26	7.03	0
234	27.45	8.64	0
235	26.02	1.49	0
236	27.3	1.21	0
237	29.06	1.89	0.1
238	30.26	3.52	0
239	28.87	6.52	0.01
240	27.11	8.65	0.06
241	28.78	6.83	0
242	30.25	4.74	0
243	30.02	7.59	0
244	27.14	9.76	0.56
245	25.25	10.01	0.32
246	22.83	6.92	0.52
247	20.85	6.77	0.02
248	22.39	2.27	0
249	22.97	0.17	0
250	19.18	0.6	0.11
251	21.37	0.26	0
252	23.84	5.83	0.01
253	21.91	1.74	0
254	17.72	3.01	0.24
255	16.06	-0.7	0.2
256	19.8	-3.66	0
257	23.66	-1.52	0
258	21.06	5.59	0.14
259	22.4	4.4	0.04
260	21.81	1.15	0
261	20.29	5.8	0.22
262	15.7	4.5	0.16
263	16.65	-2.77	0.03
264	16.29	-2.32	0.2
265	10.11	-0.91	0.62
266	11.29	-6.6	0.01
267	12.84	-1.94	0
268	12.01	-7.22	0
269	16.88	-7.87	0
270	18.94	-2.31	0.07
271	15.6	-2.88	0.39
272	5.82	-8.61	0
273	9.75	-12.83	0
274	14.03	-10.33	0
275	15.56	-5.75	0
276	16.66	-2.01	0
277	13.99	-5.42	0
278	18.25	-9.03	0
279	20.77	-5.49	0.12
280	17.38	-0.84	2.1
281	2.47	-3.78	2.36
282	5.71	-4.3	1.06
283	9.84	-4.84	0.39
284	6.54	-2.43	1.16
285	11.95	-1.47	0.54
286	5.35	-2.65	1.18
287	5.67	-6.83	0
288	11.01	-7.31	0
289	14.75	-5.88	0
290	16.14	-4.67	0
291	14.68	-6.67	0
292	15.75	-4.58	0
293	16.19	-4.01	0.04
294	15.46	-3.35	0.1
295	11.2	-3.24	0.3
296	10.13	-3.66	0
297	14.5	-3.8	0
298	17.35	-4.98	0
299	16.22	-2.85	0
300	16.86	-2.7	0
301	17.16	-3.68	0.11
302	16.37	-4.25	0
303	13.59	-5.34	0.36
304	8.61	-4.36	0.54
305	6.05	-9.92	0
306	7.22	-6.33	0
307	11.31	-2.49	0
308	14.83	-4.66	0
309	12.33	-2.64	1.23
310	3.47	-8.15	0.19
311	6.18	-5.47	0
312	6.01	-3.22	2.29
313	0.87	-5.94	2.38
314	0.07	-8.66	0.17
315	5.31	-7.18	0.18
316	6.4	-3.67	0.45
317	0.97	-11.33	0
318	-5.61	-15.23	0.21
319	-1.94	-11.25	0.17
320	-0.4	-14.77	0.03
321	1.49	-9.63	0.63
322	-1.21	-9.32	1.13
323	-5.31	-14.94	0.57
324	-6.94	-18.38	0.25
325	-5.49	-17.65	0.37
326	-6.33	-21.08	0.06
327	-3.37	-16.63	0.22
328	2.15	-10.6	0.51
329	5.54	-2.07	0.17
330	4.22	-4.55	0.39
331	1.82	-12.51	0
332	0.63	-10.59	0.42
333	-0.52	-5.74	1.12
334	-0.48	-13.53	1.56
335	-6.48	-16.32	0.44
336	-1.98	-10.46	1.21
337	2.65	-4.9	0.48
338	1.31	-11.57	0.28
339	-0.89	-15.39	0
340	0.83	-14.66	0
341	0.03	-16.03	0.01
342	-0.14	-12.41	0.22
343	-4.09	-12.67	0.35
344	-7.38	-20.96	0.04
345	-13.7	-25.36	0
346	-17.3	-29.67	0.47
347	-11.87	-23.09	0.25
348	-7.22	-19.11	0.01
349	-7.58	-23.71	0
350	-5.6	-21.09	0
351	-6.38	-20.95	0
352	-2.23	-13.53	0
353	-4.3	-18.58	0
354	-2.79	-17.82	0
355	-1.7	-17.17	0
356	-2.73	-20.35	0
357	-3.79	-16.41	0
358	-2.35	-14.82	0
359	-3.26	-18.73	0
360	-5.92	-20.69	0
361	-4.73	-20.6	0
362	-3.53	-18.47	0
363	-3.08	-19.1	0
364	-2.43	-16.07	0.19
365	-4.09	-18.54	0
