# weather for site 002_-119.415_39.046 year =  1967
# DOY Tmax(C) Tmin(C) PPT(cm)
1	5.64	-8.85	0.00
2	1.96	-12.96	0.00
3	5.02	-11.22	0.00
4	9.03	-9.59	0.00
5	9.02	-3.96	0.06
6	1.31	-16.17	0.00
7	1.30	-13.68	0.00
8	2.35	-13.78	0.00
9	3.40	-14.29	0.00
10	3.26	-9.14	0.00
11	5.94	-5.80	0.02
12	7.44	-8.12	0.00
13	9.45	-8.48	0.00
14	10.15	-7.91	0.00
15	12.10	-8.35	0.00
16	10.29	-7.15	0.00
17	4.21	-12.42	0.00
18	2.97	-14.61	0.00
19	9.82	-11.73	0.00
20	10.13	-0.45	0.88
21	7.12	0.30	2.69
22	2.32	-6.06	0.56
23	-1.11	-14.07	1.53
24	-0.08	-8.87	2.59
25	0.20	-12.74	0.06
26	4.26	-11.27	0.00
27	7.63	-4.49	0.12
28	6.24	-4.37	1.66
29	6.88	-2.78	1.35
30	5.78	-1.93	0.82
31	5.16	-3.91	0.10
32	5.37	-6.93	0.00
33	4.19	-8.45	0.00
34	5.69	-8.05	0.00
35	7.34	-8.24	0.00
36	9.86	-7.19	0.00
37	9.34	-9.08	0.00
38	7.92	-8.24	0.00
39	8.46	-8.78	0.00
40	11.52	-7.21	0.00
41	11.66	-4.78	0.00
42	11.90	-7.12	0.00
43	11.00	-2.54	0.00
44	11.60	-5.28	0.03
45	9.54	-7.53	0.04
46	2.90	-12.03	0.00
47	5.91	-10.56	0.00
48	9.86	-6.94	0.00
49	11.45	-6.79	0.00
50	10.03	-8.21	0.00
51	3.91	-13.84	0.00
52	9.73	-15.43	0.00
53	11.98	-11.26	0.00
54	12.32	-10.06	0.00
55	13.39	-6.97	0.00
56	10.73	-3.65	0.02
57	9.03	-8.02	0.00
58	11.23	-7.97	0.00
59	16.40	-3.58	0.00
60	16.96	-5.87	0.28
61	13.65	-2.55	0.10
62	10.88	-6.21	0.71
63	-0.42	-8.65	0.53
64	3.77	-11.84	0.00
65	9.46	-9.27	0.00
66	10.24	-7.50	0.00
67	12.76	-8.04	0.00
68	13.50	-4.06	0.00
69	9.18	-0.17	0.38
70	4.27	-3.61	1.49
71	1.09	-5.61	3.13
72	1.34	-6.63	0.86
73	2.93	-10.06	0.02
74	9.56	-8.75	2.16
75	11.63	-0.84	2.99
76	11.80	0.75	0.00
77	10.41	-3.43	0.00
78	9.86	-5.62	0.00
79	10.81	-1.18	0.00
80	13.43	-5.92	0.00
81	15.27	-4.19	0.00
82	14.38	-0.86	0.00
83	8.14	-4.65	0.00
84	8.95	-7.02	0.00
85	8.30	-1.70	0.01
86	10.16	-0.57	0.10
87	10.06	-2.27	0.11
88	2.56	-7.51	0.01
89	3.30	-6.86	0.01
90	2.79	-6.42	0.01
91	2.49	-6.31	0.08
92	2.00	-6.80	0.10
93	7.75	-9.16	0.11
94	9.79	-4.82	0.32
95	6.23	-3.40	0.16
96	8.34	-5.98	0.33
97	8.14	-3.14	0.45
98	7.41	-2.45	0.04
99	11.60	-7.61	0.00
100	10.24	-3.40	0.00
101	5.25	-5.00	0.38
102	7.64	-5.24	0.59
103	12.33	-5.12	0.00
104	9.83	0.43	0.07
105	6.22	-4.57	0.02
106	7.49	-10.43	0.00
107	10.03	-4.47	0.52
108	7.41	-6.54	0.55
109	2.29	-6.34	0.08
110	4.44	-10.36	0.08
111	3.86	-6.07	0.19
112	4.66	-7.92	0.04
113	6.70	-7.33	0.08
114	5.63	-4.35	0.21
115	7.40	-6.52	0.00
116	10.73	-9.32	0.00
117	9.89	-2.18	0.00
118	5.71	-8.08	0.00
119	4.07	-10.33	0.04
120	6.05	-7.05	0.00
121	8.96	-9.81	0.00
122	10.98	-4.16	0.00
123	14.02	-6.24	0.04
124	13.51	-0.04	0.25
125	10.75	-1.67	0.06
126	13.58	-4.12	0.03
127	19.43	-2.42	0.00
128	22.06	1.91	0.00
129	20.23	5.32	0.26
130	11.46	0.11	0.00
131	7.69	-4.69	0.00
132	8.52	-7.86	0.00
133	11.45	-7.05	0.00
134	16.66	-4.98	0.00
135	21.32	-2.45	0.00
136	23.59	0.77	0.00
137	24.79	4.86	0.00
138	24.66	0.52	0.00
139	24.41	0.70	0.00
140	26.09	2.88	0.00
141	28.14	3.28	0.00
142	29.24	4.83	0.00
143	28.60	3.79	0.00
144	26.30	2.77	0.00
145	23.59	1.93	0.00
146	22.04	3.13	0.00
147	21.45	4.36	0.07
148	18.56	2.57	0.00
149	17.82	0.68	0.00
150	16.80	-1.54	0.48
151	12.66	-2.03	0.00
152	9.17	-2.49	0.00
153	11.91	-0.94	0.00
154	17.44	-0.90	0.01
155	19.47	3.01	0.35
156	15.92	3.80	0.97
157	16.04	1.77	0.00
158	18.04	3.81	0.00
159	19.09	1.58	0.00
160	18.92	0.58	0.00
161	19.06	3.21	0.00
162	19.59	2.81	0.00
163	18.61	1.97	0.14
164	16.09	0.75	0.49
165	18.19	0.46	0.00
166	21.71	3.46	0.00
167	22.83	4.62	0.00
168	25.32	6.83	0.00
169	26.65	8.14	0.48
170	26.07	7.60	0.00
171	25.05	5.17	0.00
172	24.99	4.49	0.00
173	23.86	2.73	0.00
174	22.64	4.00	0.00
175	25.85	4.37	0.00
176	28.48	6.51	0.00
177	28.33	8.59	0.00
178	26.50	8.01	0.00
179	26.98	7.37	0.00
180	30.17	7.65	0.00
181	31.29	12.24	0.00
182	33.12	11.64	0.00
183	34.03	11.21	0.00
184	32.19	10.88	0.00
185	28.26	10.19	0.00
186	27.68	10.32	0.00
187	26.98	10.11	0.00
188	27.23	7.00	0.00
189	27.09	6.10	0.00
190	27.72	5.20	0.00
191	29.18	5.85	0.00
192	30.71	7.64	0.00
193	32.84	10.08	0.00
194	32.03	12.32	0.00
195	30.14	11.46	0.01
196	28.93	12.28	0.33
197	25.75	11.79	0.00
198	26.16	8.03	0.70
199	27.20	8.72	0.00
200	27.95	5.63	0.00
201	28.87	5.73	0.00
202	31.12	6.74	0.00
203	30.74	9.02	0.00
204	29.90	8.06	0.00
205	30.80	10.60	0.00
206	30.56	8.54	0.00
207	31.70	6.44	0.00
208	31.72	8.70	0.56
209	30.45	11.73	0.05
210	30.10	9.85	0.00
211	29.11	10.62	0.00
212	28.54	9.93	0.00
213	30.12	10.08	0.00
214	30.52	10.21	0.03
215	30.31	7.91	0.00
216	30.93	7.50	0.00
217	30.59	5.02	0.00
218	30.11	4.25	0.00
219	28.36	2.71	0.00
220	28.64	3.48	0.00
221	29.33	4.79	0.00
222	29.79	6.97	0.00
223	29.79	7.68	0.00
224	30.71	8.63	0.00
225	31.53	8.18	0.00
226	31.85	9.29	0.00
227	31.57	10.57	0.03
228	30.33	8.68	0.00
229	31.89	10.09	0.25
230	33.20	10.81	0.11
231	31.32	9.21	0.17
232	30.78	9.79	0.00
233	30.98	8.80	0.00
234	30.91	6.85	0.00
235	31.26	11.03	0.02
236	30.66	9.15	0.07
237	29.32	7.63	0.01
238	29.08	7.06	0.00
239	28.92	6.46	0.00
240	27.05	8.55	0.00
241	29.42	2.03	0.00
242	30.16	7.34	0.00
243	29.46	6.65	0.00
244	29.62	8.13	0.00
245	30.29	8.88	0.00
246	28.82	9.02	1.06
247	25.77	9.34	0.40
248	25.34	8.93	0.15
249	26.73	7.47	0.00
250	26.90	8.07	0.00
251	26.86	7.50	0.00
252	25.36	5.28	0.00
253	24.14	5.20	0.00
254	24.63	9.84	0.00
255	24.25	3.11	0.00
256	22.11	1.46	0.00
257	21.03	-1.42	0.00
258	22.69	-0.18	0.00
259	24.62	2.40	0.00
260	24.88	4.37	0.75
261	18.26	5.38	0.75
262	19.59	1.44	0.00
263	23.35	3.40	0.00
264	26.17	2.45	0.03
265	24.84	4.43	0.11
266	22.28	5.19	0.05
267	21.55	3.94	0.03
268	23.52	4.48	0.14
269	24.19	3.98	0.00
270	25.75	4.64	0.00
271	26.54	5.86	0.00
272	26.36	7.14	0.00
273	22.68	6.15	0.00
274	20.90	4.58	0.00
275	19.33	2.43	0.24
276	18.06	2.73	0.00
277	18.17	-2.05	0.00
278	18.00	-0.15	0.00
279	14.25	-7.04	0.00
280	17.60	-6.06	0.00
281	20.48	-4.36	0.00
282	22.11	-3.30	0.00
283	22.33	-3.76	0.00
284	23.51	-2.92	0.00
285	23.26	1.68	0.00
286	23.33	-1.36	0.00
287	22.89	-1.45	0.00
288	14.44	-8.97	0.00
289	18.53	-8.32	0.00
290	20.86	-7.47	0.00
291	21.57	-6.82	0.00
292	20.45	-6.81	0.00
293	21.23	-7.22	0.00
294	21.77	-4.51	0.00
295	19.23	-3.41	0.00
296	19.63	-2.10	0.00
297	19.66	-4.63	0.00
298	18.76	-0.25	0.00
299	18.15	-7.98	0.00
300	19.07	-7.43	0.00
301	18.15	-5.31	0.00
302	16.75	-10.52	0.00
303	14.43	-10.58	0.00
304	17.51	-9.20	0.00
305	19.67	-8.25	0.00
306	18.33	-6.39	0.00
307	17.77	-8.96	0.00
308	19.22	-5.96	0.00
309	17.34	0.30	0.00
310	14.67	-7.02	0.00
311	15.65	-5.47	0.00
312	17.63	-4.67	0.00
313	16.17	-4.38	0.00
314	15.90	-6.12	0.00
315	15.82	-8.43	0.00
316	14.05	-6.12	0.00
317	13.66	-1.88	0.00
318	15.42	3.05	0.00
319	14.08	-6.07	0.00
320	12.61	-5.51	0.00
321	12.81	-4.55	0.09
322	13.89	-3.87	0.47
323	11.47	-4.84	1.16
324	7.09	-0.16	0.00
325	5.84	-6.04	0.00
326	5.13	-12.36	0.00
327	6.83	-10.97	0.00
328	11.75	-11.37	0.00
329	11.74	-10.10	0.00
330	8.94	-13.28	0.00
331	8.86	-14.17	0.06
332	9.14	-7.67	0.06
333	5.40	-10.30	0.59
334	5.24	-11.10	0.24
335	2.74	-12.32	0.00
336	4.27	-14.91	0.00
337	8.83	-12.97	0.00
338	9.00	-6.75	1.43
339	7.01	-5.36	0.25
340	4.09	-11.23	0.11
341	4.69	-7.94	0.00
342	3.78	-7.95	0.00
343	1.27	-13.73	0.00
344	4.88	-14.00	0.00
345	7.51	-15.50	0.00
346	5.32	-11.20	0.00
347	-5.93	-17.13	0.00
348	-8.48	-19.77	0.00
349	-4.34	-19.39	0.00
350	0.20	-18.24	0.00
351	-0.85	-17.15	0.27
352	-1.09	-11.86	0.11
353	-2.51	-13.59	0.70
354	-3.04	-16.39	0.01
355	-3.02	-21.12	0.00
356	-1.49	-17.74	0.00
357	2.33	-17.52	0.00
358	3.86	-16.35	0.00
359	5.69	-14.87	0.00
360	8.60	-13.68	0.00
361	10.08	-8.20	0.00
362	8.35	-10.19	0.00
363	4.30	-11.11	0.00
364	4.65	-14.39	0.00
365	4.30	-14.49	0.00
